function accent_r = accent_r()
accent_r = [ ... 
       4.000000e-01 4.000000e-01 4.000000e-01 
       4.000000e-01 4.000000e-01 4.000000e-01 
       4.000000e-01 4.000000e-01 4.000000e-01 
       4.000000e-01 4.000000e-01 4.000000e-01 
       4.000000e-01 4.000000e-01 4.000000e-01 
       4.000000e-01 4.000000e-01 4.000000e-01 
       4.000000e-01 4.000000e-01 4.000000e-01 
       4.000000e-01 4.000000e-01 4.000000e-01 
       4.000000e-01 4.000000e-01 4.000000e-01 
       4.000000e-01 4.000000e-01 4.000000e-01 
       4.000000e-01 4.000000e-01 4.000000e-01 
       4.000000e-01 4.000000e-01 4.000000e-01 
       4.000000e-01 4.000000e-01 4.000000e-01 
       4.000000e-01 4.000000e-01 4.000000e-01 
       4.000000e-01 4.000000e-01 4.000000e-01 
       4.000000e-01 4.000000e-01 4.000000e-01 
       4.000000e-01 4.000000e-01 4.000000e-01 
       4.000000e-01 4.000000e-01 4.000000e-01 
       4.000000e-01 4.000000e-01 4.000000e-01 
       4.000000e-01 4.000000e-01 4.000000e-01 
       4.000000e-01 4.000000e-01 4.000000e-01 
       4.000000e-01 4.000000e-01 4.000000e-01 
       4.000000e-01 4.000000e-01 4.000000e-01 
       4.000000e-01 4.000000e-01 4.000000e-01 
       4.000000e-01 4.000000e-01 4.000000e-01 
       4.000000e-01 4.000000e-01 4.000000e-01 
       4.000000e-01 4.000000e-01 4.000000e-01 
       4.000000e-01 4.000000e-01 4.000000e-01 
       4.000000e-01 4.000000e-01 4.000000e-01 
       4.000000e-01 4.000000e-01 4.000000e-01 
       4.000000e-01 4.000000e-01 4.000000e-01 
       4.000000e-01 4.000000e-01 4.000000e-01 
       7.490196e-01 3.568627e-01 9.019608e-02 
       7.490196e-01 3.568627e-01 9.019608e-02 
       7.490196e-01 3.568627e-01 9.019608e-02 
       7.490196e-01 3.568627e-01 9.019608e-02 
       7.490196e-01 3.568627e-01 9.019608e-02 
       7.490196e-01 3.568627e-01 9.019608e-02 
       7.490196e-01 3.568627e-01 9.019608e-02 
       7.490196e-01 3.568627e-01 9.019608e-02 
       7.490196e-01 3.568627e-01 9.019608e-02 
       7.490196e-01 3.568627e-01 9.019608e-02 
       7.490196e-01 3.568627e-01 9.019608e-02 
       7.490196e-01 3.568627e-01 9.019608e-02 
       7.490196e-01 3.568627e-01 9.019608e-02 
       7.490196e-01 3.568627e-01 9.019608e-02 
       7.490196e-01 3.568627e-01 9.019608e-02 
       7.490196e-01 3.568627e-01 9.019608e-02 
       7.490196e-01 3.568627e-01 9.019608e-02 
       7.490196e-01 3.568627e-01 9.019608e-02 
       7.490196e-01 3.568627e-01 9.019608e-02 
       7.490196e-01 3.568627e-01 9.019608e-02 
       7.490196e-01 3.568627e-01 9.019608e-02 
       7.490196e-01 3.568627e-01 9.019608e-02 
       7.490196e-01 3.568627e-01 9.019608e-02 
       7.490196e-01 3.568627e-01 9.019608e-02 
       7.490196e-01 3.568627e-01 9.019608e-02 
       7.490196e-01 3.568627e-01 9.019608e-02 
       7.490196e-01 3.568627e-01 9.019608e-02 
       7.490196e-01 3.568627e-01 9.019608e-02 
       7.490196e-01 3.568627e-01 9.019608e-02 
       7.490196e-01 3.568627e-01 9.019608e-02 
       7.490196e-01 3.568627e-01 9.019608e-02 
       7.490196e-01 3.568627e-01 9.019608e-02 
       9.411765e-01 7.843137e-03 4.980392e-01 
       9.411765e-01 7.843137e-03 4.980392e-01 
       9.411765e-01 7.843137e-03 4.980392e-01 
       9.411765e-01 7.843137e-03 4.980392e-01 
       9.411765e-01 7.843137e-03 4.980392e-01 
       9.411765e-01 7.843137e-03 4.980392e-01 
       9.411765e-01 7.843137e-03 4.980392e-01 
       9.411765e-01 7.843137e-03 4.980392e-01 
       9.411765e-01 7.843137e-03 4.980392e-01 
       9.411765e-01 7.843137e-03 4.980392e-01 
       9.411765e-01 7.843137e-03 4.980392e-01 
       9.411765e-01 7.843137e-03 4.980392e-01 
       9.411765e-01 7.843137e-03 4.980392e-01 
       9.411765e-01 7.843137e-03 4.980392e-01 
       9.411765e-01 7.843137e-03 4.980392e-01 
       9.411765e-01 7.843137e-03 4.980392e-01 
       9.411765e-01 7.843137e-03 4.980392e-01 
       9.411765e-01 7.843137e-03 4.980392e-01 
       9.411765e-01 7.843137e-03 4.980392e-01 
       9.411765e-01 7.843137e-03 4.980392e-01 
       9.411765e-01 7.843137e-03 4.980392e-01 
       9.411765e-01 7.843137e-03 4.980392e-01 
       9.411765e-01 7.843137e-03 4.980392e-01 
       9.411765e-01 7.843137e-03 4.980392e-01 
       9.411765e-01 7.843137e-03 4.980392e-01 
       9.411765e-01 7.843137e-03 4.980392e-01 
       9.411765e-01 7.843137e-03 4.980392e-01 
       9.411765e-01 7.843137e-03 4.980392e-01 
       9.411765e-01 7.843137e-03 4.980392e-01 
       9.411765e-01 7.843137e-03 4.980392e-01 
       9.411765e-01 7.843137e-03 4.980392e-01 
       9.411765e-01 7.843137e-03 4.980392e-01 
       2.196078e-01 4.235294e-01 6.901961e-01 
       2.196078e-01 4.235294e-01 6.901961e-01 
       2.196078e-01 4.235294e-01 6.901961e-01 
       2.196078e-01 4.235294e-01 6.901961e-01 
       2.196078e-01 4.235294e-01 6.901961e-01 
       2.196078e-01 4.235294e-01 6.901961e-01 
       2.196078e-01 4.235294e-01 6.901961e-01 
       2.196078e-01 4.235294e-01 6.901961e-01 
       2.196078e-01 4.235294e-01 6.901961e-01 
       2.196078e-01 4.235294e-01 6.901961e-01 
       2.196078e-01 4.235294e-01 6.901961e-01 
       2.196078e-01 4.235294e-01 6.901961e-01 
       2.196078e-01 4.235294e-01 6.901961e-01 
       2.196078e-01 4.235294e-01 6.901961e-01 
       2.196078e-01 4.235294e-01 6.901961e-01 
       2.196078e-01 4.235294e-01 6.901961e-01 
       2.196078e-01 4.235294e-01 6.901961e-01 
       2.196078e-01 4.235294e-01 6.901961e-01 
       2.196078e-01 4.235294e-01 6.901961e-01 
       2.196078e-01 4.235294e-01 6.901961e-01 
       2.196078e-01 4.235294e-01 6.901961e-01 
       2.196078e-01 4.235294e-01 6.901961e-01 
       2.196078e-01 4.235294e-01 6.901961e-01 
       2.196078e-01 4.235294e-01 6.901961e-01 
       2.196078e-01 4.235294e-01 6.901961e-01 
       2.196078e-01 4.235294e-01 6.901961e-01 
       2.196078e-01 4.235294e-01 6.901961e-01 
       2.196078e-01 4.235294e-01 6.901961e-01 
       2.196078e-01 4.235294e-01 6.901961e-01 
       2.196078e-01 4.235294e-01 6.901961e-01 
       2.196078e-01 4.235294e-01 6.901961e-01 
       2.196078e-01 4.235294e-01 6.901961e-01 
       1 1 6.000000e-01 
       1 1 6.000000e-01 
       1 1 6.000000e-01 
       1 1 6.000000e-01 
       1 1 6.000000e-01 
       1 1 6.000000e-01 
       1 1 6.000000e-01 
       1 1 6.000000e-01 
       1 1 6.000000e-01 
       1 1 6.000000e-01 
       1 1 6.000000e-01 
       1 1 6.000000e-01 
       1 1 6.000000e-01 
       1 1 6.000000e-01 
       1 1 6.000000e-01 
       1 1 6.000000e-01 
       1 1 6.000000e-01 
       1 1 6.000000e-01 
       1 1 6.000000e-01 
       1 1 6.000000e-01 
       1 1 6.000000e-01 
       1 1 6.000000e-01 
       1 1 6.000000e-01 
       1 1 6.000000e-01 
       1 1 6.000000e-01 
       1 1 6.000000e-01 
       1 1 6.000000e-01 
       1 1 6.000000e-01 
       1 1 6.000000e-01 
       1 1 6.000000e-01 
       1 1 6.000000e-01 
       1 1 6.000000e-01 
       9.921569e-01 7.529412e-01 5.254902e-01 
       9.921569e-01 7.529412e-01 5.254902e-01 
       9.921569e-01 7.529412e-01 5.254902e-01 
       9.921569e-01 7.529412e-01 5.254902e-01 
       9.921569e-01 7.529412e-01 5.254902e-01 
       9.921569e-01 7.529412e-01 5.254902e-01 
       9.921569e-01 7.529412e-01 5.254902e-01 
       9.921569e-01 7.529412e-01 5.254902e-01 
       9.921569e-01 7.529412e-01 5.254902e-01 
       9.921569e-01 7.529412e-01 5.254902e-01 
       9.921569e-01 7.529412e-01 5.254902e-01 
       9.921569e-01 7.529412e-01 5.254902e-01 
       9.921569e-01 7.529412e-01 5.254902e-01 
       9.921569e-01 7.529412e-01 5.254902e-01 
       9.921569e-01 7.529412e-01 5.254902e-01 
       9.921569e-01 7.529412e-01 5.254902e-01 
       9.921569e-01 7.529412e-01 5.254902e-01 
       9.921569e-01 7.529412e-01 5.254902e-01 
       9.921569e-01 7.529412e-01 5.254902e-01 
       9.921569e-01 7.529412e-01 5.254902e-01 
       9.921569e-01 7.529412e-01 5.254902e-01 
       9.921569e-01 7.529412e-01 5.254902e-01 
       9.921569e-01 7.529412e-01 5.254902e-01 
       9.921569e-01 7.529412e-01 5.254902e-01 
