function afmhot = afmhot()
afmhot = [ ... 
       0 0 0 
       7.843137e-03 0 0 
       1.568627e-02 0 0 
       2.352941e-02 0 0 
       3.137255e-02 0 0 
       3.921569e-02 0 0 
       4.705882e-02 0 0 
       5.490196e-02 0 0 
       6.274510e-02 0 0 
       7.058824e-02 0 0 
       7.843137e-02 0 0 
       8.627451e-02 0 0 
       9.411765e-02 0 0 
       1.019608e-01 0 0 
       1.098039e-01 0 0 
       1.176471e-01 0 0 
       1.254902e-01 0 0 
       1.333333e-01 0 0 
       1.411765e-01 0 0 
       1.490196e-01 0 0 
       1.568627e-01 0 0 
       1.647059e-01 0 0 
       1.725490e-01 0 0 
       1.803922e-01 0 0 
       1.882353e-01 0 0 
       1.960784e-01 0 0 
       2.039216e-01 0 0 
       2.117647e-01 0 0 
       2.196078e-01 0 0 
       2.274510e-01 0 0 
       2.352941e-01 0 0 
       2.431373e-01 0 0 
       2.509804e-01 0 0 
       2.588235e-01 0 0 
       2.666667e-01 0 0 
       2.745098e-01 0 0 
       2.823529e-01 0 0 
       2.901961e-01 0 0 
       2.980392e-01 0 0 
       3.058824e-01 0 0 
       3.137255e-01 0 0 
       3.215686e-01 0 0 
       3.294118e-01 0 0 
       3.372549e-01 0 0 
       3.450980e-01 0 0 
       3.529412e-01 0 0 
       3.607843e-01 0 0 
       3.686275e-01 0 0 
       3.764706e-01 0 0 
       3.843137e-01 0 0 
       3.921569e-01 0 0 
       4.000000e-01 0 0 
       4.078431e-01 0 0 
       4.156863e-01 0 0 
       4.235294e-01 0 0 
       4.313725e-01 0 0 
       4.392157e-01 0 0 
       4.470588e-01 0 0 
       4.549020e-01 0 0 
       4.627451e-01 0 0 
       4.705882e-01 0 0 
       4.784314e-01 0 0 
       4.862745e-01 0 0 
       4.941176e-01 0 0 
       5.019608e-01 1.960784e-03 0 
       5.098039e-01 9.803922e-03 0 
       5.176471e-01 1.764706e-02 0 
       5.254902e-01 2.549020e-02 0 
       5.333333e-01 3.333333e-02 0 
       5.411765e-01 4.117647e-02 0 
       5.490196e-01 4.901961e-02 0 
       5.568627e-01 5.686275e-02 0 
       5.647059e-01 6.470588e-02 0 
       5.725490e-01 7.254902e-02 0 
       5.803922e-01 8.039216e-02 0 
       5.882353e-01 8.823529e-02 0 
       5.960784e-01 9.607843e-02 0 
       6.039216e-01 1.039216e-01 0 
       6.117647e-01 1.117647e-01 0 
       6.196078e-01 1.196078e-01 0 
       6.274510e-01 1.274510e-01 0 
       6.352941e-01 1.352941e-01 0 
       6.431373e-01 1.431373e-01 0 
       6.509804e-01 1.509804e-01 0 
       6.588235e-01 1.588235e-01 0 
       6.666667e-01 1.666667e-01 0 
       6.745098e-01 1.745098e-01 0 
       6.823529e-01 1.823529e-01 0 
       6.901961e-01 1.901961e-01 0 
       6.980392e-01 1.980392e-01 0 
       7.058824e-01 2.058824e-01 0 
       7.137255e-01 2.137255e-01 0 
       7.215686e-01 2.215686e-01 0 
       7.294118e-01 2.294118e-01 0 
       7.372549e-01 2.372549e-01 0 
       7.450980e-01 2.450980e-01 0 
       7.529412e-01 2.529412e-01 0 
       7.607843e-01 2.607843e-01 0 
       7.686275e-01 2.686275e-01 0 
       7.764706e-01 2.764706e-01 0 
       7.843137e-01 2.843137e-01 0 
       7.921569e-01 2.921569e-01 0 
       8.000000e-01 3.000000e-01 0 
       8.078431e-01 3.078431e-01 0 
       8.156863e-01 3.156863e-01 0 
       8.235294e-01 3.235294e-01 0 
       8.313725e-01 3.313725e-01 0 
       8.392157e-01 3.392157e-01 0 
       8.470588e-01 3.470588e-01 0 
       8.549020e-01 3.549020e-01 0 
       8.627451e-01 3.627451e-01 0 
       8.705882e-01 3.705882e-01 0 
       8.784314e-01 3.784314e-01 0 
       8.862745e-01 3.862745e-01 0 
       8.941176e-01 3.941176e-01 0 
       9.019608e-01 4.019608e-01 0 
       9.098039e-01 4.098039e-01 0 
       9.176471e-01 4.176471e-01 0 
       9.254902e-01 4.254902e-01 0 
       9.333333e-01 4.333333e-01 0 
       9.411765e-01 4.411765e-01 0 
       9.490196e-01 4.490196e-01 0 
       9.568627e-01 4.568627e-01 0 
       9.647059e-01 4.647059e-01 0 
       9.725490e-01 4.725490e-01 0 
       9.803922e-01 4.803922e-01 0 
       9.882353e-01 4.882353e-01 0 
       9.960784e-01 4.960784e-01 0 
       1 5.039216e-01 3.921569e-03 
       1 5.117647e-01 1.176471e-02 
       1 5.196078e-01 1.960784e-02 
       1 5.274510e-01 2.745098e-02 
       1 5.352941e-01 3.529412e-02 
       1 5.431373e-01 4.313725e-02 
       1 5.509804e-01 5.098039e-02 
       1 5.588235e-01 5.882353e-02 
       1 5.666667e-01 6.666667e-02 
       1 5.745098e-01 7.450980e-02 
       1 5.823529e-01 8.235294e-02 
       1 5.901961e-01 9.019608e-02 
       1 5.980392e-01 9.803922e-02 
       1 6.058824e-01 1.058824e-01 
       1 6.137255e-01 1.137255e-01 
       1 6.215686e-01 1.215686e-01 
       1 6.294118e-01 1.294118e-01 
       1 6.372549e-01 1.372549e-01 
       1 6.450980e-01 1.450980e-01 
       1 6.529412e-01 1.529412e-01 
       1 6.607843e-01 1.607843e-01 
       1 6.686275e-01 1.686275e-01 
       1 6.764706e-01 1.764706e-01 
       1 6.843137e-01 1.843137e-01 
       1 6.921569e-01 1.921569e-01 
       1 7.000000e-01 2.000000e-01 
       1 7.078431e-01 2.078431e-01 
       1 7.156863e-01 2.156863e-01 
       1 7.235294e-01 2.235294e-01 
       1 7.313725e-01 2.313725e-01 
       1 7.392157e-01 2.392157e-01 
       1 7.470588e-01 2.470588e-01 
       1 7.549020e-01 2.549020e-01 
       1 7.627451e-01 2.627451e-01 
       1 7.705882e-01 2.705882e-01 
       1 7.784314e-01 2.784314e-01 
       1 7.862745e-01 2.862745e-01 
       1 7.941176e-01 2.941176e-01 
       1 8.019608e-01 3.019608e-01 
       1 8.098039e-01 3.098039e-01 
       1 8.176471e-01 3.176471e-01 
       1 8.254902e-01 3.254902e-01 
       1 8.333333e-01 3.333333e-01 
       1 8.411765e-01 3.411765e-01 
       1 8.490196e-01 3.490196e-01 
       1 8.568627e-01 3.568627e-01 
       1 8.647059e-01 3.647059e-01 
       1 8.725490e-01 3.725490e-01 
       1 8.803922e-01 3.803922e-01 
       1 8.882353e-01 3.882353e-01 
       1 8.960784e-01 3.960784e-01 
       1 9.039216e-01 4.039216e-01 
       1 9.117647e-01 4.117647e-01 
       1 9.196078e-01 4.196078e-01 
       1 9.274510e-01 4.274510e-01 
       1 9.352941e-01 4.352941e-01 
       1 9.431373e-01 4.431373e-01 
       1 9.509804e-01 4.509804e-01 
       1 9.588235e-01 4.588235e-01 
       1 9.666667e-01 4.666667e-01 
       1 9.745098e-01 4.745098e-01 
       1 9.823529e-01 4.823529e-01 
       1 9.901961e-01 4.901961e-01 
       1 9.980392e-01 4.980392e-01 
       1 1 5.058824e-01 
       1 1 5.137255e-01 
       1 1 5.215686e-01 
       1 1 5.294118e-01 
       1 1 5.372549e-01 
       1 1 5.450980e-01 
       1 1 5.529412e-01 
       1 1 5.607843e-01 
       1 1 5.686275e-01 
       1 1 5.764706e-01 
       1 1 5.843137e-01 
       1 1 5.921569e-01 
       1 1 6.000000e-01 
       1 1 6.078431e-01 
       1 1 6.156863e-01 
       1 1 6.235294e-01 
       1 1 6.313725e-01 
       1 1 6.392157e-01 
       1 1 6.470588e-01 
       1 1 6.549020e-01 
       1 1 6.627451e-01 
       1 1 6.705882e-01 
       1 1 6.784314e-01 
       1 1 6.862745e-01 
       1 1 6.941176e-01 
       1 1 7.019608e-01 
       1 1 7.098039e-01 
       1 1 7.176471e-01 
       1 1 7.254902e-01 
       1 1 7.333333e-01 
       1 1 7.411765e-01 
       1 1 7.490196e-01 
       1 1 7.568627e-01 
       1 1 7.647059e-01 
       1 1 7.725490e-01 
       1 1 7.803922e-01 
       1 1 7.882353e-01 
       1 1 7.960784e-01 
       1 1 8.039216e-01 
       1 1 8.117647e-01 
       1 1 8.196078e-01 
       1 1 8.274510e-01 
       1 1 8.352941e-01 
       1 1 8.431373e-01 
       1 1 8.509804e-01 
       1 1 8.588235e-01 
       1 1 8.666667e-01 
       1 1 8.745098e-01 
       1 1 8.823529e-01 
       1 1 8.901961e-01 
       1 1 8.980392e-01 
       1 1 9.058824e-01 
       1 1 9.137255e-01 
       1 1 9.215686e-01 
       1 1 9.294118e-01 
       1 1 9.372549e-01 
       1 1 9.450980e-01 
       1 1 9.529412e-01 
       1 1 9.607843e-01 
       1 1 9.686275e-01 
       1 1 9.764706e-01 
       1 1 9.843137e-01 
       1 1 9.921569e-01 
       1 1 1 ] ; 
