function blues = blues()
blues = [ ... 
       9.686275e-01 9.843137e-01 1 
       9.655517e-01 9.823453e-01 9.990158e-01 
       9.624760e-01 9.803768e-01 9.980315e-01 
       9.594002e-01 9.784083e-01 9.970473e-01 
       9.563245e-01 9.764398e-01 9.960631e-01 
       9.532488e-01 9.744714e-01 9.950788e-01 
       9.501730e-01 9.725029e-01 9.940946e-01 
       9.470973e-01 9.705344e-01 9.931103e-01 
       9.440215e-01 9.685659e-01 9.921261e-01 
       9.409458e-01 9.665975e-01 9.911419e-01 
       9.378700e-01 9.646290e-01 9.901576e-01 
       9.347943e-01 9.626605e-01 9.891734e-01 
       9.317186e-01 9.606920e-01 9.881892e-01 
       9.286428e-01 9.587236e-01 9.872049e-01 
       9.255671e-01 9.567551e-01 9.862207e-01 
       9.224913e-01 9.547866e-01 9.852364e-01 
       9.194156e-01 9.528181e-01 9.842522e-01 
       9.163399e-01 9.508497e-01 9.832680e-01 
       9.132641e-01 9.488812e-01 9.822837e-01 
       9.101884e-01 9.469127e-01 9.812995e-01 
       9.071126e-01 9.449443e-01 9.803153e-01 
       9.040369e-01 9.429758e-01 9.793310e-01 
       9.009612e-01 9.410073e-01 9.783468e-01 
       8.978854e-01 9.390388e-01 9.773626e-01 
       8.948097e-01 9.370704e-01 9.763783e-01 
       8.917339e-01 9.351019e-01 9.753941e-01 
       8.886582e-01 9.331334e-01 9.744098e-01 
       8.855825e-01 9.311649e-01 9.734256e-01 
       8.825067e-01 9.291965e-01 9.724414e-01 
       8.794310e-01 9.272280e-01 9.714571e-01 
       8.763552e-01 9.252595e-01 9.704729e-01 
       8.732795e-01 9.232910e-01 9.694887e-01 
       8.702191e-01 9.213226e-01 9.685044e-01 
       8.672664e-01 9.193541e-01 9.675202e-01 
       8.643137e-01 9.173856e-01 9.665359e-01 
       8.613610e-01 9.154171e-01 9.655517e-01 
       8.584083e-01 9.134487e-01 9.645675e-01 
       8.554556e-01 9.114802e-01 9.635832e-01 
       8.525029e-01 9.095117e-01 9.625990e-01 
       8.495502e-01 9.075433e-01 9.616148e-01 
       8.465975e-01 9.055748e-01 9.606305e-01 
       8.436448e-01 9.036063e-01 9.596463e-01 
       8.406920e-01 9.016378e-01 9.586621e-01 
       8.377393e-01 8.996694e-01 9.576778e-01 
       8.347866e-01 8.977009e-01 9.566936e-01 
       8.318339e-01 8.957324e-01 9.557093e-01 
       8.288812e-01 8.937639e-01 9.547251e-01 
       8.259285e-01 8.917955e-01 9.537409e-01 
       8.229758e-01 8.898270e-01 9.527566e-01 
       8.200231e-01 8.878585e-01 9.517724e-01 
       8.170704e-01 8.858900e-01 9.507882e-01 
       8.141176e-01 8.839216e-01 9.498039e-01 
       8.111649e-01 8.819531e-01 9.488197e-01 
       8.082122e-01 8.799846e-01 9.478354e-01 
       8.052595e-01 8.780161e-01 9.468512e-01 
       8.023068e-01 8.760477e-01 9.458670e-01 
       7.993541e-01 8.740792e-01 9.448827e-01 
       7.964014e-01 8.721107e-01 9.438985e-01 
       7.934487e-01 8.701423e-01 9.429143e-01 
       7.904960e-01 8.681738e-01 9.419300e-01 
       7.875433e-01 8.662053e-01 9.409458e-01 
       7.845905e-01 8.642368e-01 9.399616e-01 
       7.816378e-01 8.622684e-01 9.389773e-01 
       7.786851e-01 8.602999e-01 9.379931e-01 
       7.752403e-01 8.583007e-01 9.368243e-01 
       7.703191e-01 8.562092e-01 9.351019e-01 
       7.653979e-01 8.541176e-01 9.333795e-01 
       7.604767e-01 8.520261e-01 9.316571e-01 
       7.555556e-01 8.499346e-01 9.299346e-01 
       7.506344e-01 8.478431e-01 9.282122e-01 
       7.457132e-01 8.457516e-01 9.264898e-01 
       7.407920e-01 8.436601e-01 9.247674e-01 
       7.358708e-01 8.415686e-01 9.230450e-01 
       7.309496e-01 8.394771e-01 9.213226e-01 
       7.260285e-01 8.373856e-01 9.196002e-01 
       7.211073e-01 8.352941e-01 9.178777e-01 
       7.161861e-01 8.332026e-01 9.161553e-01 
       7.112649e-01 8.311111e-01 9.144329e-01 
       7.063437e-01 8.290196e-01 9.127105e-01 
       7.014225e-01 8.269281e-01 9.109881e-01 
       6.965013e-01 8.248366e-01 9.092657e-01 
       6.915802e-01 8.227451e-01 9.075433e-01 
       6.866590e-01 8.206536e-01 9.058208e-01 
       6.817378e-01 8.185621e-01 9.040984e-01 
       6.768166e-01 8.164706e-01 9.023760e-01 
       6.718954e-01 8.143791e-01 9.006536e-01 
       6.669742e-01 8.122876e-01 8.989312e-01 
       6.620531e-01 8.101961e-01 8.972088e-01 
       6.571319e-01 8.081046e-01 8.954864e-01 
       6.522107e-01 8.060131e-01 8.937639e-01 
       6.472895e-01 8.039216e-01 8.920415e-01 
       6.423683e-01 8.018301e-01 8.903191e-01 
       6.374471e-01 7.997386e-01 8.885967e-01 
       6.325260e-01 7.976471e-01 8.868743e-01 
       6.276048e-01 7.955556e-01 8.851519e-01 
       6.226836e-01 7.934641e-01 8.834295e-01 
       6.172549e-01 7.908651e-01 8.818454e-01 
       6.109804e-01 7.874202e-01 8.804921e-01 
       6.047059e-01 7.839754e-01 8.791388e-01 
       5.984314e-01 7.805306e-01 8.777855e-01 
       5.921569e-01 7.770857e-01 8.764321e-01 
       5.858824e-01 7.736409e-01 8.750788e-01 
       5.796078e-01 7.701961e-01 8.737255e-01 
       5.733333e-01 7.667512e-01 8.723722e-01 
       5.670588e-01 7.633064e-01 8.710188e-01 
       5.607843e-01 7.598616e-01 8.696655e-01 
       5.545098e-01 7.564168e-01 8.683122e-01 
       5.482353e-01 7.529719e-01 8.669589e-01 
       5.419608e-01 7.495271e-01 8.656055e-01 
       5.356863e-01 7.460823e-01 8.642522e-01 
       5.294118e-01 7.426374e-01 8.628989e-01 
       5.231373e-01 7.391926e-01 8.615456e-01 
       5.168627e-01 7.357478e-01 8.601922e-01 
       5.105882e-01 7.323030e-01 8.588389e-01 
       5.043137e-01 7.288581e-01 8.574856e-01 
       4.980392e-01 7.254133e-01 8.561323e-01 
       4.917647e-01 7.219685e-01 8.547789e-01 
       4.854902e-01 7.185236e-01 8.534256e-01 
       4.792157e-01 7.150788e-01 8.520723e-01 
       4.729412e-01 7.116340e-01 8.507190e-01 
       4.666667e-01 7.081892e-01 8.493656e-01 
       4.603922e-01 7.047443e-01 8.480123e-01 
       4.541176e-01 7.012995e-01 8.466590e-01 
       4.478431e-01 6.978547e-01 8.453057e-01 
       4.415686e-01 6.944098e-01 8.439523e-01 
       4.352941e-01 6.909650e-01 8.425990e-01 
       4.290196e-01 6.875202e-01 8.412457e-01 
       4.227451e-01 6.840754e-01 8.398923e-01 
       4.170857e-01 6.806305e-01 8.382314e-01 
       4.120415e-01 6.771857e-01 8.362630e-01 
       4.069973e-01 6.737409e-01 8.342945e-01 
       4.019531e-01 6.702960e-01 8.323260e-01 
       3.969089e-01 6.668512e-01 8.303576e-01 
       3.918647e-01 6.634064e-01 8.283891e-01 
       3.868205e-01 6.599616e-01 8.264206e-01 
       3.817762e-01 6.565167e-01 8.244521e-01 
       3.767320e-01 6.530719e-01 8.224837e-01 
       3.716878e-01 6.496271e-01 8.205152e-01 
       3.666436e-01 6.461822e-01 8.185467e-01 
       3.615994e-01 6.427374e-01 8.165782e-01 
       3.565552e-01 6.392926e-01 8.146098e-01 
       3.515110e-01 6.358478e-01 8.126413e-01 
       3.464667e-01 6.324029e-01 8.106728e-01 
       3.414225e-01 6.289581e-01 8.087043e-01 
       3.363783e-01 6.255133e-01 8.067359e-01 
       3.313341e-01 6.220684e-01 8.047674e-01 
       3.262899e-01 6.186236e-01 8.027989e-01 
       3.212457e-01 6.151788e-01 8.008304e-01 
       3.162015e-01 6.117339e-01 7.988620e-01 
       3.111572e-01 6.082891e-01 7.968935e-01 
       3.061130e-01 6.048443e-01 7.949250e-01 
       3.010688e-01 6.013995e-01 7.929566e-01 
       2.960246e-01 5.979546e-01 7.909881e-01 
       2.909804e-01 5.945098e-01 7.890196e-01 
       2.859362e-01 5.910650e-01 7.870511e-01 
       2.808920e-01 5.876201e-01 7.850827e-01 
       2.758478e-01 5.841753e-01 7.831142e-01 
       2.708035e-01 5.807305e-01 7.811457e-01 
       2.657593e-01 5.772857e-01 7.791772e-01 
       2.607151e-01 5.738408e-01 7.772088e-01 
       2.562860e-01 5.700115e-01 7.751634e-01 
       2.522261e-01 5.659516e-01 7.730719e-01 
       2.481661e-01 5.618916e-01 7.709804e-01 
       2.441061e-01 5.578316e-01 7.688889e-01 
       2.400461e-01 5.537716e-01 7.667974e-01 
       2.359862e-01 5.497116e-01 7.647059e-01 
       2.319262e-01 5.456517e-01 7.626144e-01 
       2.278662e-01 5.415917e-01 7.605229e-01 
       2.238062e-01 5.375317e-01 7.584314e-01 
