function bone_r = bone_r()
bone_r = [ ... 
       1 1 1 
       9.946385e-01 9.965686e-01 9.965686e-01 
       9.892770e-01 9.931373e-01 9.931373e-01 
       9.839154e-01 9.897059e-01 9.897059e-01 
       9.785539e-01 9.862745e-01 9.862745e-01 
       9.731924e-01 9.828431e-01 9.828431e-01 
       9.678309e-01 9.794118e-01 9.794118e-01 
       9.624693e-01 9.759804e-01 9.759804e-01 
       9.571078e-01 9.725490e-01 9.725490e-01 
       9.517463e-01 9.691176e-01 9.691176e-01 
       9.463848e-01 9.656863e-01 9.656863e-01 
       9.410233e-01 9.622549e-01 9.622549e-01 
       9.356617e-01 9.588235e-01 9.588235e-01 
       9.303002e-01 9.553922e-01 9.553921e-01 
       9.249387e-01 9.519608e-01 9.519608e-01 
       9.195772e-01 9.485294e-01 9.485294e-01 
       9.142157e-01 9.450980e-01 9.450980e-01 
       9.088541e-01 9.416667e-01 9.416667e-01 
       9.034926e-01 9.382353e-01 9.382353e-01 
       8.981311e-01 9.348039e-01 9.348039e-01 
       8.927696e-01 9.313725e-01 9.313725e-01 
       8.874080e-01 9.279412e-01 9.279412e-01 
       8.820465e-01 9.245098e-01 9.245098e-01 
       8.766850e-01 9.210784e-01 9.210784e-01 
       8.713235e-01 9.176471e-01 9.176470e-01 
       8.659620e-01 9.142157e-01 9.142157e-01 
       8.606004e-01 9.107843e-01 9.107843e-01 
       8.552389e-01 9.073529e-01 9.073529e-01 
       8.498774e-01 9.039216e-01 9.039215e-01 
       8.445159e-01 9.004902e-01 9.004902e-01 
       8.391544e-01 8.970588e-01 8.970588e-01 
       8.337928e-01 8.936275e-01 8.936274e-01 
       8.284313e-01 8.901961e-01 8.901961e-01 
       8.230698e-01 8.867647e-01 8.867647e-01 
       8.177083e-01 8.833333e-01 8.833333e-01 
       8.123467e-01 8.799020e-01 8.799019e-01 
       8.069852e-01 8.764706e-01 8.764706e-01 
       8.016237e-01 8.730392e-01 8.730392e-01 
       7.962622e-01 8.696078e-01 8.696078e-01 
       7.909007e-01 8.661765e-01 8.661764e-01 
       7.855391e-01 8.627451e-01 8.627451e-01 
       7.801776e-01 8.593137e-01 8.593137e-01 
       7.748161e-01 8.558824e-01 8.558823e-01 
       7.694546e-01 8.524510e-01 8.524509e-01 
       7.640931e-01 8.490196e-01 8.490196e-01 
       7.587315e-01 8.455882e-01 8.455882e-01 
       7.533700e-01 8.421569e-01 8.421568e-01 
       7.480085e-01 8.387255e-01 8.387255e-01 
       7.426470e-01 8.352941e-01 8.352941e-01 
       7.372854e-01 8.318627e-01 8.318627e-01 
       7.319239e-01 8.284314e-01 8.284313e-01 
       7.265624e-01 8.250000e-01 8.250000e-01 
       7.212009e-01 8.215686e-01 8.215686e-01 
       7.158394e-01 8.181373e-01 8.181372e-01 
       7.104778e-01 8.147059e-01 8.147058e-01 
       7.051163e-01 8.112745e-01 8.112745e-01 
       6.997548e-01 8.078431e-01 8.078431e-01 
       6.943933e-01 8.044118e-01 8.044117e-01 
       6.890318e-01 8.009804e-01 8.009803e-01 
       6.836702e-01 7.975490e-01 7.975490e-01 
       6.783087e-01 7.941176e-01 7.941176e-01 
       6.729472e-01 7.906863e-01 7.906862e-01 
       6.675857e-01 7.872549e-01 7.872549e-01 
       6.622241e-01 7.838235e-01 7.838235e-01 
       6.568626e-01 7.803922e-01 7.803921e-01 
       6.519608e-01 7.766543e-01 7.769607e-01 
       6.485294e-01 7.719362e-01 7.735294e-01 
       6.450980e-01 7.672181e-01 7.700980e-01 
       6.416667e-01 7.624999e-01 7.666666e-01 
       6.382353e-01 7.577818e-01 7.632352e-01 
       6.348039e-01 7.530636e-01 7.598039e-01 
       6.313725e-01 7.483455e-01 7.563725e-01 
       6.279412e-01 7.436274e-01 7.529411e-01 
       6.245098e-01 7.389092e-01 7.495097e-01 
       6.210784e-01 7.341911e-01 7.460784e-01 
       6.176471e-01 7.294730e-01 7.426470e-01 
       6.142157e-01 7.247548e-01 7.392156e-01 
       6.107843e-01 7.200367e-01 7.357843e-01 
       6.073529e-01 7.153186e-01 7.323529e-01 
       6.039216e-01 7.106004e-01 7.289215e-01 
       6.004902e-01 7.058823e-01 7.254901e-01 
       5.970588e-01 7.011641e-01 7.220588e-01 
       5.936275e-01 6.964460e-01 7.186274e-01 
       5.901961e-01 6.917279e-01 7.151960e-01 
       5.867647e-01 6.870097e-01 7.117646e-01 
       5.833333e-01 6.822916e-01 7.083333e-01 
       5.799020e-01 6.775735e-01 7.049019e-01 
       5.764706e-01 6.728553e-01 7.014705e-01 
       5.730392e-01 6.681372e-01 6.980391e-01 
       5.696078e-01 6.634191e-01 6.946078e-01 
       5.661765e-01 6.587009e-01 6.911764e-01 
       5.627451e-01 6.539828e-01 6.877450e-01 
       5.593137e-01 6.492646e-01 6.843137e-01 
       5.558824e-01 6.445465e-01 6.808823e-01 
       5.524510e-01 6.398284e-01 6.774509e-01 
       5.490196e-01 6.351102e-01 6.740195e-01 
       5.455882e-01 6.303921e-01 6.705882e-01 
       5.421569e-01 6.256740e-01 6.671568e-01 
       5.387255e-01 6.209558e-01 6.637254e-01 
       5.352941e-01 6.162377e-01 6.602940e-01 
       5.318627e-01 6.115196e-01 6.568627e-01 
       5.284314e-01 6.068014e-01 6.534313e-01 
       5.250000e-01 6.020833e-01 6.499999e-01 
       5.215686e-01 5.973651e-01 6.465685e-01 
       5.181373e-01 5.926470e-01 6.431372e-01 
       5.147059e-01 5.879289e-01 6.397058e-01 
       5.112745e-01 5.832107e-01 6.362744e-01 
       5.078431e-01 5.784926e-01 6.328431e-01 
       5.044118e-01 5.737745e-01 6.294117e-01 
       5.009804e-01 5.690563e-01 6.259803e-01 
       4.975490e-01 5.643382e-01 6.225489e-01 
       4.941176e-01 5.596201e-01 6.191176e-01 
       4.906863e-01 5.549019e-01 6.156862e-01 
       4.872549e-01 5.501838e-01 6.122548e-01 
       4.838235e-01 5.454656e-01 6.088234e-01 
       4.803922e-01 5.407475e-01 6.053921e-01 
       4.769608e-01 5.360294e-01 6.019607e-01 
       4.735294e-01 5.313112e-01 5.985293e-01 
       4.700980e-01 5.265931e-01 5.950979e-01 
       4.666667e-01 5.218750e-01 5.916666e-01 
       4.632353e-01 5.171568e-01 5.882352e-01 
       4.598039e-01 5.124387e-01 5.848038e-01 
       4.563725e-01 5.077206e-01 5.813725e-01 
       4.529412e-01 5.030024e-01 5.779411e-01 
       4.495098e-01 4.982843e-01 5.745097e-01 
       4.460784e-01 4.935661e-01 5.710783e-01 
       4.426471e-01 4.888480e-01 5.676470e-01 
       4.392157e-01 4.841299e-01 5.642156e-01 
       4.357843e-01 4.794117e-01 5.607842e-01 
       4.323529e-01 4.746936e-01 5.573528e-01 
       4.289216e-01 4.699755e-01 5.539215e-01 
       4.254902e-01 4.652573e-01 5.504901e-01 
       4.220588e-01 4.605392e-01 5.470587e-01 
       4.186275e-01 4.558210e-01 5.436273e-01 
       4.151961e-01 4.511029e-01 5.401960e-01 
       4.117647e-01 4.463848e-01 5.367646e-01 
       4.083333e-01 4.416666e-01 5.333332e-01 
       4.049020e-01 4.369485e-01 5.299019e-01 
       4.014706e-01 4.322304e-01 5.264705e-01 
       3.980392e-01 4.275122e-01 5.230391e-01 
       3.946078e-01 4.227941e-01 5.196077e-01 
       3.911765e-01 4.180760e-01 5.161764e-01 
       3.877451e-01 4.133578e-01 5.127450e-01 
       3.843137e-01 4.086397e-01 5.093136e-01 
       3.808824e-01 4.039215e-01 5.058822e-01 
       3.774510e-01 3.992034e-01 5.024509e-01 
       3.740196e-01 3.944853e-01 4.990195e-01 
       3.705882e-01 3.897671e-01 4.955881e-01 
       3.671569e-01 3.850490e-01 4.921567e-01 
       3.637255e-01 3.803309e-01 4.887254e-01 
       3.602941e-01 3.756127e-01 4.852940e-01 
       3.568627e-01 3.708946e-01 4.818626e-01 
       3.534314e-01 3.661765e-01 4.784313e-01 
       3.500000e-01 3.614583e-01 4.749999e-01 
       3.465686e-01 3.567402e-01 4.715685e-01 
       3.431373e-01 3.520220e-01 4.681371e-01 
       3.397059e-01 3.473039e-01 4.647058e-01 
       3.362745e-01 3.425858e-01 4.612744e-01 
       3.328431e-01 3.378676e-01 4.578430e-01 
       3.294118e-01 3.331495e-01 4.544116e-01 
       3.259804e-01 3.284314e-01 4.509803e-01 
       3.225490e-01 3.237132e-01 4.475489e-01 
       3.191176e-01 3.191175e-01 4.439898e-01 
       3.156863e-01 3.156862e-01 4.392157e-01 
       3.122549e-01 3.122548e-01 4.344416e-01 
       3.088235e-01 3.088234e-01 4.296675e-01 
       3.053922e-01 3.053920e-01 4.248934e-01 
       3.019608e-01 3.019607e-01 4.201194e-01 
       2.985294e-01 2.985293e-01 4.153453e-01 
       2.950980e-01 2.950979e-01 4.105712e-01 
