function brbg_r = brbg_r()
brbg_r = [ ... 
       0 2.352941e-01 1.882353e-01 
       1.537870e-04 2.417532e-01 1.953095e-01 
       3.075740e-04 2.482122e-01 2.023837e-01 
       4.613610e-04 2.546713e-01 2.094579e-01 
       6.151480e-04 2.611303e-01 2.165321e-01 
       7.689350e-04 2.675894e-01 2.236063e-01 
       9.227220e-04 2.740484e-01 2.306805e-01 
       1.076509e-03 2.805075e-01 2.377547e-01 
       1.230296e-03 2.869666e-01 2.448289e-01 
       1.384083e-03 2.934256e-01 2.519031e-01 
       1.537870e-03 2.998847e-01 2.589773e-01 
       1.691657e-03 3.063437e-01 2.660515e-01 
       1.845444e-03 3.128028e-01 2.731257e-01 
       1.999231e-03 3.192618e-01 2.801999e-01 
       2.153018e-03 3.257209e-01 2.872741e-01 
       2.306805e-03 3.321799e-01 2.943483e-01 
       2.460592e-03 3.386390e-01 3.014225e-01 
       2.614379e-03 3.450980e-01 3.084967e-01 
       2.768166e-03 3.515571e-01 3.155709e-01 
       2.921953e-03 3.580161e-01 3.226451e-01 
       3.075740e-03 3.644752e-01 3.297193e-01 
       3.229527e-03 3.709343e-01 3.367935e-01 
       3.383314e-03 3.773933e-01 3.438677e-01 
       3.537101e-03 3.838524e-01 3.509419e-01 
       3.690888e-03 3.903114e-01 3.580161e-01 
       3.844675e-03 3.967705e-01 3.650903e-01 
       7.920031e-03 4.037678e-01 3.723952e-01 
       1.591696e-02 4.113033e-01 3.799308e-01 
       2.391388e-02 4.188389e-01 3.874664e-01 
       3.191080e-02 4.263745e-01 3.950019e-01 
       3.990773e-02 4.339100e-01 4.025375e-01 
       4.790465e-02 4.414456e-01 4.100730e-01 
       5.590158e-02 4.489812e-01 4.176086e-01 
       6.389850e-02 4.565167e-01 4.251442e-01 
       7.189542e-02 4.640523e-01 4.326797e-01 
       7.989235e-02 4.715879e-01 4.402153e-01 
       8.788927e-02 4.791234e-01 4.477509e-01 
       9.588620e-02 4.866590e-01 4.552864e-01 
       1.038831e-01 4.941945e-01 4.628220e-01 
       1.118800e-01 5.017301e-01 4.703576e-01 
       1.198770e-01 5.092657e-01 4.778931e-01 
       1.278739e-01 5.168012e-01 4.854287e-01 
       1.358708e-01 5.243368e-01 4.929642e-01 
       1.438677e-01 5.318724e-01 5.004998e-01 
       1.518647e-01 5.394079e-01 5.080354e-01 
       1.598616e-01 5.469435e-01 5.155709e-01 
       1.678585e-01 5.544790e-01 5.231065e-01 
       1.758554e-01 5.620146e-01 5.306421e-01 
       1.838524e-01 5.695502e-01 5.381776e-01 
       1.918493e-01 5.770857e-01 5.457132e-01 
       1.998462e-01 5.846213e-01 5.532488e-01 
       2.078431e-01 5.921569e-01 5.607843e-01 
       2.193772e-01 6.004614e-01 5.684737e-01 
       2.309112e-01 6.087659e-01 5.761630e-01 
       2.424452e-01 6.170704e-01 5.838524e-01 
       2.539792e-01 6.253749e-01 5.915417e-01 
       2.655133e-01 6.336794e-01 5.992311e-01 
       2.770473e-01 6.419839e-01 6.069204e-01 
       2.885813e-01 6.502884e-01 6.146098e-01 
       3.001153e-01 6.585928e-01 6.222991e-01 
       3.116494e-01 6.668973e-01 6.299885e-01 
       3.231834e-01 6.752018e-01 6.376778e-01 
       3.347174e-01 6.835063e-01 6.453672e-01 
       3.462514e-01 6.918108e-01 6.530565e-01 
       3.577855e-01 7.001153e-01 6.607459e-01 
       3.693195e-01 7.084198e-01 6.684352e-01 
       3.808535e-01 7.167243e-01 6.761246e-01 
       3.923875e-01 7.250288e-01 6.838139e-01 
       4.039216e-01 7.333333e-01 6.915033e-01 
       4.154556e-01 7.416378e-01 6.991926e-01 
       4.269896e-01 7.499423e-01 7.068820e-01 
       4.385236e-01 7.582468e-01 7.145713e-01 
       4.500577e-01 7.665513e-01 7.222607e-01 
       4.615917e-01 7.748558e-01 7.299500e-01 
       4.731257e-01 7.831603e-01 7.376394e-01 
       4.846597e-01 7.914648e-01 7.453287e-01 
       4.961938e-01 7.997693e-01 7.530181e-01 
       5.074202e-01 8.061515e-01 7.596309e-01 
       5.183391e-01 8.106113e-01 7.651672e-01 
       5.292580e-01 8.150711e-01 7.707036e-01 
       5.401769e-01 8.195309e-01 7.762399e-01 
       5.510957e-01 8.239908e-01 7.817762e-01 
       5.620146e-01 8.284506e-01 7.873126e-01 
       5.729335e-01 8.329104e-01 7.928489e-01 
       5.838524e-01 8.373702e-01 7.983852e-01 
       5.947712e-01 8.418301e-01 8.039216e-01 
       6.056901e-01 8.462899e-01 8.094579e-01 
       6.166090e-01 8.507497e-01 8.149942e-01 
       6.275279e-01 8.552095e-01 8.205306e-01 
       6.384468e-01 8.596694e-01 8.260669e-01 
       6.493656e-01 8.641292e-01 8.316032e-01 
       6.602845e-01 8.685890e-01 8.371396e-01 
       6.712034e-01 8.730488e-01 8.426759e-01 
       6.821223e-01 8.775087e-01 8.482122e-01 
       6.930411e-01 8.819685e-01 8.537486e-01 
       7.039600e-01 8.864283e-01 8.592849e-01 
       7.148789e-01 8.908881e-01 8.648212e-01 
       7.257978e-01 8.953479e-01 8.703576e-01 
       7.367166e-01 8.998078e-01 8.758939e-01 
       7.476355e-01 9.042676e-01 8.814302e-01 
       7.585544e-01 9.087274e-01 8.869666e-01 
       7.694733e-01 9.131872e-01 8.925029e-01 
       7.803922e-01 9.176471e-01 8.980392e-01 
       7.874664e-01 9.193387e-01 9.004998e-01 
       7.945406e-01 9.210304e-01 9.029604e-01 
       8.016148e-01 9.227220e-01 9.054210e-01 
       8.086890e-01 9.244137e-01 9.078816e-01 
       8.157632e-01 9.261053e-01 9.103422e-01 
       8.228374e-01 9.277970e-01 9.128028e-01 
       8.299116e-01 9.294887e-01 9.152634e-01 
       8.369858e-01 9.311803e-01 9.177240e-01 
       8.440600e-01 9.328720e-01 9.201845e-01 
       8.511342e-01 9.345636e-01 9.226451e-01 
       8.582084e-01 9.362553e-01 9.251057e-01 
       8.652826e-01 9.379469e-01 9.275663e-01 
       8.723568e-01 9.396386e-01 9.300269e-01 
       8.794310e-01 9.413303e-01 9.324875e-01 
       8.865052e-01 9.430219e-01 9.349481e-01 
       8.935794e-01 9.447136e-01 9.374087e-01 
       9.006536e-01 9.464052e-01 9.398693e-01 
       9.077278e-01 9.480969e-01 9.423299e-01 
       9.148020e-01 9.497885e-01 9.447905e-01 
       9.218762e-01 9.514802e-01 9.472511e-01 
       9.289504e-01 9.531719e-01 9.497116e-01 
       9.360246e-01 9.548635e-01 9.521722e-01 
       9.430988e-01 9.565552e-01 9.546328e-01 
       9.501730e-01 9.582468e-01 9.570934e-01 
       9.572472e-01 9.599385e-01 9.595540e-01 
       9.608612e-01 9.597847e-01 9.569396e-01 
       9.610150e-01 9.577855e-01 9.492503e-01 
       9.611688e-01 9.557862e-01 9.415609e-01 
       9.613226e-01 9.537870e-01 9.338716e-01 
       9.614764e-01 9.517878e-01 9.261822e-01 
       9.616301e-01 9.497885e-01 9.184929e-01 
       9.617839e-01 9.477893e-01 9.108035e-01 
       9.619377e-01 9.457901e-01 9.031142e-01 
       9.620915e-01 9.437908e-01 8.954248e-01 
       9.622453e-01 9.417916e-01 8.877355e-01 
       9.623991e-01 9.397924e-01 8.800461e-01 
       9.625529e-01 9.377932e-01 8.723568e-01 
       9.627067e-01 9.357939e-01 8.646674e-01 
       9.628604e-01 9.337947e-01 8.569781e-01 
       9.630142e-01 9.317955e-01 8.492887e-01 
       9.631680e-01 9.297962e-01 8.415994e-01 
       9.633218e-01 9.277970e-01 8.339100e-01 
       9.634756e-01 9.257978e-01 8.262207e-01 
       9.636294e-01 9.237985e-01 8.185313e-01 
       9.637832e-01 9.217993e-01 8.108420e-01 
       9.639369e-01 9.198001e-01 8.031526e-01 
       9.640907e-01 9.178008e-01 7.954633e-01 
       9.642445e-01 9.158016e-01 7.877739e-01 
       9.643983e-01 9.138024e-01 7.800846e-01 
       9.645521e-01 9.118032e-01 7.723952e-01 
       9.647059e-01 9.098039e-01 7.647059e-01 
       9.611688e-01 9.039600e-01 7.539408e-01 
       9.576317e-01 8.981161e-01 7.431757e-01 
       9.540946e-01 8.922722e-01 7.324106e-01 
       9.505575e-01 8.864283e-01 7.216455e-01 
       9.470204e-01 8.805844e-01 7.108804e-01 
       9.434833e-01 8.747405e-01 7.001153e-01 
       9.399462e-01 8.688966e-01 6.893502e-01 
       9.364091e-01 8.630527e-01 6.785852e-01 
       9.328720e-01 8.572088e-01 6.678201e-01 
       9.293349e-01 8.513649e-01 6.570550e-01 
       9.257978e-01 8.455210e-01 6.462899e-01 
       9.222607e-01 8.396770e-01 6.355248e-01 
       9.187236e-01 8.338331e-01 6.247597e-01 
       9.151865e-01 8.279892e-01 6.139946e-01 
       9.116494e-01 8.221453e-01 6.032295e-01 
