function brg = brg()
brg = [ ... 
       0 0 1 
       7.843137e-03 0 9.921569e-01 
       1.568627e-02 0 9.843137e-01 
       2.352941e-02 0 9.764706e-01 
       3.137255e-02 0 9.686275e-01 
       3.921569e-02 0 9.607843e-01 
       4.705882e-02 0 9.529412e-01 
       5.490196e-02 0 9.450980e-01 
       6.274510e-02 0 9.372549e-01 
       7.058824e-02 0 9.294118e-01 
       7.843137e-02 0 9.215686e-01 
       8.627451e-02 0 9.137255e-01 
       9.411765e-02 0 9.058824e-01 
       1.019608e-01 0 8.980392e-01 
       1.098039e-01 0 8.901961e-01 
       1.176471e-01 0 8.823529e-01 
       1.254902e-01 0 8.745098e-01 
       1.333333e-01 0 8.666667e-01 
       1.411765e-01 0 8.588235e-01 
       1.490196e-01 0 8.509804e-01 
       1.568627e-01 0 8.431373e-01 
       1.647059e-01 0 8.352941e-01 
       1.725490e-01 0 8.274510e-01 
       1.803922e-01 0 8.196078e-01 
       1.882353e-01 0 8.117647e-01 
       1.960784e-01 0 8.039216e-01 
       2.039216e-01 0 7.960784e-01 
       2.117647e-01 0 7.882353e-01 
       2.196078e-01 0 7.803922e-01 
       2.274510e-01 0 7.725490e-01 
       2.352941e-01 0 7.647059e-01 
       2.431373e-01 0 7.568627e-01 
       2.509804e-01 0 7.490196e-01 
       2.588235e-01 0 7.411765e-01 
       2.666667e-01 0 7.333333e-01 
       2.745098e-01 0 7.254902e-01 
       2.823529e-01 0 7.176471e-01 
       2.901961e-01 0 7.098039e-01 
       2.980392e-01 0 7.019608e-01 
       3.058824e-01 0 6.941176e-01 
       3.137255e-01 0 6.862745e-01 
       3.215686e-01 0 6.784314e-01 
       3.294118e-01 0 6.705882e-01 
       3.372549e-01 0 6.627451e-01 
       3.450980e-01 0 6.549020e-01 
       3.529412e-01 0 6.470588e-01 
       3.607843e-01 0 6.392157e-01 
       3.686275e-01 0 6.313725e-01 
       3.764706e-01 0 6.235294e-01 
       3.843137e-01 0 6.156863e-01 
       3.921569e-01 0 6.078431e-01 
       4.000000e-01 0 6.000000e-01 
       4.078431e-01 0 5.921569e-01 
       4.156863e-01 0 5.843137e-01 
       4.235294e-01 0 5.764706e-01 
       4.313725e-01 0 5.686275e-01 
       4.392157e-01 0 5.607843e-01 
       4.470588e-01 0 5.529412e-01 
       4.549020e-01 0 5.450980e-01 
       4.627451e-01 0 5.372549e-01 
       4.705882e-01 0 5.294118e-01 
       4.784314e-01 0 5.215686e-01 
       4.862745e-01 0 5.137255e-01 
       4.941176e-01 0 5.058824e-01 
       5.019608e-01 0 4.980392e-01 
       5.098039e-01 0 4.901961e-01 
       5.176471e-01 0 4.823529e-01 
       5.254902e-01 0 4.745098e-01 
       5.333333e-01 0 4.666667e-01 
       5.411765e-01 0 4.588235e-01 
       5.490196e-01 0 4.509804e-01 
       5.568627e-01 0 4.431373e-01 
       5.647059e-01 0 4.352941e-01 
       5.725490e-01 0 4.274510e-01 
       5.803922e-01 0 4.196078e-01 
       5.882353e-01 0 4.117647e-01 
       5.960784e-01 0 4.039216e-01 
       6.039216e-01 0 3.960784e-01 
       6.117647e-01 0 3.882353e-01 
       6.196078e-01 0 3.803922e-01 
       6.274510e-01 0 3.725490e-01 
       6.352941e-01 0 3.647059e-01 
       6.431373e-01 0 3.568627e-01 
       6.509804e-01 0 3.490196e-01 
       6.588235e-01 0 3.411765e-01 
       6.666667e-01 0 3.333333e-01 
       6.745098e-01 0 3.254902e-01 
       6.823529e-01 0 3.176471e-01 
       6.901961e-01 0 3.098039e-01 
       6.980392e-01 0 3.019608e-01 
       7.058824e-01 0 2.941176e-01 
       7.137255e-01 0 2.862745e-01 
       7.215686e-01 0 2.784314e-01 
       7.294118e-01 0 2.705882e-01 
       7.372549e-01 0 2.627451e-01 
       7.450980e-01 0 2.549020e-01 
       7.529412e-01 0 2.470588e-01 
       7.607843e-01 0 2.392157e-01 
       7.686275e-01 0 2.313725e-01 
       7.764706e-01 0 2.235294e-01 
       7.843137e-01 0 2.156863e-01 
       7.921569e-01 0 2.078431e-01 
       8.000000e-01 0 2.000000e-01 
       8.078431e-01 0 1.921569e-01 
       8.156863e-01 0 1.843137e-01 
       8.235294e-01 0 1.764706e-01 
       8.313725e-01 0 1.686275e-01 
       8.392157e-01 0 1.607843e-01 
       8.470588e-01 0 1.529412e-01 
       8.549020e-01 0 1.450980e-01 
       8.627451e-01 0 1.372549e-01 
       8.705882e-01 0 1.294118e-01 
       8.784314e-01 0 1.215686e-01 
       8.862745e-01 0 1.137255e-01 
       8.941176e-01 0 1.058824e-01 
       9.019608e-01 0 9.803922e-02 
       9.098039e-01 0 9.019608e-02 
       9.176471e-01 0 8.235294e-02 
       9.254902e-01 0 7.450980e-02 
       9.333333e-01 0 6.666667e-02 
       9.411765e-01 0 5.882353e-02 
       9.490196e-01 0 5.098039e-02 
       9.568627e-01 0 4.313725e-02 
       9.647059e-01 0 3.529412e-02 
       9.725490e-01 0 2.745098e-02 
       9.803922e-01 0 1.960784e-02 
       9.882353e-01 0 1.176471e-02 
       9.960784e-01 0 3.921569e-03 
       9.960784e-01 3.921569e-03 0 
       9.882353e-01 1.176471e-02 0 
       9.803922e-01 1.960784e-02 0 
       9.725490e-01 2.745098e-02 0 
       9.647059e-01 3.529412e-02 0 
       9.568627e-01 4.313725e-02 0 
       9.490196e-01 5.098039e-02 0 
       9.411765e-01 5.882353e-02 0 
       9.333333e-01 6.666667e-02 0 
       9.254902e-01 7.450980e-02 0 
       9.176471e-01 8.235294e-02 0 
       9.098039e-01 9.019608e-02 0 
       9.019608e-01 9.803922e-02 0 
       8.941176e-01 1.058824e-01 0 
       8.862745e-01 1.137255e-01 0 
       8.784314e-01 1.215686e-01 0 
       8.705882e-01 1.294118e-01 0 
       8.627451e-01 1.372549e-01 0 
       8.549020e-01 1.450980e-01 0 
       8.470588e-01 1.529412e-01 0 
       8.392157e-01 1.607843e-01 0 
       8.313725e-01 1.686275e-01 0 
       8.235294e-01 1.764706e-01 0 
       8.156863e-01 1.843137e-01 0 
       8.078431e-01 1.921569e-01 0 
       8.000000e-01 2.000000e-01 0 
       7.921569e-01 2.078431e-01 0 
       7.843137e-01 2.156863e-01 0 
       7.764706e-01 2.235294e-01 0 
       7.686275e-01 2.313725e-01 0 
       7.607843e-01 2.392157e-01 0 
       7.529412e-01 2.470588e-01 0 
       7.450980e-01 2.549020e-01 0 
       7.372549e-01 2.627451e-01 0 
       7.294118e-01 2.705882e-01 0 
       7.215686e-01 2.784314e-01 0 
       7.137255e-01 2.862745e-01 0 
       7.058824e-01 2.941176e-01 0 
       6.980392e-01 3.019608e-01 0 
       6.901961e-01 3.098039e-01 0 
       6.823529e-01 3.176471e-01 0 
       6.745098e-01 3.254902e-01 0 
       6.666667e-01 3.333333e-01 0 
       6.588235e-01 3.411765e-01 0 
       6.509804e-01 3.490196e-01 0 
       6.431373e-01 3.568627e-01 0 
       6.352941e-01 3.647059e-01 0 
       6.274510e-01 3.725490e-01 0 
       6.196078e-01 3.803922e-01 0 
       6.117647e-01 3.882353e-01 0 
       6.039216e-01 3.960784e-01 0 
       5.960784e-01 4.039216e-01 0 
       5.882353e-01 4.117647e-01 0 
       5.803922e-01 4.196078e-01 0 
       5.725490e-01 4.274510e-01 0 
       5.647059e-01 4.352941e-01 0 
       5.568627e-01 4.431373e-01 0 
       5.490196e-01 4.509804e-01 0 
       5.411765e-01 4.588235e-01 0 
       5.333333e-01 4.666667e-01 0 
       5.254902e-01 4.745098e-01 0 
       5.176471e-01 4.823529e-01 0 
       5.098039e-01 4.901961e-01 0 
       5.019608e-01 4.980392e-01 0 
       4.941176e-01 5.058824e-01 0 
       4.862745e-01 5.137255e-01 0 
       4.784314e-01 5.215686e-01 0 
       4.705882e-01 5.294118e-01 0 
       4.627451e-01 5.372549e-01 0 
       4.549020e-01 5.450980e-01 0 
       4.470588e-01 5.529412e-01 0 
       4.392157e-01 5.607843e-01 0 
       4.313725e-01 5.686275e-01 0 
       4.235294e-01 5.764706e-01 0 
       4.156863e-01 5.843137e-01 0 
       4.078431e-01 5.921569e-01 0 
       4.000000e-01 6.000000e-01 0 
       3.921569e-01 6.078431e-01 0 
       3.843137e-01 6.156863e-01 0 
       3.764706e-01 6.235294e-01 0 
       3.686275e-01 6.313725e-01 0 
       3.607843e-01 6.392157e-01 0 
       3.529412e-01 6.470588e-01 0 
       3.450980e-01 6.549020e-01 0 
       3.372549e-01 6.627451e-01 0 
       3.294118e-01 6.705882e-01 0 
       3.215686e-01 6.784314e-01 0 
       3.137255e-01 6.862745e-01 0 
       3.058824e-01 6.941176e-01 0 
       2.980392e-01 7.019608e-01 0 
       2.901961e-01 7.098039e-01 0 
       2.823529e-01 7.176471e-01 0 
       2.745098e-01 7.254902e-01 0 
