function bugn_r = bugn_r()
bugn_r = [ ... 
       0 2.666667e-01 1.058824e-01 
       0 2.717109e-01 1.079739e-01 
       0 2.767551e-01 1.100654e-01 
       0 2.817993e-01 1.121569e-01 
       0 2.868435e-01 1.142484e-01 
       0 2.918877e-01 1.163399e-01 
       0 2.969319e-01 1.184314e-01 
       0 3.019762e-01 1.205229e-01 
       0 3.070204e-01 1.226144e-01 
       0 3.120646e-01 1.247059e-01 
       0 3.171088e-01 1.267974e-01 
       0 3.221530e-01 1.288889e-01 
       0 3.271972e-01 1.309804e-01 
       0 3.322414e-01 1.330719e-01 
       0 3.372857e-01 1.351634e-01 
       0 3.423299e-01 1.372549e-01 
       0 3.473741e-01 1.393464e-01 
       0 3.524183e-01 1.414379e-01 
       0 3.574625e-01 1.435294e-01 
       0 3.625067e-01 1.456209e-01 
       0 3.675509e-01 1.477124e-01 
       0 3.725952e-01 1.498039e-01 
       0 3.776394e-01 1.518954e-01 
       0 3.826836e-01 1.539869e-01 
       0 3.877278e-01 1.560784e-01 
       0 3.927720e-01 1.581699e-01 
       0 3.978162e-01 1.602614e-01 
       0 4.028604e-01 1.623529e-01 
       0 4.079047e-01 1.644444e-01 
       0 4.129489e-01 1.665359e-01 
       0 4.179931e-01 1.686275e-01 
       0 4.230373e-01 1.707190e-01 
       5.382545e-04 4.279123e-01 1.729335e-01 
       4.844291e-03 4.316032e-01 1.760092e-01 
       9.150327e-03 4.352941e-01 1.790850e-01 
       1.345636e-02 4.389850e-01 1.821607e-01 
       1.776240e-02 4.426759e-01 1.852364e-01 
       2.206844e-02 4.463668e-01 1.883122e-01 
       2.637447e-02 4.500577e-01 1.913879e-01 
       3.068051e-02 4.537486e-01 1.944637e-01 
       3.498654e-02 4.574394e-01 1.975394e-01 
       3.929258e-02 4.611303e-01 2.006151e-01 
       4.359862e-02 4.648212e-01 2.036909e-01 
       4.790465e-02 4.685121e-01 2.067666e-01 
       5.221069e-02 4.722030e-01 2.098424e-01 
       5.651672e-02 4.758939e-01 2.129181e-01 
       6.082276e-02 4.795848e-01 2.159938e-01 
       6.512880e-02 4.832757e-01 2.190696e-01 
       6.943483e-02 4.869666e-01 2.221453e-01 
       7.374087e-02 4.906574e-01 2.252211e-01 
       7.804691e-02 4.943483e-01 2.282968e-01 
       8.235294e-02 4.980392e-01 2.313725e-01 
       8.665898e-02 5.017301e-01 2.344483e-01 
       9.096501e-02 5.054210e-01 2.375240e-01 
       9.527105e-02 5.091119e-01 2.405998e-01 
       9.957709e-02 5.128028e-01 2.436755e-01 
       1.038831e-01 5.164937e-01 2.467512e-01 
       1.081892e-01 5.201845e-01 2.498270e-01 
       1.124952e-01 5.238754e-01 2.529027e-01 
       1.168012e-01 5.275663e-01 2.559785e-01 
       1.211073e-01 5.312572e-01 2.590542e-01 
       1.254133e-01 5.349481e-01 2.621300e-01 
       1.297193e-01 5.386390e-01 2.652057e-01 
       1.340254e-01 5.423299e-01 2.682814e-01 
       1.381776e-01 5.461745e-01 2.720953e-01 
       1.418685e-01 5.504806e-01 2.781238e-01 
       1.455594e-01 5.547866e-01 2.841522e-01 
       1.492503e-01 5.590927e-01 2.901807e-01 
       1.529412e-01 5.633987e-01 2.962092e-01 
       1.566321e-01 5.677047e-01 3.022376e-01 
       1.603230e-01 5.720108e-01 3.082661e-01 
       1.640138e-01 5.763168e-01 3.142945e-01 
       1.677047e-01 5.806228e-01 3.203230e-01 
       1.713956e-01 5.849289e-01 3.263514e-01 
       1.750865e-01 5.892349e-01 3.323799e-01 
       1.787774e-01 5.935409e-01 3.384083e-01 
       1.824683e-01 5.978470e-01 3.444368e-01 
       1.861592e-01 6.021530e-01 3.504652e-01 
       1.898501e-01 6.064591e-01 3.564937e-01 
       1.935409e-01 6.107651e-01 3.625221e-01 
       1.972318e-01 6.150711e-01 3.685506e-01 
       2.009227e-01 6.193772e-01 3.745790e-01 
       2.046136e-01 6.236832e-01 3.806075e-01 
       2.083045e-01 6.279892e-01 3.866359e-01 
       2.119954e-01 6.322953e-01 3.926644e-01 
       2.156863e-01 6.366013e-01 3.986928e-01 
       2.193772e-01 6.409073e-01 4.047213e-01 
       2.230681e-01 6.452134e-01 4.107497e-01 
       2.267589e-01 6.495194e-01 4.167782e-01 
       2.304498e-01 6.538255e-01 4.228066e-01 
       2.341407e-01 6.581315e-01 4.288351e-01 
       2.378316e-01 6.624375e-01 4.348635e-01 
       2.415225e-01 6.667436e-01 4.408920e-01 
       2.452134e-01 6.710496e-01 4.469204e-01 
       2.489043e-01 6.753556e-01 4.529489e-01 
       2.525952e-01 6.796617e-01 4.589773e-01 
       2.566090e-01 6.832757e-01 4.648674e-01 
       2.611611e-01 6.857363e-01 4.705267e-01 
       2.657132e-01 6.881968e-01 4.761861e-01 
       2.702653e-01 6.906574e-01 4.818454e-01 
       2.748174e-01 6.931180e-01 4.875048e-01 
       2.793695e-01 6.955786e-01 4.931642e-01 
       2.839216e-01 6.980392e-01 4.988235e-01 
       2.884737e-01 7.004998e-01 5.044829e-01 
       2.930258e-01 7.029604e-01 5.101423e-01 
       2.975779e-01 7.054210e-01 5.158016e-01 
       3.021300e-01 7.078816e-01 5.214610e-01 
       3.066820e-01 7.103422e-01 5.271203e-01 
       3.112341e-01 7.128028e-01 5.327797e-01 
       3.157862e-01 7.152634e-01 5.384391e-01 
       3.203383e-01 7.177240e-01 5.440984e-01 
       3.248904e-01 7.201845e-01 5.497578e-01 
       3.294425e-01 7.226451e-01 5.554171e-01 
       3.339946e-01 7.251057e-01 5.610765e-01 
       3.385467e-01 7.275663e-01 5.667359e-01 
       3.430988e-01 7.300269e-01 5.723952e-01 
       3.476509e-01 7.324875e-01 5.780546e-01 
       3.522030e-01 7.349481e-01 5.837140e-01 
       3.567551e-01 7.374087e-01 5.893733e-01 
       3.613072e-01 7.398693e-01 5.950327e-01 
       3.658593e-01 7.423299e-01 6.006920e-01 
       3.704114e-01 7.447905e-01 6.063514e-01 
       3.749635e-01 7.472511e-01 6.120108e-01 
       3.795156e-01 7.497116e-01 6.176701e-01 
       3.840677e-01 7.521722e-01 6.233295e-01 
       3.886198e-01 7.546328e-01 6.289889e-01 
       3.931719e-01 7.570934e-01 6.346482e-01 
       3.977240e-01 7.595540e-01 6.403076e-01 
       4.031373e-01 7.621376e-01 6.454133e-01 
       4.094118e-01 7.648443e-01 6.499654e-01 
       4.156863e-01 7.675509e-01 6.545175e-01 
       4.219608e-01 7.702576e-01 6.590696e-01 
       4.282353e-01 7.729642e-01 6.636217e-01 
       4.345098e-01 7.756709e-01 6.681738e-01 
       4.407843e-01 7.783775e-01 6.727259e-01 
       4.470588e-01 7.810842e-01 6.772780e-01 
       4.533333e-01 7.837908e-01 6.818301e-01 
       4.596078e-01 7.864975e-01 6.863822e-01 
       4.658824e-01 7.892042e-01 6.909343e-01 
       4.721569e-01 7.919108e-01 6.954864e-01 
       4.784314e-01 7.946175e-01 7.000384e-01 
       4.847059e-01 7.973241e-01 7.045905e-01 
       4.909804e-01 8.000308e-01 7.091426e-01 
       4.972549e-01 8.027374e-01 7.136947e-01 
       5.035294e-01 8.054441e-01 7.182468e-01 
       5.098039e-01 8.081507e-01 7.227989e-01 
       5.160784e-01 8.108574e-01 7.273510e-01 
       5.223529e-01 8.135640e-01 7.319031e-01 
       5.286275e-01 8.162707e-01 7.364552e-01 
       5.349020e-01 8.189773e-01 7.410073e-01 
       5.411765e-01 8.216840e-01 7.455594e-01 
       5.474510e-01 8.243906e-01 7.501115e-01 
       5.537255e-01 8.270973e-01 7.546636e-01 
       5.600000e-01 8.298039e-01 7.592157e-01 
       5.662745e-01 8.325106e-01 7.637678e-01 
       5.725490e-01 8.352172e-01 7.683199e-01 
       5.788235e-01 8.379239e-01 7.728720e-01 
       5.850980e-01 8.406305e-01 7.774241e-01 
       5.913725e-01 8.433372e-01 7.819762e-01 
       5.976471e-01 8.460438e-01 7.865283e-01 
       6.039216e-01 8.485967e-01 7.904652e-01 
       6.101961e-01 8.510573e-01 7.940331e-01 
       6.164706e-01 8.535179e-01 7.976009e-01 
       6.227451e-01 8.559785e-01 8.011688e-01 
       6.290196e-01 8.584391e-01 8.047366e-01 
       6.352941e-01 8.608997e-01 8.083045e-01 
       6.415686e-01 8.633602e-01 8.118724e-01 
       6.478431e-01 8.658208e-01 8.154402e-01 
       6.541176e-01 8.682814e-01 8.190081e-01 
       6.603922e-01 8.707420e-01 8.225759e-01 
       6.666667e-01 8.732026e-01 8.261438e-01 
       6.729412e-01 8.756632e-01 8.297116e-01 
       6.792157e-01 8.781238e-01 8.332795e-01 
       6.854902e-01 8.805844e-01 8.368474e-01 
       6.917647e-01 8.830450e-01 8.404152e-01 
       6.980392e-01 8.855056e-01 8.439831e-01 
