function bupu = bupu()
bupu = [ ... 
       9.686275e-01 9.882353e-01 9.921569e-01 
       9.657978e-01 9.862668e-01 9.910496e-01 
       9.629681e-01 9.842983e-01 9.899423e-01 
       9.601384e-01 9.823299e-01 9.888351e-01 
       9.573087e-01 9.803614e-01 9.877278e-01 
       9.544790e-01 9.783929e-01 9.866205e-01 
       9.516494e-01 9.764245e-01 9.855133e-01 
       9.488197e-01 9.744560e-01 9.844060e-01 
       9.459900e-01 9.724875e-01 9.832987e-01 
       9.431603e-01 9.705190e-01 9.821915e-01 
       9.403306e-01 9.685506e-01 9.810842e-01 
       9.375010e-01 9.665821e-01 9.799769e-01 
       9.346713e-01 9.646136e-01 9.788697e-01 
       9.318416e-01 9.626451e-01 9.777624e-01 
       9.290119e-01 9.606767e-01 9.766551e-01 
       9.261822e-01 9.587082e-01 9.755479e-01 
       9.233526e-01 9.567397e-01 9.744406e-01 
       9.205229e-01 9.547712e-01 9.733333e-01 
       9.176932e-01 9.528028e-01 9.722261e-01 
       9.148635e-01 9.508343e-01 9.711188e-01 
       9.120338e-01 9.488658e-01 9.700115e-01 
       9.092042e-01 9.468973e-01 9.689043e-01 
       9.063745e-01 9.449289e-01 9.677970e-01 
       9.035448e-01 9.429604e-01 9.666897e-01 
       9.007151e-01 9.409919e-01 9.655825e-01 
       8.978854e-01 9.390235e-01 9.644752e-01 
       8.950557e-01 9.370550e-01 9.633679e-01 
       8.922261e-01 9.350865e-01 9.622607e-01 
       8.893964e-01 9.331180e-01 9.611534e-01 
       8.865667e-01 9.311496e-01 9.600461e-01 
       8.837370e-01 9.291811e-01 9.589389e-01 
       8.809073e-01 9.272126e-01 9.578316e-01 
       8.779239e-01 9.251057e-01 9.566474e-01 
       8.738639e-01 9.220300e-01 9.549250e-01 
       8.698039e-01 9.189542e-01 9.532026e-01 
       8.657439e-01 9.158785e-01 9.514802e-01 
       8.616840e-01 9.128028e-01 9.497578e-01 
       8.576240e-01 9.097270e-01 9.480354e-01 
       8.535640e-01 9.066513e-01 9.463130e-01 
       8.495040e-01 9.035755e-01 9.445905e-01 
       8.454441e-01 9.004998e-01 9.428681e-01 
       8.413841e-01 8.974241e-01 9.411457e-01 
       8.373241e-01 8.943483e-01 9.394233e-01 
       8.332641e-01 8.912726e-01 9.377009e-01 
       8.292042e-01 8.881968e-01 9.359785e-01 
       8.251442e-01 8.851211e-01 9.342561e-01 
       8.210842e-01 8.820454e-01 9.325336e-01 
       8.170242e-01 8.789696e-01 9.308112e-01 
       8.129642e-01 8.758939e-01 9.290888e-01 
       8.089043e-01 8.728181e-01 9.273664e-01 
       8.048443e-01 8.697424e-01 9.256440e-01 
       8.007843e-01 8.666667e-01 9.239216e-01 
       7.967243e-01 8.635909e-01 9.221992e-01 
       7.926644e-01 8.605152e-01 9.204767e-01 
       7.886044e-01 8.574394e-01 9.187543e-01 
       7.845444e-01 8.543637e-01 9.170319e-01 
       7.804844e-01 8.512880e-01 9.153095e-01 
       7.764245e-01 8.482122e-01 9.135871e-01 
       7.723645e-01 8.451365e-01 9.118647e-01 
       7.683045e-01 8.420607e-01 9.101423e-01 
       7.642445e-01 8.389850e-01 9.084198e-01 
       7.601845e-01 8.359093e-01 9.066974e-01 
       7.561246e-01 8.328335e-01 9.049750e-01 
       7.520646e-01 8.297578e-01 9.032526e-01 
       7.480046e-01 8.267436e-01 9.015917e-01 
       7.439446e-01 8.239139e-01 9.001153e-01 
       7.398847e-01 8.210842e-01 8.986390e-01 
       7.358247e-01 8.182545e-01 8.971626e-01 
       7.317647e-01 8.154248e-01 8.956863e-01 
       7.277047e-01 8.125952e-01 8.942099e-01 
       7.236448e-01 8.097655e-01 8.927336e-01 
       7.195848e-01 8.069358e-01 8.912572e-01 
       7.155248e-01 8.041061e-01 8.897809e-01 
       7.114648e-01 8.012764e-01 8.883045e-01 
       7.074048e-01 7.984468e-01 8.868281e-01 
       7.033449e-01 7.956171e-01 8.853518e-01 
       6.992849e-01 7.927874e-01 8.838754e-01 
       6.952249e-01 7.899577e-01 8.823991e-01 
       6.911649e-01 7.871280e-01 8.809227e-01 
       6.871050e-01 7.842983e-01 8.794464e-01 
       6.830450e-01 7.814687e-01 8.779700e-01 
       6.789850e-01 7.786390e-01 8.764937e-01 
       6.749250e-01 7.758093e-01 8.750173e-01 
       6.708651e-01 7.729796e-01 8.735409e-01 
       6.668051e-01 7.701499e-01 8.720646e-01 
       6.627451e-01 7.673203e-01 8.705882e-01 
       6.586851e-01 7.644906e-01 8.691119e-01 
       6.546251e-01 7.616609e-01 8.676355e-01 
       6.505652e-01 7.588312e-01 8.661592e-01 
       6.465052e-01 7.560015e-01 8.646828e-01 
       6.424452e-01 7.531719e-01 8.632065e-01 
       6.383852e-01 7.503422e-01 8.617301e-01 
       6.343253e-01 7.475125e-01 8.602537e-01 
       6.302653e-01 7.446828e-01 8.587774e-01 
       6.262053e-01 7.418531e-01 8.573010e-01 
       6.221453e-01 7.390235e-01 8.558247e-01 
       6.187774e-01 7.355017e-01 8.539792e-01 
       6.165629e-01 7.308266e-01 8.515186e-01 
       6.143483e-01 7.261515e-01 8.490581e-01 
       6.121338e-01 7.214764e-01 8.465975e-01 
       6.099193e-01 7.168012e-01 8.441369e-01 
       6.077047e-01 7.121261e-01 8.416763e-01 
       6.054902e-01 7.074510e-01 8.392157e-01 
       6.032757e-01 7.027759e-01 8.367551e-01 
       6.010611e-01 6.981007e-01 8.342945e-01 
       5.988466e-01 6.934256e-01 8.318339e-01 
       5.966321e-01 6.887505e-01 8.293733e-01 
       5.944175e-01 6.840754e-01 8.269127e-01 
       5.922030e-01 6.794002e-01 8.244521e-01 
       5.899885e-01 6.747251e-01 8.219915e-01 
       5.877739e-01 6.700500e-01 8.195309e-01 
       5.855594e-01 6.653749e-01 8.170704e-01 
       5.833449e-01 6.606997e-01 8.146098e-01 
       5.811303e-01 6.560246e-01 8.121492e-01 
       5.789158e-01 6.513495e-01 8.096886e-01 
       5.767013e-01 6.466744e-01 8.072280e-01 
       5.744867e-01 6.419992e-01 8.047674e-01 
       5.722722e-01 6.373241e-01 8.023068e-01 
       5.700577e-01 6.326490e-01 7.998462e-01 
       5.678431e-01 6.279739e-01 7.973856e-01 
       5.656286e-01 6.232987e-01 7.949250e-01 
       5.634141e-01 6.186236e-01 7.924644e-01 
       5.611995e-01 6.139485e-01 7.900038e-01 
       5.589850e-01 6.092734e-01 7.875433e-01 
       5.567705e-01 6.045982e-01 7.850827e-01 
       5.545559e-01 5.999231e-01 7.826221e-01 
       5.523414e-01 5.952480e-01 7.801615e-01 
       5.501269e-01 5.905729e-01 7.777009e-01 
       5.490196e-01 5.855902e-01 7.751788e-01 
       5.490196e-01 5.802999e-01 7.725952e-01 
       5.490196e-01 5.750096e-01 7.700115e-01 
       5.490196e-01 5.697193e-01 7.674279e-01 
       5.490196e-01 5.644291e-01 7.648443e-01 
       5.490196e-01 5.591388e-01 7.622607e-01 
       5.490196e-01 5.538485e-01 7.596770e-01 
       5.490196e-01 5.485582e-01 7.570934e-01 
       5.490196e-01 5.432680e-01 7.545098e-01 
       5.490196e-01 5.379777e-01 7.519262e-01 
       5.490196e-01 5.326874e-01 7.493426e-01 
       5.490196e-01 5.273972e-01 7.467589e-01 
       5.490196e-01 5.221069e-01 7.441753e-01 
       5.490196e-01 5.168166e-01 7.415917e-01 
       5.490196e-01 5.115263e-01 7.390081e-01 
       5.490196e-01 5.062361e-01 7.364245e-01 
       5.490196e-01 5.009458e-01 7.338408e-01 
       5.490196e-01 4.956555e-01 7.312572e-01 
       5.490196e-01 4.903652e-01 7.286736e-01 
       5.490196e-01 4.850750e-01 7.260900e-01 
       5.490196e-01 4.797847e-01 7.235063e-01 
       5.490196e-01 4.744944e-01 7.209227e-01 
       5.490196e-01 4.692042e-01 7.183391e-01 
       5.490196e-01 4.639139e-01 7.157555e-01 
       5.490196e-01 4.586236e-01 7.131719e-01 
       5.490196e-01 4.533333e-01 7.105882e-01 
       5.490196e-01 4.480431e-01 7.080046e-01 
       5.490196e-01 4.427528e-01 7.054210e-01 
       5.490196e-01 4.374625e-01 7.028374e-01 
       5.490196e-01 4.321722e-01 7.002537e-01 
       5.490196e-01 4.268820e-01 6.976701e-01 
       5.490196e-01 4.215917e-01 6.950865e-01 
       5.487120e-01 4.163783e-01 6.925798e-01 
       5.482199e-01 4.112111e-01 6.901192e-01 
       5.477278e-01 4.060438e-01 6.876586e-01 
       5.472357e-01 4.008766e-01 6.851980e-01 
       5.467436e-01 3.957093e-01 6.827374e-01 
       5.462514e-01 3.905421e-01 6.802768e-01 
       5.457593e-01 3.853749e-01 6.778162e-01 
       5.452672e-01 3.802076e-01 6.753556e-01 
       5.447751e-01 3.750404e-01 6.728950e-01 
