function bwr_r = bwr_r()
bwr_r = [ ... 
       1 0 0 
       1 7.843137e-03 7.843137e-03 
       1 1.568627e-02 1.568627e-02 
       1 2.352941e-02 2.352941e-02 
       1 3.137255e-02 3.137255e-02 
       1 3.921569e-02 3.921569e-02 
       1 4.705882e-02 4.705882e-02 
       1 5.490196e-02 5.490196e-02 
       1 6.274510e-02 6.274510e-02 
       1 7.058824e-02 7.058824e-02 
       1 7.843137e-02 7.843137e-02 
       1 8.627451e-02 8.627451e-02 
       1 9.411765e-02 9.411765e-02 
       1 1.019608e-01 1.019608e-01 
       1 1.098039e-01 1.098039e-01 
       1 1.176471e-01 1.176471e-01 
       1 1.254902e-01 1.254902e-01 
       1 1.333333e-01 1.333333e-01 
       1 1.411765e-01 1.411765e-01 
       1 1.490196e-01 1.490196e-01 
       1 1.568627e-01 1.568627e-01 
       1 1.647059e-01 1.647059e-01 
       1 1.725490e-01 1.725490e-01 
       1 1.803922e-01 1.803922e-01 
       1 1.882353e-01 1.882353e-01 
       1 1.960784e-01 1.960784e-01 
       1 2.039216e-01 2.039216e-01 
       1 2.117647e-01 2.117647e-01 
       1 2.196078e-01 2.196078e-01 
       1 2.274510e-01 2.274510e-01 
       1 2.352941e-01 2.352941e-01 
       1 2.431373e-01 2.431373e-01 
       1 2.509804e-01 2.509804e-01 
       1 2.588235e-01 2.588235e-01 
       1 2.666667e-01 2.666667e-01 
       1 2.745098e-01 2.745098e-01 
       1 2.823529e-01 2.823529e-01 
       1 2.901961e-01 2.901961e-01 
       1 2.980392e-01 2.980392e-01 
       1 3.058824e-01 3.058824e-01 
       1 3.137255e-01 3.137255e-01 
       1 3.215686e-01 3.215686e-01 
       1 3.294118e-01 3.294118e-01 
       1 3.372549e-01 3.372549e-01 
       1 3.450980e-01 3.450980e-01 
       1 3.529412e-01 3.529412e-01 
       1 3.607843e-01 3.607843e-01 
       1 3.686275e-01 3.686275e-01 
       1 3.764706e-01 3.764706e-01 
       1 3.843137e-01 3.843137e-01 
       1 3.921569e-01 3.921569e-01 
       1 4.000000e-01 4.000000e-01 
       1 4.078431e-01 4.078431e-01 
       1 4.156863e-01 4.156863e-01 
       1 4.235294e-01 4.235294e-01 
       1 4.313725e-01 4.313725e-01 
       1 4.392157e-01 4.392157e-01 
       1 4.470588e-01 4.470588e-01 
       1 4.549020e-01 4.549020e-01 
       1 4.627451e-01 4.627451e-01 
       1 4.705882e-01 4.705882e-01 
       1 4.784314e-01 4.784314e-01 
       1 4.862745e-01 4.862745e-01 
       1 4.941176e-01 4.941176e-01 
       1 5.019608e-01 5.019608e-01 
       1 5.098039e-01 5.098039e-01 
       1 5.176471e-01 5.176471e-01 
       1 5.254902e-01 5.254902e-01 
       1 5.333333e-01 5.333333e-01 
       1 5.411765e-01 5.411765e-01 
       1 5.490196e-01 5.490196e-01 
       1 5.568627e-01 5.568627e-01 
       1 5.647059e-01 5.647059e-01 
       1 5.725490e-01 5.725490e-01 
       1 5.803922e-01 5.803922e-01 
       1 5.882353e-01 5.882353e-01 
       1 5.960784e-01 5.960784e-01 
       1 6.039216e-01 6.039216e-01 
       1 6.117647e-01 6.117647e-01 
       1 6.196078e-01 6.196078e-01 
       1 6.274510e-01 6.274510e-01 
       1 6.352941e-01 6.352941e-01 
       1 6.431373e-01 6.431373e-01 
       1 6.509804e-01 6.509804e-01 
       1 6.588235e-01 6.588235e-01 
       1 6.666667e-01 6.666667e-01 
       1 6.745098e-01 6.745098e-01 
       1 6.823529e-01 6.823529e-01 
       1 6.901961e-01 6.901961e-01 
       1 6.980392e-01 6.980392e-01 
       1 7.058824e-01 7.058824e-01 
       1 7.137255e-01 7.137255e-01 
       1 7.215686e-01 7.215686e-01 
       1 7.294118e-01 7.294118e-01 
       1 7.372549e-01 7.372549e-01 
       1 7.450980e-01 7.450980e-01 
       1 7.529412e-01 7.529412e-01 
       1 7.607843e-01 7.607843e-01 
       1 7.686275e-01 7.686275e-01 
       1 7.764706e-01 7.764706e-01 
       1 7.843137e-01 7.843137e-01 
       1 7.921569e-01 7.921569e-01 
       1 8.000000e-01 8.000000e-01 
       1 8.078431e-01 8.078431e-01 
       1 8.156863e-01 8.156863e-01 
       1 8.235294e-01 8.235294e-01 
       1 8.313725e-01 8.313725e-01 
       1 8.392157e-01 8.392157e-01 
       1 8.470588e-01 8.470588e-01 
       1 8.549020e-01 8.549020e-01 
       1 8.627451e-01 8.627451e-01 
       1 8.705882e-01 8.705882e-01 
       1 8.784314e-01 8.784314e-01 
       1 8.862745e-01 8.862745e-01 
       1 8.941176e-01 8.941176e-01 
       1 9.019608e-01 9.019608e-01 
       1 9.098039e-01 9.098039e-01 
       1 9.176471e-01 9.176471e-01 
       1 9.254902e-01 9.254902e-01 
       1 9.333333e-01 9.333333e-01 
       1 9.411765e-01 9.411765e-01 
       1 9.490196e-01 9.490196e-01 
       1 9.568627e-01 9.568627e-01 
       1 9.647059e-01 9.647059e-01 
       1 9.725490e-01 9.725490e-01 
       1 9.803922e-01 9.803922e-01 
       1 9.882353e-01 9.882353e-01 
       1 9.960784e-01 9.960784e-01 
       9.960784e-01 9.960784e-01 1 
       9.882353e-01 9.882353e-01 1 
       9.803922e-01 9.803922e-01 1 
       9.725490e-01 9.725490e-01 1 
       9.647059e-01 9.647059e-01 1 
       9.568627e-01 9.568627e-01 1 
       9.490196e-01 9.490196e-01 1 
       9.411765e-01 9.411765e-01 1 
       9.333333e-01 9.333333e-01 1 
       9.254902e-01 9.254902e-01 1 
       9.176471e-01 9.176471e-01 1 
       9.098039e-01 9.098039e-01 1 
       9.019608e-01 9.019608e-01 1 
       8.941176e-01 8.941176e-01 1 
       8.862745e-01 8.862745e-01 1 
       8.784314e-01 8.784314e-01 1 
       8.705882e-01 8.705882e-01 1 
       8.627451e-01 8.627451e-01 1 
       8.549020e-01 8.549020e-01 1 
       8.470588e-01 8.470588e-01 1 
       8.392157e-01 8.392157e-01 1 
       8.313725e-01 8.313725e-01 1 
       8.235294e-01 8.235294e-01 1 
       8.156863e-01 8.156863e-01 1 
       8.078431e-01 8.078431e-01 1 
       8.000000e-01 8.000000e-01 1 
       7.921569e-01 7.921569e-01 1 
       7.843137e-01 7.843137e-01 1 
       7.764706e-01 7.764706e-01 1 
       7.686275e-01 7.686275e-01 1 
       7.607843e-01 7.607843e-01 1 
       7.529412e-01 7.529412e-01 1 
       7.450980e-01 7.450980e-01 1 
       7.372549e-01 7.372549e-01 1 
       7.294118e-01 7.294118e-01 1 
       7.215686e-01 7.215686e-01 1 
       7.137255e-01 7.137255e-01 1 
       7.058824e-01 7.058824e-01 1 
       6.980392e-01 6.980392e-01 1 
       6.901961e-01 6.901961e-01 1 
       6.823529e-01 6.823529e-01 1 
       6.745098e-01 6.745098e-01 1 
       6.666667e-01 6.666667e-01 1 
       6.588235e-01 6.588235e-01 1 
       6.509804e-01 6.509804e-01 1 
       6.431373e-01 6.431373e-01 1 
       6.352941e-01 6.352941e-01 1 
       6.274510e-01 6.274510e-01 1 
       6.196078e-01 6.196078e-01 1 
       6.117647e-01 6.117647e-01 1 
       6.039216e-01 6.039216e-01 1 
       5.960784e-01 5.960784e-01 1 
       5.882353e-01 5.882353e-01 1 
       5.803922e-01 5.803922e-01 1 
       5.725490e-01 5.725490e-01 1 
       5.647059e-01 5.647059e-01 1 
       5.568627e-01 5.568627e-01 1 
       5.490196e-01 5.490196e-01 1 
       5.411765e-01 5.411765e-01 1 
       5.333333e-01 5.333333e-01 1 
       5.254902e-01 5.254902e-01 1 
       5.176471e-01 5.176471e-01 1 
       5.098039e-01 5.098039e-01 1 
       5.019608e-01 5.019608e-01 1 
       4.941176e-01 4.941176e-01 1 
       4.862745e-01 4.862745e-01 1 
       4.784314e-01 4.784314e-01 1 
       4.705882e-01 4.705882e-01 1 
       4.627451e-01 4.627451e-01 1 
       4.549020e-01 4.549020e-01 1 
       4.470588e-01 4.470588e-01 1 
       4.392157e-01 4.392157e-01 1 
       4.313725e-01 4.313725e-01 1 
       4.235294e-01 4.235294e-01 1 
       4.156863e-01 4.156863e-01 1 
       4.078431e-01 4.078431e-01 1 
       4.000000e-01 4.000000e-01 1 
       3.921569e-01 3.921569e-01 1 
       3.843137e-01 3.843137e-01 1 
       3.764706e-01 3.764706e-01 1 
       3.686275e-01 3.686275e-01 1 
       3.607843e-01 3.607843e-01 1 
       3.529412e-01 3.529412e-01 1 
       3.450980e-01 3.450980e-01 1 
       3.372549e-01 3.372549e-01 1 
       3.294118e-01 3.294118e-01 1 
       3.215686e-01 3.215686e-01 1 
       3.137255e-01 3.137255e-01 1 
       3.058824e-01 3.058824e-01 1 
       2.980392e-01 2.980392e-01 1 
       2.901961e-01 2.901961e-01 1 
       2.823529e-01 2.823529e-01 1 
       2.745098e-01 2.745098e-01 1 
