function cividis_r = cividis_r()
cividis_r = [ ... 
       9.957370e-01 9.093440e-01 2.177720e-01 
       9.955030e-01 9.038660e-01 2.123700e-01 
       9.952490e-01 8.983840e-01 2.075610e-01 
       9.948470e-01 8.929540e-01 2.034450e-01 
       9.922180e-01 8.883850e-01 2.054680e-01 
       9.872930e-01 8.847180e-01 2.133360e-01 
       9.824970e-01 8.810080e-01 2.208780e-01 
       9.777800e-01 8.772810e-01 2.279540e-01 
       9.731140e-01 8.735500e-01 2.346770e-01 
       9.684690e-01 8.698190e-01 2.413100e-01 
       9.638720e-01 8.660890e-01 2.474450e-01 
       9.592840e-01 8.623650e-01 2.535630e-01 
       9.547250e-01 8.586460e-01 2.593650e-01 
       9.501780e-01 8.549330e-01 2.650850e-01 
       9.456540e-01 8.512280e-01 2.705320e-01 
       9.411470e-01 8.475300e-01 2.758150e-01 
       9.366600e-01 8.438410e-01 2.808760e-01 
       9.321800e-01 8.401590e-01 2.858800e-01 
       9.277240e-01 8.364860e-01 2.906110e-01 
       9.232790e-01 8.328220e-01 2.952440e-01 
       9.188280e-01 8.291680e-01 2.999600e-01 
       9.144070e-01 8.255220e-01 3.043480e-01 
       9.100000e-01 8.218850e-01 3.085940e-01 
       9.055890e-01 8.182570e-01 3.128890e-01 
       9.011950e-01 8.146390e-01 3.170210e-01 
       8.968180e-01 8.110300e-01 3.209820e-01 
       8.924400e-01 8.074300e-01 3.249680e-01 
       8.880810e-01 8.038390e-01 3.287700e-01 
       8.837200e-01 8.002580e-01 3.325990e-01 
       8.793780e-01 7.966870e-01 3.362410e-01 
       8.750570e-01 7.931250e-01 3.396850e-01 
       8.707170e-01 7.895720e-01 3.433330e-01 
       8.664210e-01 7.860280e-01 3.465710e-01 
       8.621050e-01 7.824940e-01 3.500110e-01 
       8.578090e-01 7.789690e-01 3.532590e-01 
       8.535150e-01 7.754540e-01 3.565000e-01 
       8.492230e-01 7.719470e-01 3.597290e-01 
       8.449570e-01 7.684500e-01 3.627410e-01 
       8.406930e-01 7.649620e-01 3.657460e-01 
       8.364290e-01 7.614830e-01 3.687470e-01 
       8.321920e-01 7.580140e-01 3.715290e-01 
       8.279590e-01 7.545530e-01 3.742920e-01 
       8.237290e-01 7.511010e-01 3.770430e-01 
       8.194990e-01 7.476590e-01 3.797850e-01 
       8.152740e-01 7.442260e-01 3.825040e-01 
       8.110540e-01 7.408010e-01 3.851980e-01 
       8.068590e-01 7.373850e-01 3.876840e-01 
       8.026670e-01 7.339780e-01 3.901530e-01 
       7.984800e-01 7.305800e-01 3.925970e-01 
       7.942980e-01 7.271900e-01 3.950160e-01 
       7.901160e-01 7.238100e-01 3.974230e-01 
       7.859650e-01 7.204380e-01 3.996130e-01 
       7.817950e-01 7.170740e-01 4.019660e-01 
       7.776510e-01 7.137190e-01 4.041120e-01 
       7.734860e-01 7.103730e-01 4.064220e-01 
       7.693530e-01 7.070350e-01 4.085160e-01 
       7.652230e-01 7.037050e-01 4.105870e-01 
       7.610960e-01 7.003840e-01 4.126380e-01 
       7.569750e-01 6.970710e-01 4.146590e-01 
       7.528860e-01 6.937660e-01 4.164720e-01 
       7.487720e-01 6.904700e-01 4.184480e-01 
       7.446640e-01 6.871810e-01 4.203930e-01 
       7.405890e-01 6.839000e-01 4.221310e-01 
       7.364880e-01 6.806290e-01 4.240280e-01 
       7.324220e-01 6.773640e-01 4.257170e-01 
       7.283340e-01 6.741070e-01 4.275540e-01 
       7.242740e-01 6.708590e-01 4.291940e-01 
       7.202220e-01 6.676180e-01 4.308050e-01 
       7.161770e-01 6.643840e-01 4.323860e-01 
       7.121050e-01 6.611600e-01 4.341170e-01 
       7.080670e-01 6.579420e-01 4.356470e-01 
       7.040370e-01 6.547310e-01 4.371470e-01 
       7.000080e-01 6.515290e-01 4.386240e-01 
       6.959850e-01 6.483340e-01 4.400720e-01 
       6.919710e-01 6.451450e-01 4.414910e-01 
       6.879570e-01 6.419660e-01 4.428860e-01 
       6.839500e-01 6.387930e-01 4.442510e-01 
       6.799790e-01 6.356260e-01 4.454240e-01 
       6.759810e-01 6.324680e-01 4.467360e-01 
       6.719910e-01 6.293160e-01 4.480180e-01 
       6.680080e-01 6.261710e-01 4.492700e-01 
       6.640550e-01 6.230340e-01 4.503380e-01 
       6.600820e-01 6.199040e-01 4.515340e-01 
       6.561140e-01 6.167800e-01 4.527020e-01 
       6.521780e-01 6.136640e-01 4.536890e-01 
       6.482220e-01 6.105530e-01 4.548010e-01 
       6.442700e-01 6.074500e-01 4.558860e-01 
       6.403520e-01 6.043540e-01 4.567910e-01 
       6.364120e-01 6.012640e-01 4.578180e-01 
       6.325060e-01 5.981800e-01 4.586680e-01 
       6.285760e-01 5.951040e-01 4.596410e-01 
       6.246540e-01 5.920340e-01 4.605830e-01 
       6.207650e-01 5.889700e-01 4.613510e-01 
       6.168520e-01 5.859130e-01 4.622370e-01 
       6.129770e-01 5.828610e-01 4.629500e-01 
       6.091050e-01 5.798160e-01 4.636380e-01 
       6.052110e-01 5.767770e-01 4.644410e-01 
       6.013540e-01 5.737430e-01 4.650740e-01 
       5.974690e-01 5.707180e-01 4.658210e-01 
       5.936220e-01 5.676970e-01 4.664010e-01 
       5.897530e-01 5.646820e-01 4.670900e-01 
       5.859160e-01 5.616740e-01 4.676180e-01 
       5.820870e-01 5.586700e-01 4.681180e-01 
       5.782360e-01 5.556730e-01 4.687240e-01 
       5.744170e-01 5.526820e-01 4.691720e-01 
       5.706070e-01 5.496950e-01 4.695930e-01 
       5.668020e-01 5.467150e-01 4.699880e-01 
       5.629720e-01 5.437410e-01 4.704880e-01 
       5.591810e-01 5.407710e-01 4.708290e-01 
       5.553930e-01 5.378070e-01 4.711470e-01 
       5.516120e-01 5.348490e-01 4.714390e-01 
       5.478400e-01 5.318950e-01 4.717040e-01 
       5.440690e-01 5.289480e-01 4.719470e-01 
       5.403070e-01 5.260050e-01 4.721630e-01 
       5.365530e-01 5.230670e-01 4.723520e-01 
       5.328290e-01 5.201350e-01 4.724010e-01 
       5.290860e-01 5.172070e-01 4.725430e-01 
       5.253480e-01 5.142850e-01 4.726600e-01 
       5.216430e-01 5.113670e-01 4.726390e-01 
       5.179200e-01 5.084540e-01 4.727070e-01 
       5.142260e-01 5.055460e-01 4.726400e-01 
       5.105400e-01 5.026430e-01 4.725500e-01 
       5.068660e-01 4.997430e-01 4.724320e-01 
       5.031850e-01 4.968510e-01 4.723050e-01 
       4.995520e-01 4.939600e-01 4.720320e-01 
       4.959130e-01 4.910760e-01 4.717510e-01 
       4.922780e-01 4.881980e-01 4.714530e-01 
       4.886970e-01 4.853180e-01 4.710080e-01 
       4.851410e-01 4.824510e-01 4.703840e-01 
       4.816220e-01 4.795730e-01 4.697670e-01 
       4.781860e-01 4.766990e-01 4.688450e-01 
       4.748120e-01 4.738320e-01 4.676810e-01 
       4.715010e-01 4.709600e-01 4.663570e-01 
       4.682540e-01 4.680830e-01 4.649080e-01 
       4.649470e-01 4.652410e-01 4.633950e-01 
       4.616160e-01 4.624050e-01 4.619690e-01 
       4.583660e-01 4.595520e-01 4.604570e-01 
       4.550720e-01 4.567180e-01 4.589760e-01 
       4.517590e-01 4.538870e-01 4.575820e-01 
       4.484470e-01 4.510530e-01 4.562640e-01 
       4.451480e-01 4.482260e-01 4.548850e-01 
       4.418100e-01 4.454020e-01 4.536590e-01 
       4.385040e-01 4.425800e-01 4.523410e-01 
       4.351680e-01 4.397630e-01 4.511340e-01 
       4.318170e-01 4.369500e-01 4.499820e-01 
       4.284620e-01 4.341400e-01 4.488640e-01 
       4.251200e-01 4.313340e-01 4.476920e-01 
       4.217480e-01 4.285310e-01 4.466400e-01 
       4.183830e-01 4.257330e-01 4.455600e-01 
       4.149920e-01 4.229370e-01 4.445780e-01 
       4.116070e-01 4.201450e-01 4.435770e-01 
       4.082260e-01 4.173570e-01 4.425700e-01 
       4.048200e-01 4.145720e-01 4.416420e-01 
       4.014180e-01 4.117900e-01 4.407080e-01 
       3.979910e-01 4.090110e-01 4.398480e-01 
       3.945680e-01 4.062360e-01 4.389860e-01 
       3.911510e-01 4.034640e-01 4.380960e-01 
       3.877050e-01 4.006940e-01 4.373050e-01 
       3.842680e-01 3.979280e-01 4.364750e-01 
       3.808300e-01 3.951640e-01 4.356530e-01 
       3.773710e-01 3.924040e-01 4.348900e-01 
       3.738840e-01 3.896460e-01 4.342090e-01 
       3.704300e-01 3.868900e-01 4.334280e-01 
       3.669230e-01 3.841390e-01 4.327960e-01 
       3.634460e-01 3.813880e-01 4.320750e-01 
       3.599160e-01 3.786410e-01 4.315010e-01 
       3.564180e-01 3.758960e-01 4.308230e-01 
       3.528920e-01 3.731530e-01 4.302260e-01 
       3.493410e-01 3.704140e-01 4.296850e-01 
