function cmrmap_r = cmrmap_r()
cmrmap_r = [ ... 
       1 1 1 
       9.968627e-01 9.968627e-01 9.843137e-01 
       9.937255e-01 9.937255e-01 9.686275e-01 
       9.905882e-01 9.905882e-01 9.529412e-01 
       9.874510e-01 9.874510e-01 9.372549e-01 
       9.843137e-01 9.843137e-01 9.215686e-01 
       9.811765e-01 9.811765e-01 9.058824e-01 
       9.780392e-01 9.780392e-01 8.901961e-01 
       9.749020e-01 9.749020e-01 8.745098e-01 
       9.717647e-01 9.717647e-01 8.588235e-01 
       9.686275e-01 9.686275e-01 8.431373e-01 
       9.654902e-01 9.654902e-01 8.274510e-01 
       9.623529e-01 9.623529e-01 8.117647e-01 
       9.592157e-01 9.592157e-01 7.960784e-01 
       9.560784e-01 9.560784e-01 7.803922e-01 
       9.529412e-01 9.529412e-01 7.647059e-01 
       9.498039e-01 9.498039e-01 7.490196e-01 
       9.466667e-01 9.466667e-01 7.333333e-01 
       9.435294e-01 9.435294e-01 7.176471e-01 
       9.403922e-01 9.403922e-01 7.019608e-01 
       9.372549e-01 9.372549e-01 6.862745e-01 
       9.341176e-01 9.341176e-01 6.705882e-01 
       9.309804e-01 9.309804e-01 6.549020e-01 
       9.278431e-01 9.278431e-01 6.392157e-01 
       9.247059e-01 9.247059e-01 6.235294e-01 
       9.215686e-01 9.215686e-01 6.078431e-01 
       9.184314e-01 9.184314e-01 5.921569e-01 
       9.152941e-01 9.152941e-01 5.764706e-01 
       9.121569e-01 9.121569e-01 5.607843e-01 
       9.090196e-01 9.090196e-01 5.450980e-01 
       9.058824e-01 9.058824e-01 5.294118e-01 
       9.027451e-01 9.027451e-01 5.137255e-01 
       9.000000e-01 8.994118e-01 4.984314e-01 
       9.000000e-01 8.947059e-01 4.858824e-01 
       9.000000e-01 8.900000e-01 4.733333e-01 
       9.000000e-01 8.852941e-01 4.607843e-01 
       9.000000e-01 8.805882e-01 4.482353e-01 
       9.000000e-01 8.758824e-01 4.356863e-01 
       9.000000e-01 8.711765e-01 4.231373e-01 
       9.000000e-01 8.664706e-01 4.105882e-01 
       9.000000e-01 8.617647e-01 3.980392e-01 
       9.000000e-01 8.570588e-01 3.854902e-01 
       9.000000e-01 8.523529e-01 3.729412e-01 
       9.000000e-01 8.476471e-01 3.603922e-01 
       9.000000e-01 8.429412e-01 3.478431e-01 
       9.000000e-01 8.382353e-01 3.352941e-01 
       9.000000e-01 8.335294e-01 3.227451e-01 
       9.000000e-01 8.288235e-01 3.101961e-01 
       9.000000e-01 8.241176e-01 2.976471e-01 
       9.000000e-01 8.194118e-01 2.850980e-01 
       9.000000e-01 8.147059e-01 2.725490e-01 
       9.000000e-01 8.100000e-01 2.600000e-01 
       9.000000e-01 8.052941e-01 2.474510e-01 
       9.000000e-01 8.005882e-01 2.349020e-01 
       9.000000e-01 7.958824e-01 2.223529e-01 
       9.000000e-01 7.911765e-01 2.098039e-01 
       9.000000e-01 7.864706e-01 1.972549e-01 
       9.000000e-01 7.817647e-01 1.847059e-01 
       9.000000e-01 7.770588e-01 1.721569e-01 
       9.000000e-01 7.723529e-01 1.596078e-01 
       9.000000e-01 7.676471e-01 1.470588e-01 
       9.000000e-01 7.629412e-01 1.345098e-01 
       9.000000e-01 7.582353e-01 1.219608e-01 
       9.000000e-01 7.535294e-01 1.094118e-01 
       9.000000e-01 7.480392e-01 9.921569e-02 
       9.000000e-01 7.401961e-01 9.607843e-02 
       9.000000e-01 7.323529e-01 9.294118e-02 
       9.000000e-01 7.245098e-01 8.980392e-02 
       9.000000e-01 7.166667e-01 8.666667e-02 
       9.000000e-01 7.088235e-01 8.352941e-02 
       9.000000e-01 7.009804e-01 8.039216e-02 
       9.000000e-01 6.931373e-01 7.725490e-02 
       9.000000e-01 6.852941e-01 7.411765e-02 
       9.000000e-01 6.774510e-01 7.098039e-02 
       9.000000e-01 6.696078e-01 6.784314e-02 
       9.000000e-01 6.617647e-01 6.470588e-02 
       9.000000e-01 6.539216e-01 6.156863e-02 
       9.000000e-01 6.460784e-01 5.843137e-02 
       9.000000e-01 6.382353e-01 5.529412e-02 
       9.000000e-01 6.303922e-01 5.215686e-02 
       9.000000e-01 6.225490e-01 4.901961e-02 
       9.000000e-01 6.147059e-01 4.588235e-02 
       9.000000e-01 6.068627e-01 4.274510e-02 
       9.000000e-01 5.990196e-01 3.960784e-02 
       9.000000e-01 5.911765e-01 3.647059e-02 
       9.000000e-01 5.833333e-01 3.333333e-02 
       9.000000e-01 5.754902e-01 3.019608e-02 
       9.000000e-01 5.676471e-01 2.705882e-02 
       9.000000e-01 5.598039e-01 2.392157e-02 
       9.000000e-01 5.519608e-01 2.078431e-02 
       9.000000e-01 5.441176e-01 1.764706e-02 
       9.000000e-01 5.362745e-01 1.450980e-02 
       9.000000e-01 5.284314e-01 1.137255e-02 
       9.000000e-01 5.205882e-01 8.235294e-03 
       9.000000e-01 5.127451e-01 5.098039e-03 
       9.000000e-01 5.049020e-01 1.960784e-03 
       9.011765e-01 4.970588e-01 1.764706e-03 
       9.043137e-01 4.892157e-01 6.470588e-03 
       9.074510e-01 4.813725e-01 1.117647e-02 
       9.105882e-01 4.735294e-01 1.588235e-02 
       9.137255e-01 4.656863e-01 2.058824e-02 
       9.168627e-01 4.578431e-01 2.529412e-02 
       9.200000e-01 4.500000e-01 3.000000e-02 
       9.231373e-01 4.421569e-01 3.470588e-02 
       9.262745e-01 4.343137e-01 3.941176e-02 
       9.294118e-01 4.264706e-01 4.411765e-02 
       9.325490e-01 4.186275e-01 4.882353e-02 
       9.356863e-01 4.107843e-01 5.352941e-02 
       9.388235e-01 4.029412e-01 5.823529e-02 
       9.419608e-01 3.950980e-01 6.294118e-02 
       9.450980e-01 3.872549e-01 6.764706e-02 
       9.482353e-01 3.794118e-01 7.235294e-02 
       9.513725e-01 3.715686e-01 7.705882e-02 
       9.545098e-01 3.637255e-01 8.176471e-02 
       9.576471e-01 3.558824e-01 8.647059e-02 
       9.607843e-01 3.480392e-01 9.117647e-02 
       9.639216e-01 3.401961e-01 9.588235e-02 
       9.670588e-01 3.323529e-01 1.005882e-01 
       9.701961e-01 3.245098e-01 1.052941e-01 
       9.733333e-01 3.166667e-01 1.100000e-01 
       9.764706e-01 3.088235e-01 1.147059e-01 
       9.796078e-01 3.009804e-01 1.194118e-01 
       9.827451e-01 2.931373e-01 1.241176e-01 
       9.858824e-01 2.852941e-01 1.288235e-01 
       9.890196e-01 2.774510e-01 1.335294e-01 
       9.921569e-01 2.696078e-01 1.382353e-01 
       9.952941e-01 2.617647e-01 1.429412e-01 
       9.984314e-01 2.539216e-01 1.476471e-01 
       9.937255e-01 2.492157e-01 1.554902e-01 
       9.811765e-01 2.476471e-01 1.664706e-01 
       9.686275e-01 2.460784e-01 1.774510e-01 
       9.560784e-01 2.445098e-01 1.884314e-01 
       9.435294e-01 2.429412e-01 1.994118e-01 
       9.309804e-01 2.413725e-01 2.103922e-01 
       9.184314e-01 2.398039e-01 2.213725e-01 
       9.058824e-01 2.382353e-01 2.323529e-01 
       8.933333e-01 2.366667e-01 2.433333e-01 
       8.807843e-01 2.350980e-01 2.543137e-01 
       8.682353e-01 2.335294e-01 2.652941e-01 
       8.556863e-01 2.319608e-01 2.762745e-01 
       8.431373e-01 2.303922e-01 2.872549e-01 
       8.305882e-01 2.288235e-01 2.982353e-01 
       8.180392e-01 2.272549e-01 3.092157e-01 
       8.054902e-01 2.256863e-01 3.201961e-01 
       7.929412e-01 2.241176e-01 3.311765e-01 
       7.803922e-01 2.225490e-01 3.421569e-01 
       7.678431e-01 2.209804e-01 3.531373e-01 
       7.552941e-01 2.194118e-01 3.641176e-01 
       7.427451e-01 2.178431e-01 3.750980e-01 
       7.301961e-01 2.162745e-01 3.860784e-01 
       7.176471e-01 2.147059e-01 3.970588e-01 
       7.050980e-01 2.131373e-01 4.080392e-01 
       6.925490e-01 2.115686e-01 4.190196e-01 
       6.800000e-01 2.100000e-01 4.300000e-01 
       6.674510e-01 2.084314e-01 4.409804e-01 
       6.549020e-01 2.068627e-01 4.519608e-01 
       6.423529e-01 2.052941e-01 4.629412e-01 
       6.298039e-01 2.037255e-01 4.739216e-01 
       6.172549e-01 2.021569e-01 4.849020e-01 
       6.047059e-01 2.005882e-01 4.958824e-01 
       5.941176e-01 1.990196e-01 5.049020e-01 
       5.847059e-01 1.974510e-01 5.127451e-01 
       5.752941e-01 1.958824e-01 5.205882e-01 
       5.658824e-01 1.943137e-01 5.284314e-01 
       5.564706e-01 1.927451e-01 5.362745e-01 
       5.470588e-01 1.911765e-01 5.441176e-01 
       5.376471e-01 1.896078e-01 5.519608e-01 
       5.282353e-01 1.880392e-01 5.598039e-01 
       5.188235e-01 1.864706e-01 5.676471e-01 
