function coolwarm_r = coolwarm_r()
coolwarm_r = [ ... 
       7.056732e-01 1.555616e-02 1.502328e-01 
       7.115539e-01 3.333685e-02 1.544847e-01 
       7.174345e-01 5.111755e-02 1.587366e-01 
       7.233152e-01 6.889824e-02 1.629885e-01 
       7.291959e-01 8.667894e-02 1.672404e-01 
       7.350766e-01 1.044596e-01 1.714923e-01 
       7.409573e-01 1.222403e-01 1.757442e-01 
       7.468380e-01 1.400210e-01 1.799961e-01 
       7.527039e-01 1.575756e-01 1.842579e-01 
       7.581122e-01 1.681215e-01 1.888271e-01 
       7.635204e-01 1.786674e-01 1.933962e-01 
       7.689286e-01 1.892134e-01 1.979654e-01 
       7.743369e-01 1.997593e-01 2.025346e-01 
       7.797451e-01 2.103052e-01 2.071037e-01 
       7.851533e-01 2.208511e-01 2.116729e-01 
       7.905615e-01 2.313970e-01 2.162420e-01 
       7.959375e-01 2.418453e-01 2.208297e-01 
       8.008303e-01 2.508292e-01 2.256957e-01 
       8.057230e-01 2.598131e-01 2.305617e-01 
       8.106157e-01 2.687971e-01 2.354276e-01 
       8.155084e-01 2.777810e-01 2.402936e-01 
       8.204011e-01 2.867649e-01 2.451595e-01 
       8.252938e-01 2.957488e-01 2.500255e-01 
       8.301865e-01 3.047328e-01 2.548914e-01 
       8.350272e-01 3.136443e-01 2.597832e-01 
       8.393649e-01 3.218562e-01 2.649240e-01 
       8.437027e-01 3.300681e-01 2.700648e-01 
       8.480404e-01 3.382800e-01 2.752056e-01 
       8.523781e-01 3.464919e-01 2.803465e-01 
       8.567159e-01 3.547039e-01 2.854873e-01 
       8.610536e-01 3.629158e-01 2.906281e-01 
       8.653913e-01 3.711277e-01 2.957690e-01 
       8.696552e-01 3.792738e-01 3.009411e-01 
       8.734023e-01 3.869596e-01 3.063325e-01 
       8.771493e-01 3.946455e-01 3.117238e-01 
       8.808964e-01 4.023313e-01 3.171152e-01 
       8.846434e-01 4.100171e-01 3.225065e-01 
       8.883905e-01 4.177029e-01 3.278979e-01 
       8.921375e-01 4.253887e-01 3.332893e-01 
       8.958846e-01 4.330746e-01 3.386806e-01 
       8.995344e-01 4.406918e-01 3.441069e-01 
       9.026589e-01 4.479387e-01 3.497214e-01 
       9.057835e-01 4.551857e-01 3.553359e-01 
       9.089080e-01 4.624326e-01 3.609504e-01 
       9.120326e-01 4.696796e-01 3.665649e-01 
       9.151571e-01 4.769265e-01 3.721794e-01 
       9.182817e-01 4.841735e-01 3.777939e-01 
       9.214062e-01 4.914204e-01 3.834084e-01 
       9.244088e-01 4.985896e-01 3.890590e-01 
       9.268830e-01 5.054215e-01 3.948659e-01 
       9.293571e-01 5.122535e-01 4.006727e-01 
       9.318313e-01 5.190855e-01 4.064796e-01 
       9.343055e-01 5.259175e-01 4.122865e-01 
       9.367796e-01 5.327495e-01 4.180933e-01 
       9.392538e-01 5.395815e-01 4.239002e-01 
       9.417279e-01 5.464135e-01 4.297071e-01 
       9.440546e-01 5.531535e-01 4.355485e-01 
       9.458544e-01 5.595650e-01 4.415133e-01 
       9.476542e-01 5.659764e-01 4.474781e-01 
       9.494540e-01 5.723879e-01 4.534430e-01 
       9.512538e-01 5.787994e-01 4.594078e-01 
       9.530536e-01 5.852109e-01 4.653726e-01 
       9.548534e-01 5.916223e-01 4.713375e-01 
       9.566532e-01 5.980338e-01 4.773023e-01 
       9.582794e-01 6.043351e-01 4.832971e-01 
       9.593847e-01 6.103058e-01 4.893819e-01 
       9.604901e-01 6.162764e-01 4.954666e-01 
       9.615954e-01 6.222471e-01 5.015514e-01 
       9.627007e-01 6.282178e-01 5.076361e-01 
       9.638061e-01 6.341884e-01 5.137208e-01 
       9.649114e-01 6.401591e-01 5.198056e-01 
       9.660167e-01 6.461297e-01 5.258903e-01 
       9.669221e-01 6.519686e-01 5.319971e-01 
       9.673165e-01 6.574708e-01 5.381602e-01 
       9.677109e-01 6.629730e-01 5.443232e-01 
       9.681053e-01 6.684752e-01 5.504862e-01 
       9.684997e-01 6.739774e-01 5.566493e-01 
       9.688942e-01 6.794796e-01 5.628123e-01 
       9.692886e-01 6.849817e-01 5.689753e-01 
       9.696830e-01 6.904839e-01 5.751384e-01 
       9.698512e-01 6.958301e-01 5.813118e-01 
       9.695216e-01 7.008329e-01 5.875080e-01 
       9.691921e-01 7.058357e-01 5.937043e-01 
       9.688625e-01 7.108385e-01 5.999005e-01 
       9.685329e-01 7.158413e-01 6.060967e-01 
       9.682034e-01 7.208441e-01 6.122930e-01 
       9.678738e-01 7.258469e-01 6.184892e-01 
       9.675443e-01 7.308497e-01 6.246855e-01 
       9.669624e-01 7.356700e-01 6.308765e-01 
       9.658989e-01 7.401418e-01 6.370577e-01 
       9.648354e-01 7.446137e-01 6.432389e-01 
       9.637718e-01 7.490855e-01 6.494200e-01 
       9.627083e-01 7.535573e-01 6.556012e-01 
       9.616447e-01 7.580292e-01 6.617824e-01 
       9.605812e-01 7.625010e-01 6.679635e-01 
       9.595177e-01 7.669729e-01 6.741447e-01 
       9.581760e-01 7.712341e-01 6.803010e-01 
       9.563709e-01 7.751443e-01 6.864159e-01 
       9.545658e-01 7.790546e-01 6.925309e-01 
       9.527607e-01 7.829648e-01 6.986458e-01 
       9.509556e-01 7.868750e-01 7.047607e-01 
       9.491505e-01 7.907853e-01 7.108756e-01 
       9.473454e-01 7.946955e-01 7.169905e-01 
       9.455403e-01 7.986057e-01 7.231054e-01 
       9.434315e-01 8.022763e-01 7.291716e-01 
       9.408789e-01 8.055964e-01 7.351666e-01 
       9.383264e-01 8.089166e-01 7.411615e-01 
       9.357738e-01 8.122367e-01 7.471565e-01 
       9.332212e-01 8.155569e-01 7.531514e-01 
       9.306686e-01 8.188770e-01 7.591464e-01 
       9.281160e-01 8.221971e-01 7.651413e-01 
       9.255634e-01 8.255173e-01 7.711363e-01 
       9.226815e-01 8.285681e-01 7.770544e-01 
       9.193760e-01 8.312727e-01 7.828736e-01 
       9.160705e-01 8.339773e-01 7.886929e-01 
       9.127651e-01 8.366819e-01 7.945121e-01 
       9.094596e-01 8.393865e-01 8.003314e-01 
       9.061541e-01 8.420911e-01 8.061506e-01 
       9.028487e-01 8.447957e-01 8.119698e-01 
       8.995432e-01 8.475002e-01 8.177891e-01 
       8.958818e-01 8.499061e-01 8.234991e-01 
       8.918169e-01 8.519733e-01 8.290853e-01 
       8.877520e-01 8.540405e-01 8.346715e-01 
       8.836871e-01 8.561077e-01 8.402577e-01 
       8.796223e-01 8.581749e-01 8.458439e-01 
       8.755574e-01 8.602422e-01 8.514301e-01 
       8.714925e-01 8.623094e-01 8.570163e-01 
       8.674276e-01 8.643766e-01 8.626025e-01 
       8.633918e-01 8.650838e-01 8.676339e-01 
       8.593851e-01 8.644310e-01 8.721105e-01 
       8.553784e-01 8.637781e-01 8.765872e-01 
       8.513716e-01 8.631253e-01 8.810638e-01 
       8.473649e-01 8.624725e-01 8.855405e-01 
       8.433582e-01 8.618197e-01 8.900171e-01 
       8.393514e-01 8.611668e-01 8.944938e-01 
       8.353447e-01 8.605140e-01 8.989704e-01 
       8.311482e-01 8.595132e-01 9.031102e-01 
       8.267843e-01 8.582054e-01 9.069526e-01 
       8.224204e-01 8.568975e-01 9.107951e-01 
       8.180565e-01 8.555897e-01 9.146376e-01 
       8.136926e-01 8.542818e-01 9.184801e-01 
       8.093287e-01 8.529740e-01 9.223226e-01 
       8.049648e-01 8.516662e-01 9.261651e-01 
       8.006008e-01 8.503583e-01 9.300076e-01 
       7.960639e-01 8.486932e-01 9.334715e-01 
       7.913923e-01 8.467502e-01 9.366409e-01 
       7.867207e-01 8.448072e-01 9.398104e-01 
       7.820491e-01 8.428642e-01 9.429798e-01 
       7.773775e-01 8.409212e-01 9.461493e-01 
       7.727059e-01 8.389782e-01 9.493188e-01 
       7.680344e-01 8.370352e-01 9.524882e-01 
       7.633628e-01 8.350922e-01 9.556577e-01 
       7.585388e-01 8.327866e-01 9.584079e-01 
       7.536106e-01 8.302329e-01 9.608712e-01 
       7.486824e-01 8.276791e-01 9.633345e-01 
       7.437542e-01 8.251254e-01 9.657978e-01 
       7.388260e-01 8.225716e-01 9.682611e-01 
       7.338978e-01 8.200179e-01 9.707244e-01 
       7.289696e-01 8.174641e-01 9.731877e-01 
       7.240414e-01 8.149104e-01 9.756510e-01 
       7.189853e-01 8.119929e-01 9.776562e-01 
       7.138525e-01 8.088571e-01 9.793865e-01 
       7.087197e-01 8.057214e-01 9.811168e-01 
       7.035869e-01 8.025856e-01 9.828471e-01 
       6.984541e-01 7.994499e-01 9.845775e-01 
       6.933213e-01 7.963141e-01 9.863078e-01 
       6.881885e-01 7.931784e-01 9.880381e-01 
       6.830557e-01 7.900426e-01 9.897684e-01 
       6.778230e-01 7.865464e-01 9.910046e-01 
