function copper = copper()
copper = [ ... 
       0 0 0 
       4.844290e-03 3.063529e-03 1.950980e-03 
       9.688579e-03 6.127059e-03 3.901961e-03 
       1.453287e-02 9.190588e-03 5.852941e-03 
       1.937716e-02 1.225412e-02 7.803922e-03 
       2.422145e-02 1.531765e-02 9.754902e-03 
       2.906574e-02 1.838118e-02 1.170588e-02 
       3.391003e-02 2.144471e-02 1.365686e-02 
       3.875432e-02 2.450824e-02 1.560784e-02 
       4.359861e-02 2.757176e-02 1.755882e-02 
       4.844290e-02 3.063529e-02 1.950980e-02 
       5.328718e-02 3.369882e-02 2.146078e-02 
       5.813147e-02 3.676235e-02 2.341176e-02 
       6.297576e-02 3.982588e-02 2.536275e-02 
       6.782005e-02 4.288941e-02 2.731373e-02 
       7.266434e-02 4.595294e-02 2.926471e-02 
       7.750863e-02 4.901647e-02 3.121569e-02 
       8.235292e-02 5.208000e-02 3.316667e-02 
       8.719721e-02 5.514353e-02 3.511765e-02 
       9.204150e-02 5.820706e-02 3.706863e-02 
       9.688579e-02 6.127059e-02 3.901961e-02 
       1.017301e-01 6.433412e-02 4.097059e-02 
       1.065744e-01 6.739765e-02 4.292157e-02 
       1.114187e-01 7.046118e-02 4.487255e-02 
       1.162629e-01 7.352471e-02 4.682353e-02 
       1.211072e-01 7.658824e-02 4.877451e-02 
       1.259515e-01 7.965176e-02 5.072549e-02 
       1.307958e-01 8.271529e-02 5.267647e-02 
       1.356401e-01 8.577882e-02 5.462745e-02 
       1.404844e-01 8.884235e-02 5.657843e-02 
       1.453287e-01 9.190588e-02 5.852941e-02 
       1.501730e-01 9.496941e-02 6.048039e-02 
       1.550173e-01 9.803294e-02 6.243137e-02 
       1.598616e-01 1.010965e-01 6.438235e-02 
       1.647058e-01 1.041600e-01 6.633333e-02 
       1.695501e-01 1.072235e-01 6.828431e-02 
       1.743944e-01 1.102871e-01 7.023529e-02 
       1.792387e-01 1.133506e-01 7.218627e-02 
       1.840830e-01 1.164141e-01 7.413725e-02 
       1.889273e-01 1.194776e-01 7.608824e-02 
       1.937716e-01 1.225412e-01 7.803922e-02 
       1.986159e-01 1.256047e-01 7.999020e-02 
       2.034602e-01 1.286682e-01 8.194118e-02 
       2.083044e-01 1.317318e-01 8.389216e-02 
       2.131487e-01 1.347953e-01 8.584314e-02 
       2.179930e-01 1.378588e-01 8.779412e-02 
       2.228373e-01 1.409224e-01 8.974510e-02 
       2.276816e-01 1.439859e-01 9.169608e-02 
       2.325259e-01 1.470494e-01 9.364706e-02 
       2.373702e-01 1.501129e-01 9.559804e-02 
       2.422145e-01 1.531765e-01 9.754902e-02 
       2.470588e-01 1.562400e-01 9.950000e-02 
       2.519031e-01 1.593035e-01 1.014510e-01 
       2.567473e-01 1.623671e-01 1.034020e-01 
       2.615916e-01 1.654306e-01 1.053529e-01 
       2.664359e-01 1.684941e-01 1.073039e-01 
       2.712802e-01 1.715576e-01 1.092549e-01 
       2.761245e-01 1.746212e-01 1.112059e-01 
       2.809688e-01 1.776847e-01 1.131569e-01 
       2.858131e-01 1.807482e-01 1.151078e-01 
       2.906574e-01 1.838118e-01 1.170588e-01 
       2.955017e-01 1.868753e-01 1.190098e-01 
       3.003460e-01 1.899388e-01 1.209608e-01 
       3.051902e-01 1.930024e-01 1.229118e-01 
       3.100345e-01 1.960659e-01 1.248627e-01 
       3.148788e-01 1.991294e-01 1.268137e-01 
       3.197231e-01 2.021929e-01 1.287647e-01 
       3.245674e-01 2.052565e-01 1.307157e-01 
       3.294117e-01 2.083200e-01 1.326667e-01 
       3.342560e-01 2.113835e-01 1.346176e-01 
       3.391003e-01 2.144471e-01 1.365686e-01 
       3.439446e-01 2.175106e-01 1.385196e-01 
       3.487888e-01 2.205741e-01 1.404706e-01 
       3.536331e-01 2.236376e-01 1.424216e-01 
       3.584774e-01 2.267012e-01 1.443725e-01 
       3.633217e-01 2.297647e-01 1.463235e-01 
       3.681660e-01 2.328282e-01 1.482745e-01 
       3.730103e-01 2.358918e-01 1.502255e-01 
       3.778546e-01 2.389553e-01 1.521765e-01 
       3.826989e-01 2.420188e-01 1.541275e-01 
       3.875432e-01 2.450824e-01 1.560784e-01 
       3.923875e-01 2.481459e-01 1.580294e-01 
       3.972317e-01 2.512094e-01 1.599804e-01 
       4.020760e-01 2.542729e-01 1.619314e-01 
       4.069203e-01 2.573365e-01 1.638824e-01 
       4.117646e-01 2.604000e-01 1.658333e-01 
       4.166089e-01 2.634635e-01 1.677843e-01 
       4.214532e-01 2.665271e-01 1.697353e-01 
       4.262975e-01 2.695906e-01 1.716863e-01 
       4.311418e-01 2.726541e-01 1.736373e-01 
       4.359861e-01 2.757176e-01 1.755882e-01 
       4.408303e-01 2.787812e-01 1.775392e-01 
       4.456746e-01 2.818447e-01 1.794902e-01 
       4.505189e-01 2.849082e-01 1.814412e-01 
       4.553632e-01 2.879718e-01 1.833922e-01 
       4.602075e-01 2.910353e-01 1.853431e-01 
       4.650518e-01 2.940988e-01 1.872941e-01 
       4.698961e-01 2.971624e-01 1.892451e-01 
       4.747404e-01 3.002259e-01 1.911961e-01 
       4.795847e-01 3.032894e-01 1.931471e-01 
       4.844290e-01 3.063529e-01 1.950980e-01 
       4.892732e-01 3.094165e-01 1.970490e-01 
       4.941175e-01 3.124800e-01 1.990000e-01 
       4.989618e-01 3.155435e-01 2.009510e-01 
       5.038061e-01 3.186071e-01 2.029020e-01 
       5.086504e-01 3.216706e-01 2.048529e-01 
       5.134947e-01 3.247341e-01 2.068039e-01 
       5.183390e-01 3.277976e-01 2.087549e-01 
       5.231833e-01 3.308612e-01 2.107059e-01 
       5.280276e-01 3.339247e-01 2.126569e-01 
       5.328718e-01 3.369882e-01 2.146078e-01 
       5.377161e-01 3.400518e-01 2.165588e-01 
       5.425604e-01 3.431153e-01 2.185098e-01 
       5.474047e-01 3.461788e-01 2.204608e-01 
       5.522490e-01 3.492424e-01 2.224118e-01 
       5.570933e-01 3.523059e-01 2.243627e-01 
       5.619376e-01 3.553694e-01 2.263137e-01 
       5.667819e-01 3.584329e-01 2.282647e-01 
       5.716262e-01 3.614965e-01 2.302157e-01 
       5.764705e-01 3.645600e-01 2.321667e-01 
       5.813147e-01 3.676235e-01 2.341176e-01 
       5.861590e-01 3.706871e-01 2.360686e-01 
       5.910033e-01 3.737506e-01 2.380196e-01 
       5.958476e-01 3.768141e-01 2.399706e-01 
       6.006919e-01 3.798776e-01 2.419216e-01 
       6.055362e-01 3.829412e-01 2.438725e-01 
       6.103805e-01 3.860047e-01 2.458235e-01 
       6.152248e-01 3.890682e-01 2.477745e-01 
       6.200691e-01 3.921318e-01 2.497255e-01 
       6.249133e-01 3.951953e-01 2.516765e-01 
       6.297576e-01 3.982588e-01 2.536275e-01 
       6.346019e-01 4.013224e-01 2.555784e-01 
       6.394462e-01 4.043859e-01 2.575294e-01 
       6.442905e-01 4.074494e-01 2.594804e-01 
       6.491348e-01 4.105129e-01 2.614314e-01 
       6.539791e-01 4.135765e-01 2.633824e-01 
       6.588234e-01 4.166400e-01 2.653333e-01 
       6.636677e-01 4.197035e-01 2.672843e-01 
       6.685120e-01 4.227671e-01 2.692353e-01 
       6.733562e-01 4.258306e-01 2.711863e-01 
       6.782005e-01 4.288941e-01 2.731373e-01 
       6.830448e-01 4.319576e-01 2.750882e-01 
       6.878891e-01 4.350212e-01 2.770392e-01 
       6.927334e-01 4.380847e-01 2.789902e-01 
       6.975777e-01 4.411482e-01 2.809412e-01 
       7.024220e-01 4.442118e-01 2.828922e-01 
       7.072663e-01 4.472753e-01 2.848431e-01 
       7.121106e-01 4.503388e-01 2.867941e-01 
       7.169548e-01 4.534024e-01 2.887451e-01 
       7.217991e-01 4.564659e-01 2.906961e-01 
       7.266434e-01 4.595294e-01 2.926471e-01 
       7.314877e-01 4.625929e-01 2.945980e-01 
       7.363320e-01 4.656565e-01 2.965490e-01 
       7.411763e-01 4.687200e-01 2.985000e-01 
       7.460206e-01 4.717835e-01 3.004510e-01 
       7.508649e-01 4.748471e-01 3.024020e-01 
       7.557092e-01 4.779106e-01 3.043529e-01 
       7.605535e-01 4.809741e-01 3.063039e-01 
       7.653977e-01 4.840376e-01 3.082549e-01 
       7.702420e-01 4.871012e-01 3.102059e-01 
       7.750863e-01 4.901647e-01 3.121569e-01 
       7.799306e-01 4.932282e-01 3.141078e-01 
       7.847749e-01 4.962918e-01 3.160588e-01 
       7.896192e-01 4.993553e-01 3.180098e-01 
       7.944635e-01 5.024188e-01 3.199608e-01 
       7.993078e-01 5.054824e-01 3.219118e-01 
       8.041521e-01 5.085459e-01 3.238627e-01 
       8.089963e-01 5.116094e-01 3.258137e-01 
       8.138406e-01 5.146729e-01 3.277647e-01 
       8.186849e-01 5.177365e-01 3.297157e-01 
