function dark2_r = dark2_r()
dark2_r = [ ... 
       4.000000e-01 4.000000e-01 4.000000e-01 
       4.000000e-01 4.000000e-01 4.000000e-01 
       4.000000e-01 4.000000e-01 4.000000e-01 
       4.000000e-01 4.000000e-01 4.000000e-01 
       4.000000e-01 4.000000e-01 4.000000e-01 
       4.000000e-01 4.000000e-01 4.000000e-01 
       4.000000e-01 4.000000e-01 4.000000e-01 
       4.000000e-01 4.000000e-01 4.000000e-01 
       4.000000e-01 4.000000e-01 4.000000e-01 
       4.000000e-01 4.000000e-01 4.000000e-01 
       4.000000e-01 4.000000e-01 4.000000e-01 
       4.000000e-01 4.000000e-01 4.000000e-01 
       4.000000e-01 4.000000e-01 4.000000e-01 
       4.000000e-01 4.000000e-01 4.000000e-01 
       4.000000e-01 4.000000e-01 4.000000e-01 
       4.000000e-01 4.000000e-01 4.000000e-01 
       4.000000e-01 4.000000e-01 4.000000e-01 
       4.000000e-01 4.000000e-01 4.000000e-01 
       4.000000e-01 4.000000e-01 4.000000e-01 
       4.000000e-01 4.000000e-01 4.000000e-01 
       4.000000e-01 4.000000e-01 4.000000e-01 
       4.000000e-01 4.000000e-01 4.000000e-01 
       4.000000e-01 4.000000e-01 4.000000e-01 
       4.000000e-01 4.000000e-01 4.000000e-01 
       4.000000e-01 4.000000e-01 4.000000e-01 
       4.000000e-01 4.000000e-01 4.000000e-01 
       4.000000e-01 4.000000e-01 4.000000e-01 
       4.000000e-01 4.000000e-01 4.000000e-01 
       4.000000e-01 4.000000e-01 4.000000e-01 
       4.000000e-01 4.000000e-01 4.000000e-01 
       4.000000e-01 4.000000e-01 4.000000e-01 
       4.000000e-01 4.000000e-01 4.000000e-01 
       6.509804e-01 4.627451e-01 1.137255e-01 
       6.509804e-01 4.627451e-01 1.137255e-01 
       6.509804e-01 4.627451e-01 1.137255e-01 
       6.509804e-01 4.627451e-01 1.137255e-01 
       6.509804e-01 4.627451e-01 1.137255e-01 
       6.509804e-01 4.627451e-01 1.137255e-01 
       6.509804e-01 4.627451e-01 1.137255e-01 
       6.509804e-01 4.627451e-01 1.137255e-01 
       6.509804e-01 4.627451e-01 1.137255e-01 
       6.509804e-01 4.627451e-01 1.137255e-01 
       6.509804e-01 4.627451e-01 1.137255e-01 
       6.509804e-01 4.627451e-01 1.137255e-01 
       6.509804e-01 4.627451e-01 1.137255e-01 
       6.509804e-01 4.627451e-01 1.137255e-01 
       6.509804e-01 4.627451e-01 1.137255e-01 
       6.509804e-01 4.627451e-01 1.137255e-01 
       6.509804e-01 4.627451e-01 1.137255e-01 
       6.509804e-01 4.627451e-01 1.137255e-01 
       6.509804e-01 4.627451e-01 1.137255e-01 
       6.509804e-01 4.627451e-01 1.137255e-01 
       6.509804e-01 4.627451e-01 1.137255e-01 
       6.509804e-01 4.627451e-01 1.137255e-01 
       6.509804e-01 4.627451e-01 1.137255e-01 
       6.509804e-01 4.627451e-01 1.137255e-01 
       6.509804e-01 4.627451e-01 1.137255e-01 
       6.509804e-01 4.627451e-01 1.137255e-01 
       6.509804e-01 4.627451e-01 1.137255e-01 
       6.509804e-01 4.627451e-01 1.137255e-01 
       6.509804e-01 4.627451e-01 1.137255e-01 
       6.509804e-01 4.627451e-01 1.137255e-01 
       6.509804e-01 4.627451e-01 1.137255e-01 
       6.509804e-01 4.627451e-01 1.137255e-01 
       9.019608e-01 6.705882e-01 7.843137e-03 
       9.019608e-01 6.705882e-01 7.843137e-03 
       9.019608e-01 6.705882e-01 7.843137e-03 
       9.019608e-01 6.705882e-01 7.843137e-03 
       9.019608e-01 6.705882e-01 7.843137e-03 
       9.019608e-01 6.705882e-01 7.843137e-03 
       9.019608e-01 6.705882e-01 7.843137e-03 
       9.019608e-01 6.705882e-01 7.843137e-03 
       9.019608e-01 6.705882e-01 7.843137e-03 
       9.019608e-01 6.705882e-01 7.843137e-03 
       9.019608e-01 6.705882e-01 7.843137e-03 
       9.019608e-01 6.705882e-01 7.843137e-03 
       9.019608e-01 6.705882e-01 7.843137e-03 
       9.019608e-01 6.705882e-01 7.843137e-03 
       9.019608e-01 6.705882e-01 7.843137e-03 
       9.019608e-01 6.705882e-01 7.843137e-03 
       9.019608e-01 6.705882e-01 7.843137e-03 
       9.019608e-01 6.705882e-01 7.843137e-03 
       9.019608e-01 6.705882e-01 7.843137e-03 
       9.019608e-01 6.705882e-01 7.843137e-03 
       9.019608e-01 6.705882e-01 7.843137e-03 
       9.019608e-01 6.705882e-01 7.843137e-03 
       9.019608e-01 6.705882e-01 7.843137e-03 
       9.019608e-01 6.705882e-01 7.843137e-03 
       9.019608e-01 6.705882e-01 7.843137e-03 
       9.019608e-01 6.705882e-01 7.843137e-03 
       9.019608e-01 6.705882e-01 7.843137e-03 
       9.019608e-01 6.705882e-01 7.843137e-03 
       9.019608e-01 6.705882e-01 7.843137e-03 
       9.019608e-01 6.705882e-01 7.843137e-03 
       9.019608e-01 6.705882e-01 7.843137e-03 
       9.019608e-01 6.705882e-01 7.843137e-03 
       4.000000e-01 6.509804e-01 1.176471e-01 
       4.000000e-01 6.509804e-01 1.176471e-01 
       4.000000e-01 6.509804e-01 1.176471e-01 
       4.000000e-01 6.509804e-01 1.176471e-01 
       4.000000e-01 6.509804e-01 1.176471e-01 
       4.000000e-01 6.509804e-01 1.176471e-01 
       4.000000e-01 6.509804e-01 1.176471e-01 
       4.000000e-01 6.509804e-01 1.176471e-01 
       4.000000e-01 6.509804e-01 1.176471e-01 
       4.000000e-01 6.509804e-01 1.176471e-01 
       4.000000e-01 6.509804e-01 1.176471e-01 
       4.000000e-01 6.509804e-01 1.176471e-01 
       4.000000e-01 6.509804e-01 1.176471e-01 
       4.000000e-01 6.509804e-01 1.176471e-01 
       4.000000e-01 6.509804e-01 1.176471e-01 
       4.000000e-01 6.509804e-01 1.176471e-01 
       4.000000e-01 6.509804e-01 1.176471e-01 
       4.000000e-01 6.509804e-01 1.176471e-01 
       4.000000e-01 6.509804e-01 1.176471e-01 
       4.000000e-01 6.509804e-01 1.176471e-01 
       4.000000e-01 6.509804e-01 1.176471e-01 
       4.000000e-01 6.509804e-01 1.176471e-01 
       4.000000e-01 6.509804e-01 1.176471e-01 
       4.000000e-01 6.509804e-01 1.176471e-01 
       4.000000e-01 6.509804e-01 1.176471e-01 
       4.000000e-01 6.509804e-01 1.176471e-01 
       4.000000e-01 6.509804e-01 1.176471e-01 
       4.000000e-01 6.509804e-01 1.176471e-01 
       4.000000e-01 6.509804e-01 1.176471e-01 
       4.000000e-01 6.509804e-01 1.176471e-01 
       4.000000e-01 6.509804e-01 1.176471e-01 
       4.000000e-01 6.509804e-01 1.176471e-01 
       9.058824e-01 1.607843e-01 5.411765e-01 
       9.058824e-01 1.607843e-01 5.411765e-01 
       9.058824e-01 1.607843e-01 5.411765e-01 
       9.058824e-01 1.607843e-01 5.411765e-01 
       9.058824e-01 1.607843e-01 5.411765e-01 
       9.058824e-01 1.607843e-01 5.411765e-01 
       9.058824e-01 1.607843e-01 5.411765e-01 
       9.058824e-01 1.607843e-01 5.411765e-01 
       9.058824e-01 1.607843e-01 5.411765e-01 
       9.058824e-01 1.607843e-01 5.411765e-01 
       9.058824e-01 1.607843e-01 5.411765e-01 
       9.058824e-01 1.607843e-01 5.411765e-01 
       9.058824e-01 1.607843e-01 5.411765e-01 
       9.058824e-01 1.607843e-01 5.411765e-01 
       9.058824e-01 1.607843e-01 5.411765e-01 
       9.058824e-01 1.607843e-01 5.411765e-01 
       9.058824e-01 1.607843e-01 5.411765e-01 
       9.058824e-01 1.607843e-01 5.411765e-01 
       9.058824e-01 1.607843e-01 5.411765e-01 
       9.058824e-01 1.607843e-01 5.411765e-01 
       9.058824e-01 1.607843e-01 5.411765e-01 
       9.058824e-01 1.607843e-01 5.411765e-01 
       9.058824e-01 1.607843e-01 5.411765e-01 
       9.058824e-01 1.607843e-01 5.411765e-01 
       9.058824e-01 1.607843e-01 5.411765e-01 
       9.058824e-01 1.607843e-01 5.411765e-01 
       9.058824e-01 1.607843e-01 5.411765e-01 
       9.058824e-01 1.607843e-01 5.411765e-01 
       9.058824e-01 1.607843e-01 5.411765e-01 
       9.058824e-01 1.607843e-01 5.411765e-01 
       9.058824e-01 1.607843e-01 5.411765e-01 
       9.058824e-01 1.607843e-01 5.411765e-01 
       4.588235e-01 4.392157e-01 7.019608e-01 
       4.588235e-01 4.392157e-01 7.019608e-01 
       4.588235e-01 4.392157e-01 7.019608e-01 
       4.588235e-01 4.392157e-01 7.019608e-01 
       4.588235e-01 4.392157e-01 7.019608e-01 
       4.588235e-01 4.392157e-01 7.019608e-01 
       4.588235e-01 4.392157e-01 7.019608e-01 
       4.588235e-01 4.392157e-01 7.019608e-01 
       4.588235e-01 4.392157e-01 7.019608e-01 
