function flag_r = flag_r()
flag_r = [ ... 
       0 0 0 
       0 0 2.097893e-01 
       0 0 4.930701e-01 
       0 0 7.773816e-01 
       0 0 1 
       1.970592e-01 3.612417e-01 1 
       4.792127e-01 6.872367e-01 1 
       7.644578e-01 9.110226e-01 1 
       1 9.993171e-01 1 
       1 9.389884e-01 8.155673e-01 
       1 7.390089e-01 5.346376e-01 
       1 4.291206e-01 2.485564e-01 
       1 5.541147e-02 0 
       8.280861e-01 0 0 
       5.484761e-01 0 0 
       2.616564e-01 0 0 
       1.028437e-02 0 0 
       0 0 1.595071e-01 
       0 0 4.377020e-01 
       0 0 7.251621e-01 
       0 0 9.791351e-01 
       1.472166e-01 2.913897e-01 1 
       4.239014e-01 6.317110e-01 1 
       7.119038e-01 8.780812e-01 1 
       9.683910e-01 9.938591e-01 1 
       1 9.618256e-01 8.649534e-01 
       1 7.867449e-01 5.898733e-01 
       1 4.946558e-01 3.014269e-01 
       1 1.289992e-01 4.251315e-02 
       8.769987e-01 0 0 
       6.036173e-01 0 0 
       3.148254e-01 0 0 
       5.357348e-02 0 0 
       0 0 1.110846e-01 
       0 0 3.826742e-01 
       0 0 6.717129e-01 
       0 0 9.352137e-01 
       9.930083e-02 2.199464e-01 1 
       3.690056e-01 5.727351e-01 1 
       6.581925e-01 8.403441e-01 1 
       9.238523e-01 9.829731e-01 1 
       1 9.794098e-01 9.123462e-01 
       1 8.301840e-01 6.446181e-01 
       1 5.574894e-01 3.553819e-01 
       1 2.018824e-01 8.765385e-02 
       9.238523e-01 0 0 
       6.581925e-01 0 0 
       3.690056e-01 0 0 
       9.930083e-02 0 0 
       0 0 6.478627e-02 
       0 0 3.282871e-01 
       0 0 6.173258e-01 
       0 0 8.889154e-01 
       5.357348e-02 1.473017e-01 1 
       3.148254e-01 5.106312e-01 1 
       6.036173e-01 7.980172e-01 1 
       8.769987e-01 9.667184e-01 1 
       1 9.916447e-01 9.574869e-01 
       1 8.690889e-01 6.985731e-01 
       1 6.172782e-01 4.101267e-01 
       1 2.736630e-01 1.350466e-01 
       9.683910e-01 0 0 
       7.119038e-01 0 0 
       4.239014e-01 0 0 
       1.472166e-01 0 0 
       0 0 2.086490e-02 
       0 0 2.748379e-01 
       0 0 5.622980e-01 
       0 0 8.404929e-01 
       1.028437e-02 7.385253e-02 1 
       2.616564e-01 4.457384e-01 1 
       5.484761e-01 7.513319e-01 1 
       8.280861e-01 9.451838e-01 1 
       1 9.984636e-01 1 
       1 9.032472e-01 7.514436e-01 
       1 6.736956e-01 4.653624e-01 
       1 3.439489e-01 1.844327e-01 
       1 0 0 
       7.644578e-01 0 0 
       4.792127e-01 0 0 
       1.970592e-01 0 0 
       0 0 0 
       0 0 2.226184e-01 
       0 0 5.069299e-01 
       0 0 7.902107e-01 
       0 0 1 
       2.097893e-01 3.784111e-01 1 
       4.930701e-01 7.005430e-01 1 
       7.773816e-01 9.184870e-01 1 
       1 9.998293e-01 1 
       1 9.324722e-01 8.029408e-01 
       1 7.264336e-01 5.207873e-01 
       1 4.123563e-01 2.355422e-01 
       1 3.695150e-02 0 
       8.155673e-01 0 0 
       5.346376e-01 0 0 
       2.485564e-01 0 0 
       0 0 0 
       0 0 1.719139e-01 
       0 0 4.515239e-01 
       0 0 7.383436e-01 
       0 0 9.897156e-01 
       1.595071e-01 3.090170e-01 1 
       4.377020e-01 6.459281e-01 1 
       7.251621e-01 8.867737e-01 1 
       9.791351e-01 9.957342e-01 1 
       1 9.566044e-01 8.527834e-01 
       1 7.752040e-01 5.760986e-01 
       1 4.785116e-01 2.880962e-01 
       1 1.106527e-01 3.160904e-02 
       8.649534e-01 0 0 
       5.898733e-01 0 0 
       3.014269e-01 0 0 
       4.251315e-02 0 0 
       0 0 1.230013e-01 
       0 0 3.963827e-01 
       0 0 6.851746e-01 
       0 0 9.464265e-01 
       1.110846e-01 2.379352e-01 1 
       3.826742e-01 5.877853e-01 1 
       6.717129e-01 8.502171e-01 1 
       9.352137e-01 9.862007e-01 1 
       1 9.755120e-01 9.006992e-01 
       1 8.197405e-01 6.309944e-01 
       1 5.420534e-01 3.418075e-01 
       1 1.837495e-01 7.614769e-02 
       9.123462e-01 0 0 
       6.446181e-01 0 0 
       3.553819e-01 0 0 
       8.765385e-02 0 0 
       0 0 7.614769e-02 
       0 0 3.418075e-01 
       0 0 6.309944e-01 
       0 0 9.006992e-01 
       6.478627e-02 1.655539e-01 1 
       3.282871e-01 5.264322e-01 1 
       6.173258e-01 8.090170e-01 1 
       8.889154e-01 9.712810e-01 1 
       1 9.890916e-01 9.464265e-01 
       1 8.597999e-01 6.851746e-01 
       1 6.026346e-01 3.963827e-01 
       1 2.558428e-01 1.230013e-01 
       9.574869e-01 0 0 
       6.985731e-01 0 0 
       4.101267e-01 0 0 
       1.350466e-01 0 0 
       0 0 3.160904e-02 
       0 0 2.880962e-01 
       0 0 5.760986e-01 
       0 0 8.527834e-01 
       2.086490e-02 9.226836e-02 1 
       2.748379e-01 4.622039e-01 1 
       5.622980e-01 7.633983e-01 1 
       8.404929e-01 9.510565e-01 1 
       1 9.972692e-01 9.897156e-01 
       1 8.951633e-01 7.383436e-01 
       1 6.599245e-01 4.515239e-01 
       1 3.265387e-01 1.719139e-01 
       1 0 0 
       7.514436e-01 0 0 
       4.653624e-01 0 0 
       1.844327e-01 0 0 
       0 0 0 
       0 0 2.355422e-01 
       0 0 5.207873e-01 
       0 0 8.029408e-01 
       0 1.847890e-02 1 
       2.226184e-01 3.954512e-01 1 
       5.069299e-01 7.136102e-01 1 
       7.902107e-01 9.256377e-01 1 
       1 1 1 
       1 9.256377e-01 7.902107e-01 
       1 7.136102e-01 5.069299e-01 
       1 3.954512e-01 2.226184e-01 
       1 1.847890e-02 0 
       8.029408e-01 0 0 
       5.207873e-01 0 0 
       2.355422e-01 0 0 
       0 0 0 
       0 0 1.844327e-01 
       0 0 4.653624e-01 
       0 0 7.514436e-01 
       0 0 1 
       1.719139e-01 3.265387e-01 1 
       4.515239e-01 6.599245e-01 1 
       7.383436e-01 8.951633e-01 1 
       9.897156e-01 9.972692e-01 1 
       1 9.510565e-01 8.404929e-01 
       1 7.633983e-01 5.622980e-01 
       1 4.622039e-01 2.748379e-01 
       1 9.226836e-02 2.086490e-02 
       8.527834e-01 0 0 
       5.760986e-01 0 0 
       2.880962e-01 0 0 
       3.160904e-02 0 0 
       0 0 1.350466e-01 
       0 0 4.101267e-01 
       0 0 6.985731e-01 
       0 0 9.574869e-01 
       1.230013e-01 2.558428e-01 1 
       3.963827e-01 6.026346e-01 1 
       6.851746e-01 8.597999e-01 1 
       9.464265e-01 9.890916e-01 1 
       1 9.712810e-01 8.889154e-01 
       1 8.090170e-01 6.173258e-01 
       1 5.264322e-01 3.282871e-01 
       1 1.655539e-01 6.478627e-02 
       9.006992e-01 0 0 
       6.309944e-01 0 0 
       3.418075e-01 0 0 
       7.614769e-02 0 0 
       0 0 8.765385e-02 
       0 0 3.553819e-01 
       0 0 6.446181e-01 
       0 0 9.123462e-01 
       7.614769e-02 1.837495e-01 1 
       3.418075e-01 5.420534e-01 1 
       6.309944e-01 8.197405e-01 1 
       9.006992e-01 9.755120e-01 1 
       1 9.862007e-01 9.352137e-01 
       1 8.502171e-01 6.717129e-01 
       1 5.877853e-01 3.826742e-01 
       1 2.379352e-01 1.110846e-01 
       9.464265e-01 0 0 
       6.851746e-01 0 0 
       3.963827e-01 0 0 
       1.230013e-01 0 0 
       0 0 4.251315e-02 
       0 0 3.014269e-01 
       0 0 5.898733e-01 
       0 0 8.649534e-01 
       3.160904e-02 1.106527e-01 1 
       2.880962e-01 4.785116e-01 1 
       5.760986e-01 7.752040e-01 1 
       8.527834e-01 9.566044e-01 1 
       1 9.957342e-01 9.791351e-01 
       1 8.867737e-01 7.251621e-01 
       1 6.459281e-01 4.377020e-01 
       1 3.090170e-01 1.595071e-01 
       9.897156e-01 0 0 
       7.383436e-01 0 0 
       4.515239e-01 0 0 
       1.719139e-01 0 0 
       0 0 0 
       0 0 2.485564e-01 
       0 0 5.346376e-01 
       0 0 8.155673e-01 
       0 3.695150e-02 1 
       2.355422e-01 4.123563e-01 1 
       5.207873e-01 7.264336e-01 1 
       8.029408e-01 9.324722e-01 1 
       1 9.998293e-01 1 
       1 9.184870e-01 7.773816e-01 
       1 7.005430e-01 4.930701e-01 
       1 3.784111e-01 2.097893e-01 
       1 0 0 ] ; 
