function gist_stern = gist_stern()
gist_stern = [ ... 
       0 0 0 
       7.169230e-02 3.921569e-03 7.843137e-03 
       1.433846e-01 7.843137e-03 1.568627e-02 
       2.150769e-01 1.176471e-02 2.352941e-02 
       2.867692e-01 1.568627e-02 3.137255e-02 
       3.584615e-01 1.960784e-02 3.921569e-02 
       4.301538e-01 2.352941e-02 4.705882e-02 
       5.018461e-01 2.745098e-02 5.490196e-02 
       5.735384e-01 3.137255e-02 6.274510e-02 
       6.452307e-01 3.529412e-02 7.058824e-02 
       7.169230e-01 3.921569e-02 7.843137e-02 
       7.886153e-01 4.313725e-02 8.627451e-02 
       8.603076e-01 4.705882e-02 9.411765e-02 
       9.319999e-01 5.098039e-02 1.019608e-01 
       9.989938e-01 5.490196e-02 1.098039e-01 
       9.794563e-01 5.882353e-02 1.176471e-01 
       9.599187e-01 6.274510e-02 1.254902e-01 
       9.403811e-01 6.666667e-02 1.333333e-01 
       9.208436e-01 7.058824e-02 1.411765e-01 
       9.013060e-01 7.450980e-02 1.490196e-01 
       8.817684e-01 7.843137e-02 1.568627e-01 
       8.622309e-01 8.235294e-02 1.647059e-01 
       8.426933e-01 8.627451e-02 1.725490e-01 
       8.231557e-01 9.019608e-02 1.803922e-01 
       8.036182e-01 9.411765e-02 1.882353e-01 
       7.840806e-01 9.803922e-02 1.960784e-01 
       7.645430e-01 1.019608e-01 2.039216e-01 
       7.450055e-01 1.058824e-01 2.117647e-01 
       7.254679e-01 1.098039e-01 2.196078e-01 
       7.059304e-01 1.137255e-01 2.274510e-01 
       6.863928e-01 1.176471e-01 2.352941e-01 
       6.668552e-01 1.215686e-01 2.431373e-01 
       6.473177e-01 1.254902e-01 2.509804e-01 
       6.277801e-01 1.294118e-01 2.588235e-01 
       6.082425e-01 1.333333e-01 2.666667e-01 
       5.887050e-01 1.372549e-01 2.745098e-01 
       5.691674e-01 1.411765e-01 2.823529e-01 
       5.496298e-01 1.450980e-01 2.901961e-01 
       5.300923e-01 1.490196e-01 2.980392e-01 
       5.105547e-01 1.529412e-01 3.058824e-01 
       4.910171e-01 1.568627e-01 3.137255e-01 
       4.714796e-01 1.607843e-01 3.215686e-01 
       4.519420e-01 1.647059e-01 3.294118e-01 
       4.324045e-01 1.686275e-01 3.372549e-01 
       4.128669e-01 1.725490e-01 3.450980e-01 
       3.933293e-01 1.764706e-01 3.529412e-01 
       3.737918e-01 1.803922e-01 3.607843e-01 
       3.542542e-01 1.843137e-01 3.686275e-01 
       3.347166e-01 1.882353e-01 3.764706e-01 
       3.151791e-01 1.921569e-01 3.843137e-01 
       2.956415e-01 1.960784e-01 3.921569e-01 
       2.761039e-01 2.000000e-01 4.000000e-01 
       2.565664e-01 2.039216e-01 4.078431e-01 
       2.370288e-01 2.078431e-01 4.156863e-01 
       2.174913e-01 2.117647e-01 4.235294e-01 
       1.979537e-01 2.156863e-01 4.313725e-01 
       1.784161e-01 2.196078e-01 4.392157e-01 
       1.588786e-01 2.235294e-01 4.470588e-01 
       1.393410e-01 2.274510e-01 4.549020e-01 
       1.198034e-01 2.313725e-01 4.627451e-01 
       1.002659e-01 2.352941e-01 4.705882e-01 
       8.072830e-02 2.392157e-01 4.784314e-01 
       6.119074e-02 2.431373e-01 4.862745e-01 
       4.165317e-02 2.470588e-01 4.941176e-01 
       2.509804e-01 2.509804e-01 5.019608e-01 
       2.549020e-01 2.549020e-01 5.098039e-01 
       2.588235e-01 2.588235e-01 5.176471e-01 
       2.627451e-01 2.627451e-01 5.254902e-01 
       2.666667e-01 2.666667e-01 5.333333e-01 
       2.705882e-01 2.705882e-01 5.411765e-01 
       2.745098e-01 2.745098e-01 5.490196e-01 
       2.784314e-01 2.784314e-01 5.568627e-01 
       2.823529e-01 2.823529e-01 5.647059e-01 
       2.862745e-01 2.862745e-01 5.725490e-01 
       2.901961e-01 2.901961e-01 5.803922e-01 
       2.941176e-01 2.941176e-01 5.882353e-01 
       2.980392e-01 2.980392e-01 5.960784e-01 
       3.019608e-01 3.019608e-01 6.039216e-01 
       3.058824e-01 3.058824e-01 6.117647e-01 
       3.098039e-01 3.098039e-01 6.196078e-01 
       3.137255e-01 3.137255e-01 6.274510e-01 
       3.176471e-01 3.176471e-01 6.352941e-01 
       3.215686e-01 3.215686e-01 6.431373e-01 
       3.254902e-01 3.254902e-01 6.509804e-01 
       3.294118e-01 3.294118e-01 6.588235e-01 
       3.333333e-01 3.333333e-01 6.666667e-01 
       3.372549e-01 3.372549e-01 6.745098e-01 
       3.411765e-01 3.411765e-01 6.823529e-01 
       3.450980e-01 3.450980e-01 6.901961e-01 
       3.490196e-01 3.490196e-01 6.980392e-01 
       3.529412e-01 3.529412e-01 7.058824e-01 
       3.568627e-01 3.568627e-01 7.137255e-01 
       3.607843e-01 3.607843e-01 7.215686e-01 
       3.647059e-01 3.647059e-01 7.294118e-01 
       3.686275e-01 3.686275e-01 7.372549e-01 
       3.725490e-01 3.725490e-01 7.450980e-01 
       3.764706e-01 3.764706e-01 7.529412e-01 
       3.803922e-01 3.803922e-01 7.607843e-01 
       3.843137e-01 3.843137e-01 7.686275e-01 
       3.882353e-01 3.882353e-01 7.764706e-01 
       3.921569e-01 3.921569e-01 7.843137e-01 
       3.960784e-01 3.960784e-01 7.921569e-01 
       4.000000e-01 4.000000e-01 8.000000e-01 
       4.039216e-01 4.039216e-01 8.078431e-01 
       4.078431e-01 4.078431e-01 8.156863e-01 
       4.117647e-01 4.117647e-01 8.235294e-01 
       4.156863e-01 4.156863e-01 8.313725e-01 
       4.196078e-01 4.196078e-01 8.392157e-01 
       4.235294e-01 4.235294e-01 8.470588e-01 
       4.274510e-01 4.274510e-01 8.549020e-01 
       4.313725e-01 4.313725e-01 8.627451e-01 
       4.352941e-01 4.352941e-01 8.705882e-01 
       4.392157e-01 4.392157e-01 8.784314e-01 
       4.431373e-01 4.431373e-01 8.862745e-01 
       4.470588e-01 4.470588e-01 8.941176e-01 
       4.509804e-01 4.509804e-01 9.019608e-01 
       4.549020e-01 4.549020e-01 9.098039e-01 
       4.588235e-01 4.588235e-01 9.176471e-01 
       4.627451e-01 4.627451e-01 9.254902e-01 
       4.666667e-01 4.666667e-01 9.333333e-01 
       4.705882e-01 4.705882e-01 9.411765e-01 
       4.745098e-01 4.745098e-01 9.490196e-01 
       4.784314e-01 4.784314e-01 9.568627e-01 
       4.823529e-01 4.823529e-01 9.647059e-01 
       4.862745e-01 4.862745e-01 9.725490e-01 
       4.901961e-01 4.901961e-01 9.803922e-01 
       4.941176e-01 4.941176e-01 9.882353e-01 
       4.980392e-01 4.980392e-01 9.960784e-01 
       5.019608e-01 5.019608e-01 9.916562e-01 
       5.058824e-01 5.058824e-01 9.749687e-01 
       5.098039e-01 5.098039e-01 9.582812e-01 
       5.137255e-01 5.137255e-01 9.415937e-01 
       5.176471e-01 5.176471e-01 9.249061e-01 
       5.215686e-01 5.215686e-01 9.082186e-01 
       5.254902e-01 5.254902e-01 8.915311e-01 
       5.294118e-01 5.294118e-01 8.748436e-01 
       5.333333e-01 5.333333e-01 8.581560e-01 
       5.372549e-01 5.372549e-01 8.414685e-01 
       5.411765e-01 5.411765e-01 8.247810e-01 
       5.450980e-01 5.450980e-01 8.080935e-01 
       5.490196e-01 5.490196e-01 7.914059e-01 
       5.529412e-01 5.529412e-01 7.747184e-01 
       5.568627e-01 5.568627e-01 7.580309e-01 
       5.607843e-01 5.607843e-01 7.413433e-01 
       5.647059e-01 5.647059e-01 7.246558e-01 
       5.686275e-01 5.686275e-01 7.079683e-01 
       5.725490e-01 5.725490e-01 6.912808e-01 
       5.764706e-01 5.764706e-01 6.745932e-01 
       5.803922e-01 5.803922e-01 6.579057e-01 
       5.843137e-01 5.843137e-01 6.412182e-01 
       5.882353e-01 5.882353e-01 6.245307e-01 
       5.921569e-01 5.921569e-01 6.078431e-01 
       5.960784e-01 5.960784e-01 5.911556e-01 
       6.000000e-01 6.000000e-01 5.744681e-01 
       6.039216e-01 6.039216e-01 5.577806e-01 
       6.078431e-01 6.078431e-01 5.410930e-01 
       6.117647e-01 6.117647e-01 5.244055e-01 
       6.156863e-01 6.156863e-01 5.077180e-01 
       6.196078e-01 6.196078e-01 4.910305e-01 
       6.235294e-01 6.235294e-01 4.743429e-01 
       6.274510e-01 6.274510e-01 4.576554e-01 
       6.313725e-01 6.313725e-01 4.409679e-01 
       6.352941e-01 6.352941e-01 4.242804e-01 
       6.392157e-01 6.392157e-01 4.075928e-01 
       6.431373e-01 6.431373e-01 3.909053e-01 
       6.470588e-01 6.470588e-01 3.742178e-01 
       6.509804e-01 6.509804e-01 3.575302e-01 
       6.549020e-01 6.549020e-01 3.408427e-01 
       6.588235e-01 6.588235e-01 3.241552e-01 
