function gist_earth = gist_earth()
gist_earth = [ ... 
       0 0 0 
       2.613453e-03 0 1.686920e-01 
       5.226907e-03 0 2.216636e-01 
       7.840360e-03 0 2.638055e-01 
       1.045381e-02 0 3.059474e-01 
       1.306727e-02 0 3.480894e-01 
       1.568072e-02 0 3.902313e-01 
       1.829417e-02 0 4.323732e-01 
       2.090763e-02 8.907333e-03 4.547451e-01 
       2.352108e-02 1.792742e-02 4.556059e-01 
       2.613453e-02 2.694750e-02 4.563168e-01 
       2.874799e-02 3.596759e-02 4.570277e-01 
       3.136144e-02 4.498767e-02 4.577386e-01 
       3.397489e-02 5.400775e-02 4.584494e-01 
       3.658835e-02 6.302784e-02 4.591603e-01 
       3.920180e-02 7.204792e-02 4.598712e-01 
       4.181525e-02 8.106801e-02 4.605821e-01 
       4.442871e-02 9.008809e-02 4.612930e-01 
       4.704216e-02 9.910818e-02 4.620038e-01 
       4.965561e-02 1.081283e-01 4.627147e-01 
       5.226907e-02 1.171483e-01 4.634256e-01 
       5.488252e-02 1.261684e-01 4.641365e-01 
       5.749597e-02 1.351885e-01 4.648474e-01 
       6.010943e-02 1.442086e-01 4.655583e-01 
       6.272288e-02 1.532287e-01 4.662691e-01 
       6.533633e-02 1.622488e-01 4.669800e-01 
       6.794979e-02 1.712689e-01 4.676909e-01 
       7.056324e-02 1.802889e-01 4.684018e-01 
       7.317669e-02 1.893082e-01 4.691127e-01 
       7.579015e-02 1.974656e-01 4.698235e-01 
       7.840360e-02 2.056230e-01 4.705344e-01 
       8.101705e-02 2.137805e-01 4.712453e-01 
       8.363051e-02 2.219379e-01 4.719562e-01 
       8.624396e-02 2.300953e-01 4.726671e-01 
       8.885741e-02 2.382528e-01 4.733780e-01 
       9.147087e-02 2.464102e-01 4.740888e-01 
       9.408432e-02 2.545676e-01 4.747997e-01 
       9.669777e-02 2.627251e-01 4.755106e-01 
       9.931123e-02 2.708825e-01 4.762215e-01 
       1.019247e-01 2.790399e-01 4.769324e-01 
       1.045381e-01 2.871974e-01 4.776432e-01 
       1.071516e-01 2.953548e-01 4.783541e-01 
       1.097650e-01 3.035110e-01 4.790650e-01 
       1.123785e-01 3.108446e-01 4.797759e-01 
       1.149919e-01 3.181782e-01 4.804868e-01 
       1.176054e-01 3.255118e-01 4.811977e-01 
       1.202189e-01 3.328454e-01 4.819085e-01 
       1.228323e-01 3.401790e-01 4.826194e-01 
       1.254458e-01 3.475126e-01 4.833303e-01 
       1.280592e-01 3.548462e-01 4.840412e-01 
       1.306727e-01 3.621799e-01 4.847521e-01 
       1.332861e-01 3.695135e-01 4.854629e-01 
       1.358996e-01 3.768471e-01 4.861738e-01 
       1.385130e-01 3.841682e-01 4.868847e-01 
       1.411265e-01 3.903659e-01 4.875956e-01 
       1.437399e-01 3.965637e-01 4.883065e-01 
       1.463534e-01 4.027615e-01 4.890174e-01 
       1.489668e-01 4.089592e-01 4.897282e-01 
       1.515803e-01 4.151570e-01 4.904391e-01 
       1.541937e-01 4.213547e-01 4.911500e-01 
       1.568072e-01 4.275525e-01 4.918609e-01 
       1.594207e-01 4.337503e-01 4.925718e-01 
       1.620341e-01 4.399480e-01 4.932826e-01 
       1.646476e-01 4.461458e-01 4.939935e-01 
       1.672610e-01 4.523435e-01 4.947044e-01 
       1.698745e-01 4.585413e-01 4.954153e-01 
       1.724879e-01 4.647391e-01 4.961262e-01 
       1.751014e-01 4.709368e-01 4.968371e-01 
       1.777148e-01 4.771346e-01 4.975479e-01 
       1.803283e-01 4.833323e-01 4.982588e-01 
       1.829417e-01 4.895301e-01 4.989697e-01 
       1.855552e-01 4.957279e-01 4.996806e-01 
       1.881686e-01 5.019256e-01 5.003915e-01 
       1.900274e-01 5.042304e-01 4.956572e-01 
       1.918771e-01 5.064880e-01 4.908569e-01 
       1.937267e-01 5.087455e-01 4.860565e-01 
       1.955763e-01 5.110030e-01 4.812562e-01 
       1.974259e-01 5.132605e-01 4.764558e-01 
       1.992756e-01 5.155181e-01 4.716555e-01 
       2.011252e-01 5.177756e-01 4.668551e-01 
       2.029748e-01 5.200331e-01 4.620547e-01 
       2.048245e-01 5.222906e-01 4.572544e-01 
       2.066741e-01 5.245482e-01 4.524540e-01 
       2.085237e-01 5.268057e-01 4.476537e-01 
       2.103733e-01 5.290632e-01 4.428533e-01 
       2.122230e-01 5.313207e-01 4.380530e-01 
       2.140726e-01 5.335783e-01 4.332526e-01 
       2.159222e-01 5.358358e-01 4.284522e-01 
       2.177719e-01 5.380933e-01 4.236519e-01 
       2.196215e-01 5.403508e-01 4.188515e-01 
       2.214711e-01 5.426084e-01 4.140512e-01 
       2.233208e-01 5.448659e-01 4.092508e-01 
       2.251704e-01 5.471234e-01 4.044505e-01 
       2.270200e-01 5.493809e-01 3.996501e-01 
       2.288696e-01 5.516385e-01 3.948497e-01 
       2.307193e-01 5.538960e-01 3.900494e-01 
       2.325689e-01 5.561535e-01 3.852490e-01 
       2.344185e-01 5.584110e-01 3.804487e-01 
       2.362682e-01 5.606686e-01 3.756483e-01 
       2.381178e-01 5.629261e-01 3.708480e-01 
       2.399674e-01 5.651836e-01 3.660476e-01 
       2.418170e-01 5.674411e-01 3.612472e-01 
       2.436667e-01 5.696987e-01 3.564469e-01 
       2.455163e-01 5.719562e-01 3.516465e-01 
       2.473659e-01 5.742137e-01 3.468462e-01 
       2.492156e-01 5.764712e-01 3.420458e-01 
       2.510652e-01 5.787288e-01 3.372455e-01 
       2.529148e-01 5.809863e-01 3.324451e-01 
       2.547644e-01 5.832438e-01 3.276447e-01 
       2.566141e-01 5.855013e-01 3.228444e-01 
       2.584637e-01 5.877589e-01 3.180440e-01 
       2.603133e-01 5.900164e-01 3.132437e-01 
       2.621630e-01 5.922739e-01 3.084433e-01 
       2.640126e-01 5.945314e-01 3.036429e-01 
       2.658622e-01 5.967890e-01 2.988426e-01 
       2.677118e-01 5.990465e-01 2.940422e-01 
       2.695615e-01 6.013040e-01 2.892419e-01 
       2.714523e-01 6.035615e-01 2.844415e-01 
       2.801693e-01 6.058191e-01 2.796412e-01 
       2.888863e-01 6.080766e-01 2.748408e-01 
       2.976033e-01 6.103341e-01 2.770665e-01 
       3.063204e-01 6.125916e-01 2.793524e-01 
       3.150374e-01 6.148492e-01 2.816383e-01 
       3.237544e-01 6.171067e-01 2.839242e-01 
       3.324714e-01 6.193642e-01 2.862101e-01 
       3.411884e-01 6.216217e-01 2.884961e-01 
       3.499054e-01 6.238793e-01 2.907820e-01 
       3.586224e-01 6.261368e-01 2.930679e-01 
       3.673394e-01 6.283943e-01 2.953538e-01 
       3.760564e-01 6.306518e-01 2.976397e-01 
       3.847735e-01 6.329094e-01 2.999256e-01 
       3.934905e-01 6.351669e-01 3.022115e-01 
       4.022075e-01 6.374244e-01 3.044975e-01 
       4.109245e-01 6.396819e-01 3.067834e-01 
       4.196415e-01 6.414069e-01 3.090693e-01 
       4.283585e-01 6.431276e-01 3.113552e-01 
       4.370755e-01 6.448483e-01 3.136411e-01 
       4.457925e-01 6.465690e-01 3.159270e-01 
       4.545096e-01 6.482897e-01 3.182129e-01 
       4.632266e-01 6.500104e-01 3.204989e-01 
       4.719323e-01 6.517311e-01 3.217388e-01 
       4.783990e-01 6.534517e-01 3.229782e-01 
       4.848656e-01 6.551724e-01 3.242177e-01 
       4.913323e-01 6.568931e-01 3.254571e-01 
       4.977989e-01 6.586138e-01 3.266965e-01 
       5.042655e-01 6.603345e-01 3.279359e-01 
       5.107322e-01 6.620552e-01 3.291754e-01 
       5.171988e-01 6.637759e-01 3.304148e-01 
       5.236655e-01 6.654966e-01 3.316542e-01 
       5.301321e-01 6.672172e-01 3.328936e-01 
       5.365987e-01 6.689379e-01 3.341331e-01 
       5.430654e-01 6.706586e-01 3.353725e-01 
       5.495320e-01 6.723793e-01 3.366119e-01 
       5.559987e-01 6.741000e-01 3.378513e-01 
       5.624653e-01 6.758207e-01 3.390908e-01 
       5.689319e-01 6.775414e-01 3.403302e-01 
       5.753986e-01 6.792621e-01 3.415696e-01 
       5.818652e-01 6.809828e-01 3.428090e-01 
       5.883319e-01 6.827034e-01 3.440485e-01 
       5.947985e-01 6.844241e-01 3.452879e-01 
       6.012651e-01 6.861448e-01 3.465273e-01 
       6.077318e-01 6.878655e-01 3.477667e-01 
       6.141984e-01 6.895862e-01 3.490062e-01 
       6.206651e-01 6.913069e-01 3.502456e-01 
       6.271317e-01 6.930276e-01 3.514850e-01 
       6.335983e-01 6.947483e-01 3.527244e-01 
       6.400650e-01 6.964689e-01 3.539639e-01 
       6.465316e-01 6.981896e-01 3.552033e-01 
       6.529983e-01 6.999103e-01 3.564427e-01 
       6.594649e-01 7.016310e-01 3.576821e-01 
       6.659315e-01 7.033517e-01 3.589216e-01 
