function gist_rainbow_r = gist_rainbow_r()
gist_rainbow_r = [ ... 
       1 0 7.500000e-01 
       1 0 7.713129e-01 
       1 0 7.926257e-01 
       1 0 8.139386e-01 
       1 0 8.352515e-01 
       1 0 8.565644e-01 
       1 0 8.778772e-01 
       1 0 8.991901e-01 
       1 0 9.205030e-01 
       1 0 9.418159e-01 
       1 0 9.631287e-01 
       1 0 9.844416e-01 
       9.942455e-01 0 1 
       9.729327e-01 0 1 
       9.516198e-01 0 1 
       9.303069e-01 0 1 
       9.089940e-01 0 1 
       8.876812e-01 0 1 
       8.663683e-01 0 1 
       8.450554e-01 0 1 
       8.237425e-01 0 1 
       8.024297e-01 0 1 
       7.811168e-01 0 1 
       7.598039e-01 0 1 
       7.384910e-01 0 1 
       7.171782e-01 0 1 
       6.958653e-01 0 1 
       6.745524e-01 0 1 
       6.532396e-01 0 1 
       6.319267e-01 0 1 
       6.106138e-01 0 1 
       5.893009e-01 0 1 
       5.679881e-01 0 1 
       5.466752e-01 0 1 
       5.253623e-01 0 1 
       5.040494e-01 0 1 
       4.827366e-01 0 1 
       4.614237e-01 0 1 
       4.401108e-01 0 1 
       4.187980e-01 0 1 
       3.974851e-01 0 1 
       3.761722e-01 0 1 
       3.548593e-01 0 1 
       3.335465e-01 0 1 
       3.122336e-01 0 1 
       2.909207e-01 0 1 
       2.696078e-01 0 1 
       2.482950e-01 0 1 
       2.269821e-01 0 1 
       2.056692e-01 0 1 
       1.843564e-01 0 1 
       1.630435e-01 0 1 
       1.417306e-01 0 1 
       1.204177e-01 0 1 
       9.910486e-02 0 1 
       7.779199e-02 0 1 
       5.647911e-02 0 1 
       3.516624e-02 0 1 
       1.385337e-02 0 1 
       0 7.459506e-03 1 
       0 2.877238e-02 1 
       0 5.008525e-02 1 
       0 7.139812e-02 1 
       0 9.271100e-02 1 
       0 1.140239e-01 1 
       0 1.353367e-01 1 
       0 1.566496e-01 1 
       0 1.779625e-01 1 
       0 1.992754e-01 1 
       0 2.205882e-01 1 
       0 2.419011e-01 1 
       0 2.632140e-01 1 
       0 2.845269e-01 1 
       0 3.058397e-01 1 
       0 3.271526e-01 1 
       0 3.484655e-01 1 
       0 3.697783e-01 1 
       0 3.910912e-01 1 
       0 4.124041e-01 1 
       0 4.337170e-01 1 
       0 4.550298e-01 1 
       0 4.763427e-01 1 
       0 4.976556e-01 1 
       0 5.189685e-01 1 
       0 5.402813e-01 1 
       0 5.615942e-01 1 
       0 5.829071e-01 1 
       0 6.042199e-01 1 
       0 6.255328e-01 1 
       0 6.468457e-01 1 
       0 6.681586e-01 1 
       0 6.894714e-01 1 
       0 7.107843e-01 1 
       0 7.320972e-01 1 
       0 7.534101e-01 1 
       0 7.747229e-01 1 
       0 7.960358e-01 1 
       0 8.173487e-01 1 
       0 8.386616e-01 1 
       0 8.599744e-01 1 
       0 8.812873e-01 1 
       0 9.026002e-01 1 
       0 9.239130e-01 1 
       0 9.452259e-01 1 
       0 9.665388e-01 1 
       0 9.878517e-01 1 
       0 1 9.909340e-01 
       0 1 9.698503e-01 
       0 1 9.487666e-01 
       0 1 9.276829e-01 
       0 1 9.065992e-01 
       0 1 8.855155e-01 
       0 1 8.644318e-01 
       0 1 8.433481e-01 
       0 1 8.222644e-01 
       0 1 8.011807e-01 
       0 1 7.800970e-01 
       0 1 7.590133e-01 
       0 1 7.379296e-01 
       0 1 7.168459e-01 
       0 1 6.957622e-01 
       0 1 6.746785e-01 
       0 1 6.535948e-01 
       0 1 6.325111e-01 
       0 1 6.114274e-01 
       0 1 5.903437e-01 
       0 1 5.692600e-01 
       0 1 5.481763e-01 
       0 1 5.270926e-01 
       0 1 5.060089e-01 
       0 1 4.849252e-01 
       0 1 4.638415e-01 
       0 1 4.427577e-01 
       0 1 4.216740e-01 
       0 1 4.005903e-01 
       0 1 3.795066e-01 
       0 1 3.584229e-01 
       0 1 3.373392e-01 
       0 1 3.162555e-01 
       0 1 2.951718e-01 
       0 1 2.740881e-01 
       0 1 2.530044e-01 
       0 1 2.319207e-01 
       0 1 2.108370e-01 
       0 1 1.897533e-01 
       0 1 1.686696e-01 
       0 1 1.475859e-01 
       0 1 1.265022e-01 
       0 1 1.054185e-01 
       0 1 8.433481e-02 
       0 1 6.325111e-02 
       0 1 4.216740e-02 
       0 1 2.108370e-02 
       0 1 0 
       2.119767e-02 1 0 
       4.239534e-02 1 0 
       6.359300e-02 1 0 
       8.479067e-02 1 0 
       1.059883e-01 1 0 
       1.271860e-01 1 0 
       1.483837e-01 1 0 
       1.695813e-01 1 0 
       1.907790e-01 1 0 
       2.119767e-01 1 0 
       2.331744e-01 1 0 
       2.543720e-01 1 0 
       2.755697e-01 1 0 
       2.967674e-01 1 0 
       3.179650e-01 1 0 
       3.391627e-01 1 0 
       3.603604e-01 1 0 
       3.815580e-01 1 0 
       4.027557e-01 1 0 
       4.239534e-01 1 0 
       4.451510e-01 1 0 
       4.663487e-01 1 0 
       4.875464e-01 1 0 
       5.087440e-01 1 0 
       5.299417e-01 1 0 
       5.511394e-01 1 0 
       5.723370e-01 1 0 
       5.935347e-01 1 0 
       6.147324e-01 1 0 
       6.359300e-01 1 0 
       6.571277e-01 1 0 
       6.783254e-01 1 0 
       6.995231e-01 1 0 
       7.207207e-01 1 0 
       7.419184e-01 1 0 
       7.631161e-01 1 0 
       7.843137e-01 1 0 
       8.055114e-01 1 0 
       8.267091e-01 1 0 
       8.479067e-01 1 0 
       8.691044e-01 1 0 
       8.903021e-01 1 0 
       9.114997e-01 1 0 
       9.326974e-01 1 0 
       9.538951e-01 1 0 
       9.750927e-01 1 0 
       9.962904e-01 1 0 
       1 9.825119e-01 0 
       1 9.613143e-01 0 
       1 9.401166e-01 0 
       1 9.189189e-01 0 
       1 8.977213e-01 0 
       1 8.765236e-01 0 
       1 8.553259e-01 0 
       1 8.341282e-01 0 
       1 8.129306e-01 0 
       1 7.917329e-01 0 
       1 7.705352e-01 0 
       1 7.493376e-01 0 
       1 7.281399e-01 0 
       1 7.069422e-01 0 
       1 6.857446e-01 0 
       1 6.645469e-01 0 
       1 6.433492e-01 0 
       1 6.221516e-01 0 
       1 6.009539e-01 0 
       1 5.797562e-01 0 
       1 5.585586e-01 0 
       1 5.373609e-01 0 
       1 5.161632e-01 0 
       1 4.949656e-01 0 
       1 4.737679e-01 0 
       1 4.525702e-01 0 
       1 4.313725e-01 0 
       1 4.101749e-01 0 
       1 3.889772e-01 0 
       1 3.677795e-01 0 
       1 3.465819e-01 0 
       1 3.253842e-01 0 
       1 3.041865e-01 0 
       1 2.829889e-01 0 
       1 2.617912e-01 0 
       1 2.405935e-01 0 
       1 2.193959e-01 0 
       1 1.981982e-01 0 
       1 1.770005e-01 0 
       1 1.558029e-01 0 
       1 1.346052e-01 0 
       1 1.134075e-01 0 
       1 9.220986e-02 0 
       1 7.101219e-02 0 
       1 4.981452e-02 0 
       1 2.861685e-02 0 
       1 7.419184e-03 0 
       1 0 1.359477e-02 
       1 0 3.450980e-02 
       1 0 5.542484e-02 
       1 0 7.633987e-02 
       1 0 9.725490e-02 
       1 0 1.181699e-01 
       1 0 1.390850e-01 
       1 0 1.600000e-01 ] ; 
