function gist_ncar_r = gist_ncar_r()
gist_ncar_r = [ ... 
       9.961000e-01 9.725000e-01 9.961000e-01 
       9.933088e-01 9.543339e-01 9.937163e-01 
       9.905175e-01 9.361678e-01 9.913326e-01 
       9.877263e-01 9.180017e-01 9.889489e-01 
       9.849351e-01 8.998356e-01 9.865652e-01 
       9.821438e-01 8.816696e-01 9.841815e-01 
       9.793526e-01 8.635035e-01 9.817978e-01 
       9.765614e-01 8.453374e-01 9.794141e-01 
       9.737701e-01 8.271713e-01 9.770304e-01 
       9.709789e-01 8.090052e-01 9.746467e-01 
       9.681877e-01 7.908391e-01 9.722630e-01 
       9.653964e-01 7.726730e-01 9.698793e-01 
       9.626052e-01 7.545069e-01 9.674956e-01 
       9.598140e-01 7.363408e-01 9.651119e-01 
       9.570227e-01 7.181747e-01 9.627282e-01 
       9.542315e-01 7.000087e-01 9.603445e-01 
       9.514403e-01 6.818426e-01 9.579608e-01 
       9.486490e-01 6.636765e-01 9.555771e-01 
       9.458578e-01 6.455104e-01 9.531934e-01 
       9.430666e-01 6.273443e-01 9.508097e-01 
       9.402753e-01 6.091782e-01 9.484260e-01 
       9.374841e-01 5.910121e-01 9.460423e-01 
       9.346928e-01 5.728460e-01 9.436586e-01 
       9.319016e-01 5.546799e-01 9.412749e-01 
       9.291104e-01 5.365138e-01 9.388912e-01 
       9.263191e-01 5.183478e-01 9.365075e-01 
       9.235279e-01 5.001817e-01 9.341238e-01 
       9.004881e-01 4.770383e-01 9.387602e-01 
       8.772437e-01 4.538446e-01 9.434675e-01 
       8.539994e-01 4.306509e-01 9.481749e-01 
       8.307551e-01 4.074572e-01 9.528822e-01 
       8.075107e-01 3.842635e-01 9.575895e-01 
       7.842664e-01 3.610698e-01 9.622968e-01 
       7.610220e-01 3.378761e-01 9.670041e-01 
       7.377777e-01 3.146825e-01 9.717114e-01 
       7.145333e-01 2.914888e-01 9.764187e-01 
       6.912890e-01 2.682951e-01 9.811260e-01 
       6.680446e-01 2.451014e-01 9.858333e-01 
       6.448003e-01 2.219077e-01 9.905407e-01 
       6.220837e-01 1.987140e-01 9.952480e-01 
       6.490989e-01 1.755203e-01 9.999553e-01 
       6.761142e-01 1.619224e-01 1 
       7.031294e-01 1.484165e-01 1 
       7.301447e-01 1.349106e-01 1 
       7.571599e-01 1.214047e-01 1 
       7.841752e-01 1.078987e-01 1 
       8.111904e-01 9.439283e-02 1 
       8.382057e-01 8.088691e-02 1 
       8.652209e-01 6.738100e-02 1 
       8.922362e-01 5.387509e-02 1 
       9.192514e-01 4.036917e-02 1 
       9.462667e-01 2.686326e-02 1.000000e+00 
       9.732819e-01 1.335735e-02 9.868276e-01 
       1 0 9.730348e-01 
       1 0 9.034752e-01 
       1 0 8.339156e-01 
       1 0 7.643560e-01 
       1 0 6.947963e-01 
       1 0 6.252367e-01 
       1 0 5.556771e-01 
       1 0 4.861175e-01 
       1 0 4.165578e-01 
       1 0 3.469982e-01 
       1 0 2.774386e-01 
       1 0 2.078789e-01 
       1 9.323729e-06 1.383193e-01 
       1 1.865678e-02 6.875969e-02 
       1 3.730424e-02 0 
       1 5.595170e-02 0 
       1 7.459916e-02 0 
       1 9.324662e-02 0 
       1 1.118941e-01 0 
       1 1.305415e-01 0 
       1 1.491890e-01 0 
       1 1.678365e-01 0 
       1 1.864839e-01 0 
       1 2.051314e-01 0 
       1 2.237788e-01 0 
       1 2.424263e-01 0 
       1 2.610737e-01 3.661465e-06 
       1 2.798088e-01 3.665126e-03 
       1 3.119242e-01 7.326591e-03 
       1 3.440396e-01 1.098806e-02 
       1 3.761550e-01 1.464952e-02 
       1 4.082705e-01 1.831098e-02 
       1 4.403859e-01 2.197245e-02 
       1 4.725013e-01 2.563391e-02 
       1 5.046168e-01 2.929538e-02 
       1 5.367322e-01 3.295684e-02 
       1 5.688476e-01 3.661831e-02 
       1 6.009631e-01 4.027977e-02 
       1 6.330785e-01 4.394124e-02 
       1 6.651939e-01 4.760270e-02 
       1 6.973094e-01 5.126417e-02 
       1 7.292677e-01 5.487045e-02 
       1 7.389395e-01 5.064900e-02 
       1 7.486113e-01 4.642754e-02 
       1 7.582830e-01 4.220609e-02 
       1 7.679548e-01 3.798464e-02 
       1 7.776266e-01 3.376318e-02 
       1 7.872983e-01 2.954173e-02 
       1 7.969701e-01 2.532028e-02 
       1 8.066419e-01 2.109882e-02 
       1 8.163137e-01 1.687737e-02 
       1 8.259854e-01 1.265592e-02 
       1 8.356572e-01 8.434464e-03 
       1 8.453290e-01 4.213010e-03 
       1 8.550008e-01 0 
       1 8.646725e-01 0 
       1 8.743443e-01 0 
       1 8.840161e-01 0 
       1 8.936879e-01 0 
       1 9.033596e-01 0 
       1 9.130314e-01 0 
       1 9.227032e-01 0 
       1 9.323750e-01 0 
       1 9.420467e-01 0 
       1 9.517185e-01 0 
       1 9.613903e-01 0 
       1 9.710621e-01 0 
       9.823046e-01 9.807338e-01 1.548681e-02 
       9.644576e-01 9.904056e-01 3.110640e-02 
       9.466105e-01 1 4.672598e-02 
       9.287634e-01 1 6.234556e-02 
       9.109164e-01 1 7.796514e-02 
       8.930693e-01 1 9.358472e-02 
       8.752222e-01 1 1.092043e-01 
       8.573752e-01 1 1.248239e-01 
       8.395281e-01 1 1.404435e-01 
       8.216810e-01 1 1.560630e-01 
       8.038340e-01 1 1.716826e-01 
       7.859869e-01 1 1.873022e-01 
       7.681398e-01 1 2.029218e-01 
       7.502928e-01 1 2.185414e-01 
       7.324457e-01 1 2.341610e-01 
       7.145986e-01 1 2.186195e-01 
       6.967516e-01 1 2.029999e-01 
       6.789045e-01 1 1.873803e-01 
       6.610574e-01 1 1.717607e-01 
       6.432104e-01 1 1.561411e-01 
       6.253633e-01 1 1.405216e-01 
       6.075162e-01 1 1.249020e-01 
       5.896692e-01 1 1.092824e-01 
       5.718221e-01 1 9.366282e-02 
       5.539751e-01 1 7.804324e-02 
       5.361280e-01 1 6.242366e-02 
       5.182809e-01 9.998403e-01 4.680407e-02 
       5.004339e-01 9.870636e-01 3.118449e-02 
       4.925920e-01 9.742868e-01 1.556491e-02 
       4.848258e-01 9.615101e-01 0 
       4.770595e-01 9.487334e-01 0 
       4.692933e-01 9.359567e-01 0 
       4.615270e-01 9.231799e-01 0 
       4.537608e-01 9.104032e-01 0 
       4.459945e-01 8.976265e-01 0 
       4.382283e-01 8.848498e-01 0 
       4.304621e-01 8.720731e-01 0 
       4.226958e-01 8.592963e-01 0 
       4.149296e-01 8.465196e-01 0 
       4.071633e-01 8.337429e-01 0 
       3.993971e-01 8.209662e-01 0 
       3.746380e-01 8.081894e-01 0 
       3.496638e-01 8.227526e-01 0 
       3.246896e-01 8.375084e-01 0 
       2.997154e-01 8.522643e-01 0 
       2.747412e-01 8.670202e-01 0 
       2.497670e-01 8.817760e-01 0 
       2.247928e-01 8.965319e-01 0 
       1.998186e-01 9.112878e-01 0 
       1.748444e-01 9.260436e-01 0 
       1.498702e-01 9.407995e-01 0 
       1.248960e-01 9.555553e-01 0 
       9.992178e-02 9.703112e-01 0 
       7.494757e-02 9.850671e-01 3.273078e-04 
       4.997337e-02 9.998229e-01 4.124079e-02 
       2.499917e-02 9.983842e-01 8.215427e-02 
       2.497420e-05 9.967489e-01 1.230677e-01 
       0 9.951135e-01 1.639812e-01 
       0 9.934781e-01 2.048947e-01 
       0 9.918427e-01 2.458082e-01 
       0 9.902074e-01 2.867217e-01 
       0 9.885720e-01 3.276351e-01 
       0 9.869366e-01 3.685486e-01 
       0 9.853012e-01 4.094621e-01 
       0 9.836658e-01 4.503756e-01 
       0 9.820305e-01 4.912891e-01 
       0 9.804000e-01 5.322025e-01 
       0 9.804000e-01 5.731160e-01 
       0 9.804000e-01 6.140295e-01 
       0 9.804000e-01 6.399146e-01 
       0 9.821727e-01 6.656249e-01 
       0 9.839560e-01 6.913352e-01 
       0 9.857394e-01 7.170455e-01 
       0 9.875227e-01 7.427558e-01 
       0 9.893061e-01 7.684660e-01 
       0 9.910894e-01 7.941763e-01 
       0 9.928728e-01 8.198866e-01 
       0 9.946562e-01 8.455969e-01 
       0 9.964395e-01 8.713072e-01 
       0 9.982229e-01 8.970175e-01 
       0 9.999395e-01 9.227277e-01 
       0 9.826538e-01 9.484380e-01 
       0 9.653682e-01 9.741483e-01 
       0 9.480825e-01 9.998586e-01 
       0 9.307969e-01 1 
       0 9.135112e-01 1 
       0 8.962255e-01 1 
       0 8.789399e-01 1 
       0 8.616542e-01 1 
       0 8.443686e-01 1 
       0 8.270829e-01 1 
       0 8.097972e-01 1 
       0 7.925116e-01 1 
       0 7.752259e-01 1 
       0 7.535653e-01 1 
       0 7.196739e-01 1 
       0 6.642952e-01 1 
       0 6.089165e-01 1 
       0 5.535378e-01 1 
       0 4.981591e-01 1 
       0 4.427804e-01 1 
