function gnbu = gnbu()
gnbu = [ ... 
       9.686275e-01 9.882353e-01 9.411765e-01 
       9.657978e-01 9.871280e-01 9.385928e-01 
       9.629681e-01 9.860208e-01 9.360092e-01 
       9.601384e-01 9.849135e-01 9.334256e-01 
       9.573087e-01 9.838062e-01 9.308420e-01 
       9.544790e-01 9.826990e-01 9.282584e-01 
       9.516494e-01 9.815917e-01 9.256747e-01 
       9.488197e-01 9.804844e-01 9.230911e-01 
       9.459900e-01 9.793772e-01 9.205075e-01 
       9.431603e-01 9.782699e-01 9.179239e-01 
       9.403306e-01 9.771626e-01 9.153403e-01 
       9.375010e-01 9.760554e-01 9.127566e-01 
       9.346713e-01 9.749481e-01 9.101730e-01 
       9.318416e-01 9.738408e-01 9.075894e-01 
       9.290119e-01 9.727336e-01 9.050058e-01 
       9.261822e-01 9.716263e-01 9.024221e-01 
       9.233526e-01 9.705190e-01 8.998385e-01 
       9.205229e-01 9.694118e-01 8.972549e-01 
       9.176932e-01 9.683045e-01 8.946713e-01 
       9.148635e-01 9.671972e-01 8.920877e-01 
       9.120338e-01 9.660900e-01 8.895040e-01 
       9.092042e-01 9.649827e-01 8.869204e-01 
       9.063745e-01 9.638754e-01 8.843368e-01 
       9.035448e-01 9.627682e-01 8.817532e-01 
       9.007151e-01 9.616609e-01 8.791696e-01 
       8.978854e-01 9.605536e-01 8.765859e-01 
       8.950557e-01 9.594464e-01 8.740023e-01 
       8.922261e-01 9.583391e-01 8.714187e-01 
       8.893964e-01 9.572318e-01 8.688351e-01 
       8.865667e-01 9.561246e-01 8.662514e-01 
       8.837370e-01 9.550173e-01 8.636678e-01 
       8.809073e-01 9.539100e-01 8.610842e-01 
       8.781238e-01 9.528181e-01 8.584852e-01 
       8.756632e-01 9.518339e-01 8.557785e-01 
       8.732026e-01 9.508497e-01 8.530719e-01 
       8.707420e-01 9.498654e-01 8.503652e-01 
       8.682814e-01 9.488812e-01 8.476586e-01 
       8.658208e-01 9.478970e-01 8.449519e-01 
       8.633602e-01 9.469127e-01 8.422453e-01 
       8.608997e-01 9.459285e-01 8.395386e-01 
       8.584391e-01 9.449443e-01 8.368320e-01 
       8.559785e-01 9.439600e-01 8.341253e-01 
       8.535179e-01 9.429758e-01 8.314187e-01 
       8.510573e-01 9.419915e-01 8.287120e-01 
       8.485967e-01 9.410073e-01 8.260054e-01 
       8.461361e-01 9.400231e-01 8.232987e-01 
       8.436755e-01 9.390388e-01 8.205921e-01 
       8.412149e-01 9.380546e-01 8.178854e-01 
       8.387543e-01 9.370704e-01 8.151788e-01 
       8.362937e-01 9.360861e-01 8.124721e-01 
       8.338331e-01 9.351019e-01 8.097655e-01 
       8.313725e-01 9.341176e-01 8.070588e-01 
       8.289120e-01 9.331334e-01 8.043522e-01 
       8.264514e-01 9.321492e-01 8.016455e-01 
       8.239908e-01 9.311649e-01 7.989389e-01 
       8.215302e-01 9.301807e-01 7.962322e-01 
       8.190696e-01 9.291965e-01 7.935256e-01 
       8.166090e-01 9.282122e-01 7.908189e-01 
       8.141484e-01 9.272280e-01 7.881123e-01 
       8.116878e-01 9.262438e-01 7.854056e-01 
       8.092272e-01 9.252595e-01 7.826990e-01 
       8.067666e-01 9.242753e-01 7.799923e-01 
       8.043060e-01 9.232910e-01 7.772857e-01 
       8.018454e-01 9.223068e-01 7.745790e-01 
       7.988927e-01 9.211380e-01 7.720569e-01 
       7.944637e-01 9.194156e-01 7.700884e-01 
       7.900346e-01 9.176932e-01 7.681200e-01 
       7.856055e-01 9.159708e-01 7.661515e-01 
       7.811765e-01 9.142484e-01 7.641830e-01 
       7.767474e-01 9.125260e-01 7.622145e-01 
       7.723183e-01 9.108035e-01 7.602461e-01 
       7.678893e-01 9.090811e-01 7.582776e-01 
       7.634602e-01 9.073587e-01 7.563091e-01 
       7.590311e-01 9.056363e-01 7.543406e-01 
       7.546021e-01 9.039139e-01 7.523722e-01 
       7.501730e-01 9.021915e-01 7.504037e-01 
       7.457439e-01 9.004691e-01 7.484352e-01 
       7.413149e-01 8.987466e-01 7.464667e-01 
       7.368858e-01 8.970242e-01 7.444983e-01 
       7.324567e-01 8.953018e-01 7.425298e-01 
       7.280277e-01 8.935794e-01 7.405613e-01 
       7.235986e-01 8.918570e-01 7.385928e-01 
       7.191696e-01 8.901346e-01 7.366244e-01 
       7.147405e-01 8.884121e-01 7.346559e-01 
       7.103114e-01 8.866897e-01 7.326874e-01 
       7.058824e-01 8.849673e-01 7.307190e-01 
       7.014533e-01 8.832449e-01 7.287505e-01 
       6.970242e-01 8.815225e-01 7.267820e-01 
       6.925952e-01 8.798001e-01 7.248135e-01 
       6.881661e-01 8.780777e-01 7.228451e-01 
       6.837370e-01 8.763552e-01 7.208766e-01 
       6.793080e-01 8.746328e-01 7.189081e-01 
       6.748789e-01 8.729104e-01 7.169396e-01 
       6.704498e-01 8.711880e-01 7.149712e-01 
       6.660208e-01 8.694656e-01 7.130027e-01 
       6.615917e-01 8.677432e-01 7.110342e-01 
       6.567474e-01 8.658824e-01 7.104960e-01 
       6.512111e-01 8.637908e-01 7.123414e-01 
       6.456747e-01 8.616993e-01 7.141869e-01 
       6.401384e-01 8.596078e-01 7.160323e-01 
       6.346021e-01 8.575163e-01 7.178777e-01 
       6.290657e-01 8.554248e-01 7.197232e-01 
       6.235294e-01 8.533333e-01 7.215686e-01 
       6.179931e-01 8.512418e-01 7.234141e-01 
       6.124567e-01 8.491503e-01 7.252595e-01 
       6.069204e-01 8.470588e-01 7.271050e-01 
       6.013841e-01 8.449673e-01 7.289504e-01 
       5.958478e-01 8.428758e-01 7.307958e-01 
       5.903114e-01 8.407843e-01 7.326413e-01 
       5.847751e-01 8.386928e-01 7.344867e-01 
       5.792388e-01 8.366013e-01 7.363322e-01 
       5.737024e-01 8.345098e-01 7.381776e-01 
       5.681661e-01 8.324183e-01 7.400231e-01 
       5.626298e-01 8.303268e-01 7.418685e-01 
       5.570934e-01 8.282353e-01 7.437140e-01 
       5.515571e-01 8.261438e-01 7.455594e-01 
       5.460208e-01 8.240523e-01 7.474048e-01 
       5.404844e-01 8.219608e-01 7.492503e-01 
       5.349481e-01 8.198693e-01 7.510957e-01 
       5.294118e-01 8.177778e-01 7.529412e-01 
       5.238754e-01 8.156863e-01 7.547866e-01 
       5.183391e-01 8.135948e-01 7.566321e-01 
       5.128028e-01 8.115033e-01 7.584775e-01 
       5.072664e-01 8.094118e-01 7.603230e-01 
       5.017301e-01 8.073203e-01 7.621684e-01 
       4.961938e-01 8.052288e-01 7.640138e-01 
       4.906574e-01 8.031373e-01 7.658593e-01 
       4.851211e-01 8.010458e-01 7.677047e-01 
       4.795848e-01 7.984621e-01 7.695502e-01 
       4.740484e-01 7.953864e-01 7.713956e-01 
       4.685121e-01 7.923106e-01 7.732411e-01 
       4.629758e-01 7.892349e-01 7.750865e-01 
       4.574394e-01 7.861592e-01 7.769319e-01 
       4.519031e-01 7.830834e-01 7.787774e-01 
       4.463668e-01 7.800077e-01 7.806228e-01 
       4.408304e-01 7.769319e-01 7.824683e-01 
       4.352941e-01 7.738562e-01 7.843137e-01 
       4.297578e-01 7.707805e-01 7.861592e-01 
       4.242215e-01 7.677047e-01 7.880046e-01 
       4.186851e-01 7.646290e-01 7.898501e-01 
       4.131488e-01 7.615532e-01 7.916955e-01 
       4.076125e-01 7.584775e-01 7.935409e-01 
       4.020761e-01 7.554018e-01 7.953864e-01 
       3.965398e-01 7.523260e-01 7.972318e-01 
       3.910035e-01 7.492503e-01 7.990773e-01 
       3.854671e-01 7.461745e-01 8.009227e-01 
       3.799308e-01 7.430988e-01 8.027682e-01 
       3.743945e-01 7.400231e-01 8.046136e-01 
       3.688581e-01 7.369473e-01 8.064591e-01 
       3.633218e-01 7.338716e-01 8.083045e-01 
       3.577855e-01 7.307958e-01 8.101499e-01 
       3.522491e-01 7.277201e-01 8.119954e-01 
       3.467128e-01 7.246444e-01 8.138408e-01 
       3.411765e-01 7.215686e-01 8.156863e-01 
       3.356401e-01 7.184929e-01 8.175317e-01 
       3.301038e-01 7.154171e-01 8.193772e-01 
       3.245675e-01 7.123414e-01 8.212226e-01 
       3.190311e-01 7.092657e-01 8.230681e-01 
       3.134948e-01 7.061899e-01 8.249135e-01 
       3.079585e-01 7.031142e-01 8.267589e-01 
       3.031911e-01 6.989619e-01 8.258362e-01 
       2.988850e-01 6.941638e-01 8.232526e-01 
       2.945790e-01 6.893656e-01 8.206690e-01 
       2.902730e-01 6.845675e-01 8.180854e-01 
       2.859669e-01 6.797693e-01 8.155017e-01 
       2.816609e-01 6.749712e-01 8.129181e-01 
       2.773549e-01 6.701730e-01 8.103345e-01 
       2.730488e-01 6.653749e-01 8.077509e-01 
       2.687428e-01 6.605767e-01 8.051672e-01 
