function gnuplot2_r = gnuplot2_r()
gnuplot2_r = [ ... 
       1 1 1 
       1 1 9.509804e-01 
       1 1 9.019608e-01 
       1 1 8.529412e-01 
       1 1 8.039216e-01 
       1 1 7.549020e-01 
       1 1 7.058824e-01 
       1 1 6.568627e-01 
       1 1 6.078431e-01 
       1 1 5.588235e-01 
       1 1 5.098039e-01 
       1 1 4.607843e-01 
       1 1 4.117647e-01 
       1 1 3.627451e-01 
       1 1 3.137255e-01 
       1 1 2.647059e-01 
       1 1 2.156863e-01 
       1 1 1.666667e-01 
       1 1 1.176471e-01 
       1 1 6.862745e-02 
       1 1 1.960784e-02 
       1 9.952941e-01 4.705882e-03 
       1 9.874510e-01 1.254902e-02 
       1 9.796078e-01 2.039216e-02 
       1 9.717647e-01 2.823529e-02 
       1 9.639216e-01 3.607843e-02 
       1 9.560784e-01 4.392157e-02 
       1 9.482353e-01 5.176471e-02 
       1 9.403922e-01 5.960784e-02 
       1 9.325490e-01 6.745098e-02 
       1 9.247059e-01 7.529412e-02 
       1 9.168627e-01 8.313725e-02 
       1 9.090196e-01 9.098039e-02 
       1 9.011765e-01 9.882353e-02 
       1 8.933333e-01 1.066667e-01 
       1 8.854902e-01 1.145098e-01 
       1 8.776471e-01 1.223529e-01 
       1 8.698039e-01 1.301961e-01 
       1 8.619608e-01 1.380392e-01 
       1 8.541176e-01 1.458824e-01 
       1 8.462745e-01 1.537255e-01 
       1 8.384314e-01 1.615686e-01 
       1 8.305882e-01 1.694118e-01 
       1 8.227451e-01 1.772549e-01 
       1 8.149020e-01 1.850980e-01 
       1 8.070588e-01 1.929412e-01 
       1 7.992157e-01 2.007843e-01 
       1 7.913725e-01 2.086275e-01 
       1 7.835294e-01 2.164706e-01 
       1 7.756863e-01 2.243137e-01 
       1 7.678431e-01 2.321569e-01 
       1 7.600000e-01 2.400000e-01 
       1 7.521569e-01 2.478431e-01 
       1 7.443137e-01 2.556863e-01 
       1 7.364706e-01 2.635294e-01 
       1 7.286275e-01 2.713725e-01 
       1 7.207843e-01 2.792157e-01 
       1 7.129412e-01 2.870588e-01 
       1 7.050980e-01 2.949020e-01 
       1 6.972549e-01 3.027451e-01 
       1 6.894118e-01 3.105882e-01 
       1 6.815686e-01 3.184314e-01 
       1 6.737255e-01 3.262745e-01 
       1 6.658824e-01 3.341176e-01 
       1 6.580392e-01 3.419608e-01 
       1 6.501961e-01 3.498039e-01 
       1 6.423529e-01 3.576471e-01 
       1 6.345098e-01 3.654902e-01 
       1 6.266667e-01 3.733333e-01 
       1 6.188235e-01 3.811765e-01 
       1 6.109804e-01 3.890196e-01 
       1 6.031373e-01 3.968627e-01 
       1 5.952941e-01 4.047059e-01 
       1 5.874510e-01 4.125490e-01 
       1 5.796078e-01 4.203922e-01 
       1 5.717647e-01 4.282353e-01 
       1 5.639216e-01 4.360784e-01 
       1 5.560784e-01 4.439216e-01 
       1 5.482353e-01 4.517647e-01 
       1 5.403922e-01 4.596078e-01 
       1 5.325490e-01 4.674510e-01 
       1 5.247059e-01 4.752941e-01 
       1 5.168627e-01 4.831373e-01 
       1 5.090196e-01 4.909804e-01 
       1 5.011765e-01 4.988235e-01 
       1 4.933333e-01 5.066667e-01 
       1 4.854902e-01 5.145098e-01 
       1 4.776471e-01 5.223529e-01 
       1 4.698039e-01 5.301961e-01 
       1 4.619608e-01 5.380392e-01 
       1 4.541176e-01 5.458824e-01 
       1 4.462745e-01 5.537255e-01 
       1 4.384314e-01 5.615686e-01 
       1 4.305882e-01 5.694118e-01 
       1 4.227451e-01 5.772549e-01 
       1 4.149020e-01 5.850980e-01 
       1 4.070588e-01 5.929412e-01 
       1 3.992157e-01 6.007843e-01 
       1 3.913725e-01 6.086275e-01 
       1 3.835294e-01 6.164706e-01 
       1 3.756863e-01 6.243137e-01 
       1 3.678431e-01 6.321569e-01 
       1 3.600000e-01 6.400000e-01 
       1 3.521569e-01 6.478431e-01 
       1 3.443137e-01 6.556863e-01 
       1 3.364706e-01 6.635294e-01 
       1 3.286275e-01 6.713725e-01 
       1 3.207843e-01 6.792157e-01 
       1 3.129412e-01 6.870588e-01 
       1 3.050980e-01 6.949020e-01 
       9.957108e-01 2.972549e-01 7.027451e-01 
       9.834559e-01 2.894118e-01 7.105882e-01 
       9.712010e-01 2.815686e-01 7.184314e-01 
       9.589461e-01 2.737255e-01 7.262745e-01 
       9.466912e-01 2.658824e-01 7.341176e-01 
       9.344363e-01 2.580392e-01 7.419608e-01 
       9.221814e-01 2.501961e-01 7.498039e-01 
       9.099265e-01 2.423529e-01 7.576471e-01 
       8.976716e-01 2.345098e-01 7.654902e-01 
       8.854167e-01 2.266667e-01 7.733333e-01 
       8.731618e-01 2.188235e-01 7.811765e-01 
       8.609069e-01 2.109804e-01 7.890196e-01 
       8.486520e-01 2.031373e-01 7.968627e-01 
       8.363971e-01 1.952941e-01 8.047059e-01 
       8.241422e-01 1.874510e-01 8.125490e-01 
       8.118873e-01 1.796078e-01 8.203922e-01 
       7.996324e-01 1.717647e-01 8.282353e-01 
       7.873775e-01 1.639216e-01 8.360784e-01 
       7.751225e-01 1.560784e-01 8.439216e-01 
       7.628676e-01 1.482353e-01 8.517647e-01 
       7.506127e-01 1.403922e-01 8.596078e-01 
       7.383578e-01 1.325490e-01 8.674510e-01 
       7.261029e-01 1.247059e-01 8.752941e-01 
       7.138480e-01 1.168627e-01 8.831373e-01 
       7.015931e-01 1.090196e-01 8.909804e-01 
       6.893382e-01 1.011765e-01 8.988235e-01 
       6.770833e-01 9.333333e-02 9.066667e-01 
       6.648284e-01 8.549020e-02 9.145098e-01 
       6.525735e-01 7.764706e-02 9.223529e-01 
       6.403186e-01 6.980392e-02 9.301961e-01 
       6.280637e-01 6.196078e-02 9.380392e-01 
       6.158088e-01 5.411765e-02 9.458824e-01 
       6.035539e-01 4.627451e-02 9.537255e-01 
       5.912990e-01 3.843137e-02 9.615686e-01 
       5.790441e-01 3.058824e-02 9.694118e-01 
       5.667892e-01 2.274510e-02 9.772549e-01 
       5.545343e-01 1.490196e-02 9.850980e-01 
       5.422794e-01 7.058824e-03 9.929412e-01 
       5.300245e-01 0 1 
       5.177696e-01 0 1 
       5.055147e-01 0 1 
       4.932598e-01 0 1 
       4.810049e-01 0 1 
       4.687500e-01 0 1 
       4.564951e-01 0 1 
       4.442402e-01 0 1 
       4.319853e-01 0 1 
       4.197304e-01 0 1 
       4.074755e-01 0 1 
       3.952206e-01 0 1 
       3.829657e-01 0 1 
       3.707108e-01 0 1 
       3.584559e-01 0 1 
       3.462010e-01 0 1 
       3.339461e-01 0 1 
       3.216912e-01 0 1 
       3.094363e-01 0 1 
       2.971814e-01 0 1 
       2.849265e-01 0 1 
       2.726716e-01 0 1 
       2.604167e-01 0 1 
       2.481618e-01 0 1 
       2.359069e-01 0 1 
       2.236520e-01 0 1 
       2.113971e-01 0 1 
       1.991422e-01 0 1 
       1.868873e-01 0 1 
       1.746324e-01 0 1 
       1.623775e-01 0 1 
       1.501225e-01 0 1 
       1.378676e-01 0 1 
       1.256127e-01 0 1 
       1.133578e-01 0 1 
       1.011029e-01 0 1 
       8.884804e-02 0 1 
       7.659314e-02 0 1 
       6.433824e-02 0 1 
       5.208333e-02 0 1 
       3.982843e-02 0 1 
       2.757353e-02 0 1 
       1.531863e-02 0 1 
       3.063725e-03 0 1 
       0 0 9.882353e-01 
       0 0 9.725490e-01 
       0 0 9.568627e-01 
       0 0 9.411765e-01 
       0 0 9.254902e-01 
       0 0 9.098039e-01 
       0 0 8.941176e-01 
       0 0 8.784314e-01 
       0 0 8.627451e-01 
       0 0 8.470588e-01 
       0 0 8.313725e-01 
       0 0 8.156863e-01 
       0 0 8.000000e-01 
       0 0 7.843137e-01 
       0 0 7.686275e-01 
       0 0 7.529412e-01 
       0 0 7.372549e-01 
       0 0 7.215686e-01 
       0 0 7.058824e-01 
       0 0 6.901961e-01 
       0 0 6.745098e-01 
       0 0 6.588235e-01 
       0 0 6.431373e-01 
       0 0 6.274510e-01 
       0 0 6.117647e-01 
       0 0 5.960784e-01 
       0 0 5.803922e-01 
       0 0 5.647059e-01 
       0 0 5.490196e-01 
       0 0 5.333333e-01 
       0 0 5.176471e-01 
       0 0 5.019608e-01 
       0 0 4.862745e-01 
       0 0 4.705882e-01 
       0 0 4.549020e-01 
       0 0 4.392157e-01 
       0 0 4.235294e-01 
       0 0 4.078431e-01 
       0 0 3.921569e-01 
       0 0 3.764706e-01 
       0 0 3.607843e-01 
       0 0 3.450980e-01 
       0 0 3.294118e-01 
       0 0 3.137255e-01 
       0 0 2.980392e-01 
       0 0 2.823529e-01 
       0 0 2.666667e-01 
       0 0 2.509804e-01 
       0 0 2.352941e-01 
       0 0 2.196078e-01 
       0 0 2.039216e-01 
       0 0 1.882353e-01 
       0 0 1.725490e-01 
