function gnuplot_r = gnuplot_r()
gnuplot_r = [ ... 
       1 1 0 
       9.980373e-01 9.882814e-01 0 
       9.960707e-01 9.766547e-01 0 
       9.941002e-01 9.651195e-01 0 
       9.921259e-01 9.536755e-01 0 
       9.901475e-01 9.423223e-01 0 
       9.881653e-01 9.310596e-01 0 
       9.861790e-01 9.198870e-01 0 
       9.841887e-01 9.088042e-01 0 
       9.821944e-01 8.978107e-01 0 
       9.801961e-01 8.869062e-01 0 
       9.781936e-01 8.760904e-01 0 
       9.761871e-01 8.653629e-01 0 
       9.741764e-01 8.547233e-01 0 
       9.721615e-01 8.441713e-01 0 
       9.701425e-01 8.337065e-01 0 
       9.681193e-01 8.233285e-01 0 
       9.660918e-01 8.130370e-01 0 
       9.640600e-01 8.028317e-01 0 
       9.620240e-01 7.927121e-01 0 
       9.599837e-01 7.826779e-01 0 
       9.579390e-01 7.727287e-01 0 
       9.558899e-01 7.628642e-01 0 
       9.538364e-01 7.530840e-01 0 
       9.517785e-01 7.433877e-01 0 
       9.497162e-01 7.337751e-01 0 
       9.476493e-01 7.242457e-01 0 
       9.455779e-01 7.147991e-01 0 
       9.435020e-01 7.054350e-01 0 
       9.414215e-01 6.961531e-01 0 
       9.393364e-01 6.869530e-01 0 
       9.372467e-01 6.778343e-01 0 
       9.351523e-01 6.687966e-01 0 
       9.330532e-01 6.598396e-01 0 
       9.309493e-01 6.509630e-01 0 
       9.288407e-01 6.421663e-01 0 
       9.267273e-01 6.334492e-01 0 
       9.246091e-01 6.248114e-01 0 
       9.224860e-01 6.162525e-01 0 
       9.203580e-01 6.077720e-01 0 
       9.182251e-01 5.993698e-01 0 
       9.160872e-01 5.910453e-01 0 
       9.139443e-01 5.827983e-01 0 
       9.117963e-01 5.746283e-01 0 
       9.096433e-01 5.665351e-01 0 
       9.074852e-01 5.585182e-01 0 
       9.053220e-01 5.505773e-01 0 
       9.031535e-01 5.427120e-01 0 
       9.009799e-01 5.349220e-01 0 
       8.988009e-01 5.272069e-01 0 
       8.966167e-01 5.195664e-01 0 
       8.944272e-01 5.120000e-01 0 
       8.922323e-01 5.045074e-01 0 
       8.900319e-01 4.970883e-01 0 
       8.878262e-01 4.897423e-01 0 
       8.856149e-01 4.824690e-01 0 
       8.833981e-01 4.752681e-01 0 
       8.811757e-01 4.681392e-01 0 
       8.789477e-01 4.610820e-01 0 
       8.767140e-01 4.540960e-01 0 
       8.744746e-01 4.471809e-01 0 
       8.722295e-01 4.403365e-01 0 
       8.699786e-01 4.335622e-01 0 
       8.677218e-01 4.268577e-01 0 
       8.654592e-01 4.202227e-01 0 
       8.631906e-01 4.136569e-01 0 
       8.609161e-01 4.071598e-01 0 
       8.586355e-01 4.007311e-01 0 
       8.563488e-01 3.943704e-01 0 
       8.540561e-01 3.880773e-01 0 
       8.517571e-01 3.818516e-01 0 
       8.494520e-01 3.756928e-01 0 
       8.471405e-01 3.696007e-01 0 
       8.448228e-01 3.635747e-01 0 
       8.424986e-01 3.576146e-01 0 
       8.401681e-01 3.517199e-01 0 
       8.378310e-01 3.458904e-01 0 
       8.354874e-01 3.401257e-01 0 
       8.331372e-01 3.344254e-01 0 
       8.307804e-01 3.287891e-01 0 
       8.284169e-01 3.232166e-01 0 
       8.260466e-01 3.177073e-01 0 
       8.236695e-01 3.122610e-01 0 
       8.212855e-01 3.068773e-01 0 
       8.188945e-01 3.015559e-01 0 
       8.164966e-01 2.962963e-01 0 
       8.140916e-01 2.910982e-01 0 
       8.116794e-01 2.859613e-01 0 
       8.092601e-01 2.808852e-01 0 
       8.068336e-01 2.758695e-01 0 
       8.043997e-01 2.709139e-01 0 
       8.019584e-01 2.660180e-01 0 
       7.995097e-01 2.611814e-01 0 
       7.970534e-01 2.564038e-01 0 
       7.945895e-01 2.516849e-01 0 
       7.921180e-01 2.470241e-01 0 
       7.896388e-01 2.424213e-01 0 
       7.871517e-01 2.378761e-01 0 
       7.846568e-01 2.333879e-01 0 
       7.821539e-01 2.289566e-01 0 
       7.796430e-01 2.245818e-01 0 
       7.771239e-01 2.202630e-01 0 
       7.745967e-01 2.160000e-01 0 
       7.720612e-01 2.117923e-01 0 
       7.695173e-01 2.076397e-01 0 
       7.669650e-01 2.035416e-01 0 
       7.644042e-01 1.994979e-01 0 
       7.618347e-01 1.955080e-01 0 
       7.592566e-01 1.915717e-01 0 
       7.566697e-01 1.876887e-01 0 
       7.540739e-01 1.838584e-01 0 
       7.514691e-01 1.800806e-01 0 
       7.488553e-01 1.763549e-01 0 
       7.462324e-01 1.726810e-01 0 
       7.436001e-01 1.690584e-01 0 
       7.409586e-01 1.654869e-01 0 
       7.383076e-01 1.619660e-01 0 
       7.356470e-01 1.584954e-01 0 
       7.329767e-01 1.550748e-01 0 
       7.302967e-01 1.517037e-01 0 
       7.276069e-01 1.483818e-01 0 
       7.249070e-01 1.451088e-01 0 
       7.221971e-01 1.418843e-01 0 
       7.194769e-01 1.387079e-01 0 
       7.167465e-01 1.355793e-01 0 
       7.140055e-01 1.324981e-01 0 
       7.112541e-01 1.294639e-01 0 
       7.084919e-01 1.264764e-01 0 
       7.057189e-01 1.235352e-01 1.231966e-02 
       7.029350e-01 1.206399e-01 3.695150e-02 
       7.001400e-01 1.177903e-01 6.156091e-02 
       6.973339e-01 1.149859e-01 8.613294e-02 
       6.945163e-01 1.122263e-01 1.106527e-01 
       6.916873e-01 1.095113e-01 1.351052e-01 
       6.888467e-01 1.068404e-01 1.594758e-01 
       6.859943e-01 1.042133e-01 1.837495e-01 
       6.831301e-01 1.016296e-01 2.079117e-01 
       6.802537e-01 9.908901e-02 2.319476e-01 
       6.773651e-01 9.659108e-02 2.558428e-01 
       6.744642e-01 9.413550e-02 2.795826e-01 
       6.715507e-01 9.172189e-02 3.031527e-01 
       6.686246e-01 8.934989e-02 3.265387e-01 
       6.656856e-01 8.701914e-02 3.497265e-01 
       6.627335e-01 8.472928e-02 3.727020e-01 
       6.597682e-01 8.247995e-02 3.954512e-01 
       6.567896e-01 8.027079e-02 4.179603e-01 
       6.537974e-01 7.810142e-02 4.402157e-01 
       6.507914e-01 7.597150e-02 4.622039e-01 
       6.477714e-01 7.388066e-02 4.839114e-01 
       6.447374e-01 7.182854e-02 5.053252e-01 
       6.416889e-01 6.981478e-02 5.264322e-01 
       6.386260e-01 6.783901e-02 5.472195e-01 
       6.355482e-01 6.590087e-02 5.676747e-01 
       6.324555e-01 6.400000e-02 5.877853e-01 
       6.293476e-01 6.213604e-02 6.075389e-01 
       6.262243e-01 6.030863e-02 6.269238e-01 
       6.230853e-01 5.851740e-02 6.459281e-01 
       6.199304e-01 5.676200e-02 6.645402e-01 
       6.167594e-01 5.504206e-02 6.827489e-01 
       6.135720e-01 5.335722e-02 7.005430e-01 
       6.103679e-01 5.170711e-02 7.179119e-01 
       6.071470e-01 5.009138e-02 7.348450e-01 
       6.039088e-01 4.850967e-02 7.513319e-01 
       6.006532e-01 4.696161e-02 7.673627e-01 
       5.973799e-01 4.544683e-02 7.829276e-01 
       5.940885e-01 4.396499e-02 7.980172e-01 
       5.907788e-01 4.251571e-02 8.126224e-01 
       5.874505e-01 4.109864e-02 8.267342e-01 
       5.841031e-01 3.971341e-02 8.403441e-01 
       5.807365e-01 3.835967e-02 8.534438e-01 
       5.773503e-01 3.703704e-02 8.660254e-01 
       5.739440e-01 3.574517e-02 8.780812e-01 
       5.705175e-01 3.448369e-02 8.896040e-01 
       5.670702e-01 3.325225e-02 9.005867e-01 
       5.636019e-01 3.205048e-02 9.110226e-01 
       5.601120e-01 3.087802e-02 9.209055e-01 
       5.566003e-01 2.973451e-02 9.302293e-01 
       5.530663e-01 2.861958e-02 9.389884e-01 
       5.495096e-01 2.753288e-02 9.471774e-01 
       5.459297e-01 2.647404e-02 9.547913e-01 
       5.423261e-01 2.544270e-02 9.618256e-01 
       5.386985e-01 2.443850e-02 9.682760e-01 
       5.350463e-01 2.346108e-02 9.741386e-01 
       5.313689e-01 2.251008e-02 9.794098e-01 
       5.276660e-01 2.158512e-02 9.840863e-01 
       5.239368e-01 2.068586e-02 9.881655e-01 
       5.201810e-01 1.981193e-02 9.916447e-01 
       5.163978e-01 1.896296e-02 9.945219e-01 
       5.125867e-01 1.813860e-02 9.967953e-01 
       5.087470e-01 1.733849e-02 9.984636e-01 
       5.048782e-01 1.656226e-02 9.995257e-01 
       5.009794e-01 1.580955e-02 9.999810e-01 
       4.970501e-01 1.507999e-02 9.998293e-01 
       4.930895e-01 1.437324e-02 9.990705e-01 
       4.890968e-01 1.368891e-02 9.977052e-01 
       4.850713e-01 1.302666e-02 9.957342e-01 
       4.810120e-01 1.238613e-02 9.931587e-01 
       4.769182e-01 1.176694e-02 9.899802e-01 
       4.727890e-01 1.116874e-02 9.862007e-01 
