function greens_r = greens_r()
greens_r = [ ... 
       0 2.666667e-01 1.058824e-01 
       0 2.717109e-01 1.079739e-01 
       0 2.767551e-01 1.100654e-01 
       0 2.817993e-01 1.121569e-01 
       0 2.868435e-01 1.142484e-01 
       0 2.918877e-01 1.163399e-01 
       0 2.969319e-01 1.184314e-01 
       0 3.019762e-01 1.205229e-01 
       0 3.070204e-01 1.226144e-01 
       0 3.120646e-01 1.247059e-01 
       0 3.171088e-01 1.267974e-01 
       0 3.221530e-01 1.288889e-01 
       0 3.271972e-01 1.309804e-01 
       0 3.322414e-01 1.330719e-01 
       0 3.372857e-01 1.351634e-01 
       0 3.423299e-01 1.372549e-01 
       0 3.473741e-01 1.393464e-01 
       0 3.524183e-01 1.414379e-01 
       0 3.574625e-01 1.435294e-01 
       0 3.625067e-01 1.456209e-01 
       0 3.675509e-01 1.477124e-01 
       0 3.725952e-01 1.498039e-01 
       0 3.776394e-01 1.518954e-01 
       0 3.826836e-01 1.539869e-01 
       0 3.877278e-01 1.560784e-01 
       0 3.927720e-01 1.581699e-01 
       0 3.978162e-01 1.602614e-01 
       0 4.028604e-01 1.623529e-01 
       0 4.079047e-01 1.644444e-01 
       0 4.129489e-01 1.665359e-01 
       0 4.179931e-01 1.686275e-01 
       0 4.230373e-01 1.707190e-01 
       5.382545e-04 4.279123e-01 1.729335e-01 
       4.844291e-03 4.316032e-01 1.760092e-01 
       9.150327e-03 4.352941e-01 1.790850e-01 
       1.345636e-02 4.389850e-01 1.821607e-01 
       1.776240e-02 4.426759e-01 1.852364e-01 
       2.206844e-02 4.463668e-01 1.883122e-01 
       2.637447e-02 4.500577e-01 1.913879e-01 
       3.068051e-02 4.537486e-01 1.944637e-01 
       3.498654e-02 4.574394e-01 1.975394e-01 
       3.929258e-02 4.611303e-01 2.006151e-01 
       4.359862e-02 4.648212e-01 2.036909e-01 
       4.790465e-02 4.685121e-01 2.067666e-01 
       5.221069e-02 4.722030e-01 2.098424e-01 
       5.651672e-02 4.758939e-01 2.129181e-01 
       6.082276e-02 4.795848e-01 2.159938e-01 
       6.512880e-02 4.832757e-01 2.190696e-01 
       6.943483e-02 4.869666e-01 2.221453e-01 
       7.374087e-02 4.906574e-01 2.252211e-01 
       7.804691e-02 4.943483e-01 2.282968e-01 
       8.235294e-02 4.980392e-01 2.313725e-01 
       8.665898e-02 5.017301e-01 2.344483e-01 
       9.096501e-02 5.054210e-01 2.375240e-01 
       9.527105e-02 5.091119e-01 2.405998e-01 
       9.957709e-02 5.128028e-01 2.436755e-01 
       1.038831e-01 5.164937e-01 2.467512e-01 
       1.081892e-01 5.201845e-01 2.498270e-01 
       1.124952e-01 5.238754e-01 2.529027e-01 
       1.168012e-01 5.275663e-01 2.559785e-01 
       1.211073e-01 5.312572e-01 2.590542e-01 
       1.254133e-01 5.349481e-01 2.621300e-01 
       1.297193e-01 5.386390e-01 2.652057e-01 
       1.340254e-01 5.423299e-01 2.682814e-01 
       1.381776e-01 5.460823e-01 2.713264e-01 
       1.418685e-01 5.500192e-01 2.742791e-01 
       1.455594e-01 5.539562e-01 2.772318e-01 
       1.492503e-01 5.578931e-01 2.801845e-01 
       1.529412e-01 5.618301e-01 2.831373e-01 
       1.566321e-01 5.657670e-01 2.860900e-01 
       1.603230e-01 5.697040e-01 2.890427e-01 
       1.640138e-01 5.736409e-01 2.919954e-01 
       1.677047e-01 5.775779e-01 2.949481e-01 
       1.713956e-01 5.815148e-01 2.979008e-01 
       1.750865e-01 5.854517e-01 3.008535e-01 
       1.787774e-01 5.893887e-01 3.038062e-01 
       1.824683e-01 5.933256e-01 3.067589e-01 
       1.861592e-01 5.972626e-01 3.097116e-01 
       1.898501e-01 6.011995e-01 3.126644e-01 
       1.935409e-01 6.051365e-01 3.156171e-01 
       1.972318e-01 6.090734e-01 3.185698e-01 
       2.009227e-01 6.130104e-01 3.215225e-01 
       2.046136e-01 6.169473e-01 3.244752e-01 
       2.083045e-01 6.208843e-01 3.274279e-01 
       2.119954e-01 6.248212e-01 3.303806e-01 
       2.156863e-01 6.287582e-01 3.333333e-01 
       2.193772e-01 6.326951e-01 3.362860e-01 
       2.230681e-01 6.366321e-01 3.392388e-01 
       2.267589e-01 6.405690e-01 3.421915e-01 
       2.304498e-01 6.445060e-01 3.451442e-01 
       2.341407e-01 6.484429e-01 3.480969e-01 
       2.378316e-01 6.523799e-01 3.510496e-01 
       2.415225e-01 6.563168e-01 3.540023e-01 
       2.452134e-01 6.602537e-01 3.569550e-01 
       2.489043e-01 6.641907e-01 3.599077e-01 
       2.525952e-01 6.681276e-01 3.628604e-01 
       2.572549e-01 6.717416e-01 3.658593e-01 
       2.635294e-01 6.748174e-01 3.689350e-01 
       2.698039e-01 6.778931e-01 3.720108e-01 
       2.760784e-01 6.809689e-01 3.750865e-01 
       2.823529e-01 6.840446e-01 3.781622e-01 
       2.886275e-01 6.871203e-01 3.812380e-01 
       2.949020e-01 6.901961e-01 3.843137e-01 
       3.011765e-01 6.932718e-01 3.873895e-01 
       3.074510e-01 6.963476e-01 3.904652e-01 
       3.137255e-01 6.994233e-01 3.935409e-01 
       3.200000e-01 7.024990e-01 3.966167e-01 
       3.262745e-01 7.055748e-01 3.996924e-01 
       3.325490e-01 7.086505e-01 4.027682e-01 
       3.388235e-01 7.117263e-01 4.058439e-01 
       3.450980e-01 7.148020e-01 4.089196e-01 
       3.513725e-01 7.178777e-01 4.119954e-01 
       3.576471e-01 7.209535e-01 4.150711e-01 
       3.639216e-01 7.240292e-01 4.181469e-01 
       3.701961e-01 7.271050e-01 4.212226e-01 
       3.764706e-01 7.301807e-01 4.242983e-01 
       3.827451e-01 7.332564e-01 4.273741e-01 
       3.890196e-01 7.363322e-01 4.304498e-01 
       3.952941e-01 7.394079e-01 4.335256e-01 
       4.015686e-01 7.424837e-01 4.366013e-01 
       4.078431e-01 7.455594e-01 4.396770e-01 
       4.141176e-01 7.486351e-01 4.427528e-01 
       4.203922e-01 7.517109e-01 4.458285e-01 
       4.266667e-01 7.547866e-01 4.489043e-01 
       4.329412e-01 7.578624e-01 4.519800e-01 
       4.392157e-01 7.609381e-01 4.550557e-01 
       4.454902e-01 7.640138e-01 4.581315e-01 
       4.517647e-01 7.670896e-01 4.612072e-01 
       4.576701e-01 7.699193e-01 4.650211e-01 
       4.632065e-01 7.725029e-01 4.695732e-01 
       4.687428e-01 7.750865e-01 4.741253e-01 
       4.742791e-01 7.776701e-01 4.786774e-01 
       4.798155e-01 7.802537e-01 4.832295e-01 
       4.853518e-01 7.828374e-01 4.877816e-01 
       4.908881e-01 7.854210e-01 4.923337e-01 
       4.964245e-01 7.880046e-01 4.968858e-01 
       5.019608e-01 7.905882e-01 5.014379e-01 
       5.074971e-01 7.931719e-01 5.059900e-01 
       5.130334e-01 7.957555e-01 5.105421e-01 
       5.185698e-01 7.983391e-01 5.150942e-01 
       5.241061e-01 8.009227e-01 5.196463e-01 
       5.296424e-01 8.035063e-01 5.241984e-01 
       5.351788e-01 8.060900e-01 5.287505e-01 
       5.407151e-01 8.086736e-01 5.333026e-01 
       5.462514e-01 8.112572e-01 5.378547e-01 
       5.517878e-01 8.138408e-01 5.424068e-01 
       5.573241e-01 8.164245e-01 5.469589e-01 
       5.628604e-01 8.190081e-01 5.515110e-01 
       5.683968e-01 8.215917e-01 5.560631e-01 
       5.739331e-01 8.241753e-01 5.606151e-01 
       5.794694e-01 8.267589e-01 5.651672e-01 
       5.850058e-01 8.293426e-01 5.697193e-01 
       5.905421e-01 8.319262e-01 5.742714e-01 
       5.960784e-01 8.345098e-01 5.788235e-01 
       6.016148e-01 8.370934e-01 5.833756e-01 
       6.071511e-01 8.396770e-01 5.879277e-01 
       6.126874e-01 8.422607e-01 5.924798e-01 
       6.182238e-01 8.448443e-01 5.970319e-01 
       6.237601e-01 8.474279e-01 6.015840e-01 
       6.292964e-01 8.500115e-01 6.061361e-01 
       6.342945e-01 8.522107e-01 6.106882e-01 
       6.389696e-01 8.541792e-01 6.152403e-01 
       6.436448e-01 8.561476e-01 6.197924e-01 
       6.483199e-01 8.581161e-01 6.243445e-01 
       6.529950e-01 8.600846e-01 6.288966e-01 
       6.576701e-01 8.620531e-01 6.334487e-01 
       6.623453e-01 8.640215e-01 6.380008e-01 
       6.670204e-01 8.659900e-01 6.425529e-01 
       6.716955e-01 8.679585e-01 6.471050e-01 
       6.763706e-01 8.699270e-01 6.516571e-01 
       6.810458e-01 8.718954e-01 6.562092e-01 
       6.857209e-01 8.738639e-01 6.607612e-01 
       6.903960e-01 8.758324e-01 6.653133e-01 
       6.950711e-01 8.778008e-01 6.698654e-01 
       6.997463e-01 8.797693e-01 6.744175e-01 
       7.044214e-01 8.817378e-01 6.789696e-01 
