function greys_r = greys_r()
greys_r = [ ... 
       0 0 0 
       4.552095e-03 4.552095e-03 4.552095e-03 
       9.104191e-03 9.104191e-03 9.104191e-03 
       1.365629e-02 1.365629e-02 1.365629e-02 
       1.820838e-02 1.820838e-02 1.820838e-02 
       2.276048e-02 2.276048e-02 2.276048e-02 
       2.731257e-02 2.731257e-02 2.731257e-02 
       3.186467e-02 3.186467e-02 3.186467e-02 
       3.641676e-02 3.641676e-02 3.641676e-02 
       4.096886e-02 4.096886e-02 4.096886e-02 
       4.552095e-02 4.552095e-02 4.552095e-02 
       5.007305e-02 5.007305e-02 5.007305e-02 
       5.462514e-02 5.462514e-02 5.462514e-02 
       5.917724e-02 5.917724e-02 5.917724e-02 
       6.372933e-02 6.372933e-02 6.372933e-02 
       6.828143e-02 6.828143e-02 6.828143e-02 
       7.283353e-02 7.283353e-02 7.283353e-02 
       7.738562e-02 7.738562e-02 7.738562e-02 
       8.193772e-02 8.193772e-02 8.193772e-02 
       8.648981e-02 8.648981e-02 8.648981e-02 
       9.104191e-02 9.104191e-02 9.104191e-02 
       9.559400e-02 9.559400e-02 9.559400e-02 
       1.001461e-01 1.001461e-01 1.001461e-01 
       1.046982e-01 1.046982e-01 1.046982e-01 
       1.092503e-01 1.092503e-01 1.092503e-01 
       1.138024e-01 1.138024e-01 1.138024e-01 
       1.183545e-01 1.183545e-01 1.183545e-01 
       1.229066e-01 1.229066e-01 1.229066e-01 
       1.274587e-01 1.274587e-01 1.274587e-01 
       1.320108e-01 1.320108e-01 1.320108e-01 
       1.365629e-01 1.365629e-01 1.365629e-01 
       1.411150e-01 1.411150e-01 1.411150e-01 
       1.457901e-01 1.457901e-01 1.457901e-01 
       1.513264e-01 1.513264e-01 1.513264e-01 
       1.568627e-01 1.568627e-01 1.568627e-01 
       1.623991e-01 1.623991e-01 1.623991e-01 
       1.679354e-01 1.679354e-01 1.679354e-01 
       1.734717e-01 1.734717e-01 1.734717e-01 
       1.790081e-01 1.790081e-01 1.790081e-01 
       1.845444e-01 1.845444e-01 1.845444e-01 
       1.900807e-01 1.900807e-01 1.900807e-01 
       1.956171e-01 1.956171e-01 1.956171e-01 
       2.011534e-01 2.011534e-01 2.011534e-01 
       2.066897e-01 2.066897e-01 2.066897e-01 
       2.122261e-01 2.122261e-01 2.122261e-01 
       2.177624e-01 2.177624e-01 2.177624e-01 
       2.232987e-01 2.232987e-01 2.232987e-01 
       2.288351e-01 2.288351e-01 2.288351e-01 
       2.343714e-01 2.343714e-01 2.343714e-01 
       2.399077e-01 2.399077e-01 2.399077e-01 
       2.454441e-01 2.454441e-01 2.454441e-01 
       2.509804e-01 2.509804e-01 2.509804e-01 
       2.565167e-01 2.565167e-01 2.565167e-01 
       2.620531e-01 2.620531e-01 2.620531e-01 
       2.675894e-01 2.675894e-01 2.675894e-01 
       2.731257e-01 2.731257e-01 2.731257e-01 
       2.786621e-01 2.786621e-01 2.786621e-01 
       2.841984e-01 2.841984e-01 2.841984e-01 
       2.897347e-01 2.897347e-01 2.897347e-01 
       2.952710e-01 2.952710e-01 2.952710e-01 
       3.008074e-01 3.008074e-01 3.008074e-01 
       3.063437e-01 3.063437e-01 3.063437e-01 
       3.118800e-01 3.118800e-01 3.118800e-01 
       3.174164e-01 3.174164e-01 3.174164e-01 
       3.225836e-01 3.225836e-01 3.225836e-01 
       3.266436e-01 3.266436e-01 3.266436e-01 
       3.307036e-01 3.307036e-01 3.307036e-01 
       3.347636e-01 3.347636e-01 3.347636e-01 
       3.388235e-01 3.388235e-01 3.388235e-01 
       3.428835e-01 3.428835e-01 3.428835e-01 
       3.469435e-01 3.469435e-01 3.469435e-01 
       3.510035e-01 3.510035e-01 3.510035e-01 
       3.550634e-01 3.550634e-01 3.550634e-01 
       3.591234e-01 3.591234e-01 3.591234e-01 
       3.631834e-01 3.631834e-01 3.631834e-01 
       3.672434e-01 3.672434e-01 3.672434e-01 
       3.713033e-01 3.713033e-01 3.713033e-01 
       3.753633e-01 3.753633e-01 3.753633e-01 
       3.794233e-01 3.794233e-01 3.794233e-01 
       3.834833e-01 3.834833e-01 3.834833e-01 
       3.875433e-01 3.875433e-01 3.875433e-01 
       3.916032e-01 3.916032e-01 3.916032e-01 
       3.956632e-01 3.956632e-01 3.956632e-01 
       3.997232e-01 3.997232e-01 3.997232e-01 
       4.037832e-01 4.037832e-01 4.037832e-01 
       4.078431e-01 4.078431e-01 4.078431e-01 
       4.119031e-01 4.119031e-01 4.119031e-01 
       4.159631e-01 4.159631e-01 4.159631e-01 
       4.200231e-01 4.200231e-01 4.200231e-01 
       4.240830e-01 4.240830e-01 4.240830e-01 
       4.281430e-01 4.281430e-01 4.281430e-01 
       4.322030e-01 4.322030e-01 4.322030e-01 
       4.362630e-01 4.362630e-01 4.362630e-01 
       4.403230e-01 4.403230e-01 4.403230e-01 
       4.443829e-01 4.443829e-01 4.443829e-01 
       4.484429e-01 4.484429e-01 4.484429e-01 
       4.525952e-01 4.525952e-01 4.525952e-01 
       4.569012e-01 4.569012e-01 4.569012e-01 
       4.612072e-01 4.612072e-01 4.612072e-01 
       4.655133e-01 4.655133e-01 4.655133e-01 
       4.698193e-01 4.698193e-01 4.698193e-01 
       4.741253e-01 4.741253e-01 4.741253e-01 
       4.784314e-01 4.784314e-01 4.784314e-01 
       4.827374e-01 4.827374e-01 4.827374e-01 
       4.870434e-01 4.870434e-01 4.870434e-01 
       4.913495e-01 4.913495e-01 4.913495e-01 
       4.956555e-01 4.956555e-01 4.956555e-01 
       4.999616e-01 4.999616e-01 4.999616e-01 
       5.042676e-01 5.042676e-01 5.042676e-01 
       5.085736e-01 5.085736e-01 5.085736e-01 
       5.128797e-01 5.128797e-01 5.128797e-01 
       5.171857e-01 5.171857e-01 5.171857e-01 
       5.214917e-01 5.214917e-01 5.214917e-01 
       5.257978e-01 5.257978e-01 5.257978e-01 
       5.301038e-01 5.301038e-01 5.301038e-01 
       5.344098e-01 5.344098e-01 5.344098e-01 
       5.387159e-01 5.387159e-01 5.387159e-01 
       5.430219e-01 5.430219e-01 5.430219e-01 
       5.473280e-01 5.473280e-01 5.473280e-01 
       5.516340e-01 5.516340e-01 5.516340e-01 
       5.559400e-01 5.559400e-01 5.559400e-01 
       5.602461e-01 5.602461e-01 5.602461e-01 
       5.645521e-01 5.645521e-01 5.645521e-01 
       5.688581e-01 5.688581e-01 5.688581e-01 
       5.731642e-01 5.731642e-01 5.731642e-01 
       5.774702e-01 5.774702e-01 5.774702e-01 
       5.817762e-01 5.817762e-01 5.817762e-01 
       5.860823e-01 5.860823e-01 5.860823e-01 
       5.906344e-01 5.906344e-01 5.906344e-01 
       5.954325e-01 5.954325e-01 5.954325e-01 
       6.002307e-01 6.002307e-01 6.002307e-01 
       6.050288e-01 6.050288e-01 6.050288e-01 
       6.098270e-01 6.098270e-01 6.098270e-01 
       6.146251e-01 6.146251e-01 6.146251e-01 
       6.194233e-01 6.194233e-01 6.194233e-01 
       6.242215e-01 6.242215e-01 6.242215e-01 
       6.290196e-01 6.290196e-01 6.290196e-01 
       6.338178e-01 6.338178e-01 6.338178e-01 
       6.386159e-01 6.386159e-01 6.386159e-01 
       6.434141e-01 6.434141e-01 6.434141e-01 
       6.482122e-01 6.482122e-01 6.482122e-01 
       6.530104e-01 6.530104e-01 6.530104e-01 
       6.578085e-01 6.578085e-01 6.578085e-01 
       6.626067e-01 6.626067e-01 6.626067e-01 
       6.674048e-01 6.674048e-01 6.674048e-01 
       6.722030e-01 6.722030e-01 6.722030e-01 
       6.770012e-01 6.770012e-01 6.770012e-01 
       6.817993e-01 6.817993e-01 6.817993e-01 
       6.865975e-01 6.865975e-01 6.865975e-01 
       6.913956e-01 6.913956e-01 6.913956e-01 
       6.961938e-01 6.961938e-01 6.961938e-01 
       7.009919e-01 7.009919e-01 7.009919e-01 
       7.057901e-01 7.057901e-01 7.057901e-01 
       7.105882e-01 7.105882e-01 7.105882e-01 
       7.153864e-01 7.153864e-01 7.153864e-01 
       7.201845e-01 7.201845e-01 7.201845e-01 
       7.249827e-01 7.249827e-01 7.249827e-01 
       7.297809e-01 7.297809e-01 7.297809e-01 
       7.345790e-01 7.345790e-01 7.345790e-01 
       7.393772e-01 7.393772e-01 7.393772e-01 
       7.433295e-01 7.433295e-01 7.433295e-01 
       7.467743e-01 7.467743e-01 7.467743e-01 
       7.502191e-01 7.502191e-01 7.502191e-01 
       7.536640e-01 7.536640e-01 7.536640e-01 
       7.571088e-01 7.571088e-01 7.571088e-01 
       7.605536e-01 7.605536e-01 7.605536e-01 
       7.639985e-01 7.639985e-01 7.639985e-01 
       7.674433e-01 7.674433e-01 7.674433e-01 
       7.708881e-01 7.708881e-01 7.708881e-01 
