function hot_r = hot_r()
hot_r = [ ... 
       1 1 1 
       1 1 9.845588e-01 
       1 1 9.691176e-01 
       1 1 9.536764e-01 
       1 1 9.382352e-01 
       1 1 9.227940e-01 
       1 1 9.073528e-01 
       1 1 8.919117e-01 
       1 1 8.764705e-01 
       1 1 8.610293e-01 
       1 1 8.455881e-01 
       1 1 8.301469e-01 
       1 1 8.147057e-01 
       1 1 7.992645e-01 
       1 1 7.838233e-01 
       1 1 7.683821e-01 
       1 1 7.529409e-01 
       1 1 7.374997e-01 
       1 1 7.220585e-01 
       1 1 7.066174e-01 
       1 1 6.911762e-01 
       1 1 6.757350e-01 
       1 1 6.602938e-01 
       1 1 6.448526e-01 
       1 1 6.294114e-01 
       1 1 6.139702e-01 
       1 1 5.985290e-01 
       1 1 5.830878e-01 
       1 1 5.676466e-01 
       1 1 5.522054e-01 
       1 1 5.367642e-01 
       1 1 5.213231e-01 
       1 1 5.058819e-01 
       1 1 4.904407e-01 
       1 1 4.749995e-01 
       1 1 4.595583e-01 
       1 1 4.441171e-01 
       1 1 4.286759e-01 
       1 1 4.132347e-01 
       1 1 3.977935e-01 
       1 1 3.823523e-01 
       1 1 3.669111e-01 
       1 1 3.514699e-01 
       1 1 3.360287e-01 
       1 1 3.205876e-01 
       1 1 3.051464e-01 
       1 1 2.897052e-01 
       1 1 2.742640e-01 
       1 1 2.588228e-01 
       1 1 2.433816e-01 
       1 1 2.279404e-01 
       1 1 2.124992e-01 
       1 1 1.970580e-01 
       1 1 1.816168e-01 
       1 1 1.661756e-01 
       1 1 1.507344e-01 
       1 1 1.352933e-01 
       1 1 1.198521e-01 
       1 1 1.044109e-01 
       1 1 8.896968e-02 
       1 1 7.352849e-02 
       1 1 5.808729e-02 
       1 1 4.264610e-02 
       1 1 2.720491e-02 
       1 1 1.176372e-02 
       1 9.975484e-01 0 
       1 9.872543e-01 0 
       1 9.769602e-01 0 
       1 9.666661e-01 0 
       1 9.563720e-01 0 
       1 9.460779e-01 0 
       1 9.357838e-01 0 
       1 9.254897e-01 0 
       1 9.151955e-01 0 
       1 9.049014e-01 0 
       1 8.946073e-01 0 
       1 8.843132e-01 0 
       1 8.740191e-01 0 
       1 8.637250e-01 0 
       1 8.534309e-01 0 
       1 8.431368e-01 0 
       1 8.328427e-01 0 
       1 8.225486e-01 0 
       1 8.122545e-01 0 
       1 8.019604e-01 0 
       1 7.916663e-01 0 
       1 7.813722e-01 0 
       1 7.710781e-01 0 
       1 7.607840e-01 0 
       1 7.504899e-01 0 
       1 7.401958e-01 0 
       1 7.299017e-01 0 
       1 7.196076e-01 0 
       1 7.093135e-01 0 
       1 6.990194e-01 0 
       1 6.887253e-01 0 
       1 6.784312e-01 0 
       1 6.681371e-01 0 
       1 6.578430e-01 0 
       1 6.475489e-01 0 
       1 6.372548e-01 0 
       1 6.269607e-01 0 
       1 6.166666e-01 0 
       1 6.063725e-01 0 
       1 5.960784e-01 0 
       1 5.857843e-01 0 
       1 5.754902e-01 0 
       1 5.651961e-01 0 
       1 5.549020e-01 0 
       1 5.446079e-01 0 
       1 5.343138e-01 0 
       1 5.240197e-01 0 
       1 5.137256e-01 0 
       1 5.034315e-01 0 
       1 4.931374e-01 0 
       1 4.828433e-01 0 
       1 4.725492e-01 0 
       1 4.622551e-01 0 
       1 4.519610e-01 0 
       1 4.416669e-01 0 
       1 4.313728e-01 0 
       1 4.210787e-01 0 
       1 4.107846e-01 0 
       1 4.004905e-01 0 
       1 3.901964e-01 0 
       1 3.799023e-01 0 
       1 3.696082e-01 0 
       1 3.593141e-01 0 
       1 3.490200e-01 0 
       1 3.387259e-01 0 
       1 3.284318e-01 0 
       1 3.181377e-01 0 
       1 3.078436e-01 0 
       1 2.975495e-01 0 
       1 2.872554e-01 0 
       1 2.769613e-01 0 
       1 2.666672e-01 0 
       1 2.563731e-01 0 
       1 2.460790e-01 0 
       1 2.357849e-01 0 
       1 2.254908e-01 0 
       1 2.151967e-01 0 
       1 2.049026e-01 0 
       1 1.946085e-01 0 
       1 1.843144e-01 0 
       1 1.740203e-01 0 
       1 1.637262e-01 0 
       1 1.534321e-01 0 
       1 1.431380e-01 0 
       1 1.328439e-01 0 
       1 1.225498e-01 0 
       1 1.122557e-01 0 
       1 1.019616e-01 0 
       1 9.166748e-02 0 
       1 8.137338e-02 0 
       1 7.107927e-02 0 
       1 6.078517e-02 0 
       1 5.049107e-02 0 
       1 4.019697e-02 0 
       1 2.990287e-02 0 
       1 1.960877e-02 0 
       1 9.314669e-03 0 
       9.990205e-01 0 0 
       9.887257e-01 0 0 
       9.784308e-01 0 0 
       9.681360e-01 0 0 
       9.578411e-01 0 0 
       9.475463e-01 0 0 
       9.372514e-01 0 0 
       9.269566e-01 0 0 
       9.166617e-01 0 0 
       9.063669e-01 0 0 
       8.960721e-01 0 0 
       8.857772e-01 0 0 
       8.754824e-01 0 0 
       8.651875e-01 0 0 
       8.548927e-01 0 0 
       8.445978e-01 0 0 
       8.343030e-01 0 0 
       8.240081e-01 0 0 
       8.137133e-01 0 0 
       8.034185e-01 0 0 
       7.931236e-01 0 0 
       7.828288e-01 0 0 
       7.725339e-01 0 0 
       7.622391e-01 0 0 
       7.519442e-01 0 0 
       7.416494e-01 0 0 
       7.313546e-01 0 0 
       7.210597e-01 0 0 
       7.107649e-01 0 0 
       7.004700e-01 0 0 
       6.901752e-01 0 0 
       6.798803e-01 0 0 
       6.695855e-01 0 0 
       6.592906e-01 0 0 
       6.489958e-01 0 0 
       6.387010e-01 0 0 
       6.284061e-01 0 0 
       6.181113e-01 0 0 
       6.078164e-01 0 0 
       5.975216e-01 0 0 
       5.872267e-01 0 0 
       5.769319e-01 0 0 
       5.666370e-01 0 0 
       5.563422e-01 0 0 
       5.460474e-01 0 0 
       5.357525e-01 0 0 
       5.254577e-01 0 0 
       5.151628e-01 0 0 
       5.048680e-01 0 0 
       4.945731e-01 0 0 
       4.842783e-01 0 0 
       4.739835e-01 0 0 
       4.636886e-01 0 0 
       4.533938e-01 0 0 
       4.430989e-01 0 0 
       4.328041e-01 0 0 
       4.225092e-01 0 0 
       4.122144e-01 0 0 
       4.019195e-01 0 0 
       3.916247e-01 0 0 
       3.813299e-01 0 0 
       3.710350e-01 0 0 
       3.607402e-01 0 0 
       3.504453e-01 0 0 
       3.401505e-01 0 0 
       3.298556e-01 0 0 
       3.195608e-01 0 0 
       3.092659e-01 0 0 
       2.989711e-01 0 0 
       2.886763e-01 0 0 
       2.783814e-01 0 0 
       2.680866e-01 0 0 
       2.577917e-01 0 0 
       2.474969e-01 0 0 
       2.372020e-01 0 0 
       2.269072e-01 0 0 
       2.166123e-01 0 0 
       2.063175e-01 0 0 
       1.960227e-01 0 0 
       1.857278e-01 0 0 
       1.754330e-01 0 0 
       1.651381e-01 0 0 
       1.548433e-01 0 0 
       1.445484e-01 0 0 
       1.342536e-01 0 0 
       1.239588e-01 0 0 
       1.136639e-01 0 0 
       1.033691e-01 0 0 
       9.307422e-02 0 0 
       8.277938e-02 0 0 
       7.248453e-02 0 0 
       6.218969e-02 0 0 
       5.189484e-02 0 0 
       4.160000e-02 0 0 ] ; 
