function hsv_r = hsv_r()
hsv_r = [ ... 
       1 0 9.375000e-02 
       1 0 1.169118e-01 
       1 0 1.400736e-01 
       1 0 1.632354e-01 
       1 0 1.863972e-01 
       1 0 2.095589e-01 
       1 0 2.327207e-01 
       1 0 2.558825e-01 
       1 0 2.790443e-01 
       1 0 3.022061e-01 
       1 0 3.253679e-01 
       1 0 3.485297e-01 
       1 0 3.716915e-01 
       1 0 3.948532e-01 
       1 0 4.180150e-01 
       1 0 4.411768e-01 
       1 0 4.643386e-01 
       1 0 4.875004e-01 
       1 0 5.106622e-01 
       1 0 5.338240e-01 
       1 0 5.569858e-01 
       1 0 5.801475e-01 
       1 0 6.033093e-01 
       1 0 6.264711e-01 
       1 0 6.496329e-01 
       1 0 6.727947e-01 
       1 0 6.959565e-01 
       1 0 7.191183e-01 
       1 0 7.422801e-01 
       1 0 7.654418e-01 
       1 0 7.886036e-01 
       1 0 8.117654e-01 
       1 0 8.349272e-01 
       1 0 8.580890e-01 
       1 0 8.812508e-01 
       1 0 9.044126e-01 
       1 0 9.275744e-01 
       9.955879e-01 0 9.463241e-01 
       9.878674e-01 0 9.617653e-01 
       9.801468e-01 0 9.772065e-01 
       9.724262e-01 0 9.926477e-01 
       9.566167e-01 0 1 
       9.334549e-01 0 1 
       9.102931e-01 0 1 
       8.871313e-01 0 1 
       8.639695e-01 0 1 
       8.408078e-01 0 1 
       8.176460e-01 0 1 
       7.944842e-01 0 1 
       7.713224e-01 0 1 
       7.481606e-01 0 1 
       7.249988e-01 0 1 
       7.018370e-01 0 1 
       6.786752e-01 0 1 
       6.555135e-01 0 1 
       6.323517e-01 0 1 
       6.091899e-01 0 1 
       5.860281e-01 0 1 
       5.628663e-01 0 1 
       5.397045e-01 0 1 
       5.165427e-01 0 1 
       4.933809e-01 0 1 
       4.702192e-01 0 1 
       4.470574e-01 0 1 
       4.238956e-01 0 1 
       4.007338e-01 0 1 
       3.775720e-01 0 1 
       3.544102e-01 0 1 
       3.312484e-01 0 1 
       3.080866e-01 0 1 
       2.849248e-01 0 1 
       2.617631e-01 0 1 
       2.386013e-01 0 1 
       2.154395e-01 0 1 
       1.922777e-01 0 1 
       1.691159e-01 0 1 
       1.459541e-01 0 1 
       1.227923e-01 0 1 
       9.963055e-02 0 1 
       7.646876e-02 0 1 
       5.330697e-02 0 1 
       3.088173e-02 7.365449e-04 1 
       2.316113e-02 1.617774e-02 1 
       1.544054e-02 3.161893e-02 1 
       7.719940e-03 4.706012e-02 1 
       0 6.250197e-02 1 
       0 8.566376e-02 1 
       0 1.088255e-01 1 
       0 1.319873e-01 1 
       0 1.551491e-01 1 
       0 1.783109e-01 1 
       0 2.014727e-01 1 
       0 2.246345e-01 1 
       0 2.477963e-01 1 
       0 2.709581e-01 1 
       0 2.941198e-01 1 
       0 3.172816e-01 1 
       0 3.404434e-01 1 
       0 3.636052e-01 1 
       0 3.867670e-01 1 
       0 4.099288e-01 1 
       0 4.330906e-01 1 
       0 4.562524e-01 1 
       0 4.794142e-01 1 
       0 5.025759e-01 1 
       0 5.257377e-01 1 
       0 5.488995e-01 1 
       0 5.720613e-01 1 
       0 5.952231e-01 1 
       0 6.183849e-01 1 
       0 6.415467e-01 1 
       0 6.647085e-01 1 
       0 6.878702e-01 1 
       0 7.110320e-01 1 
       0 7.341938e-01 1 
       0 7.573556e-01 1 
       0 7.805174e-01 1 
       0 8.036792e-01 1 
       0 8.268410e-01 1 
       0 8.500028e-01 1 
       0 8.731645e-01 1 
       0 8.963263e-01 1 
       0 9.194881e-01 1 
       0 9.426499e-01 1 
       0 9.658117e-01 1 
       0 9.889735e-01 1 
       0 1 9.878648e-01 
       0 1 9.647032e-01 
       0 1 9.415415e-01 
       0 1 9.183799e-01 
       0 1 8.952182e-01 
       0 1 8.720566e-01 
       0 1 8.488950e-01 
       0 1 8.257333e-01 
       0 1 8.025717e-01 
       0 1 7.794100e-01 
       0 1 7.562484e-01 
       0 1 7.330867e-01 
       0 1 7.099251e-01 
       0 1 6.867635e-01 
       0 1 6.636018e-01 
       0 1 6.404402e-01 
       0 1 6.172785e-01 
       0 1 5.941169e-01 
       0 1 5.709553e-01 
       0 1 5.477936e-01 
       0 1 5.246320e-01 
       0 1 5.014703e-01 
       0 1 4.783087e-01 
       0 1 4.551470e-01 
       0 1 4.319854e-01 
       0 1 4.088238e-01 
       0 1 3.856621e-01 
       0 1 3.625005e-01 
       0 1 3.393388e-01 
       0 1 3.161772e-01 
       0 1 2.930155e-01 
       0 1 2.698539e-01 
       0 1 2.466923e-01 
       0 1 2.235306e-01 
       0 1 2.003690e-01 
       0 1 1.772073e-01 
       0 1 1.540457e-01 
       0 1 1.308841e-01 
       0 1 1.077224e-01 
       0 1 8.456077e-02 
       3.669599e-04 1 6.176608e-02 
       8.087556e-03 1 4.632489e-02 
       1.580815e-02 1 3.088370e-02 
       2.352875e-02 1 1.544250e-02 
       3.124934e-02 1 1.312501e-06 
       5.440982e-02 1 0 
       7.757161e-02 1 0 
       1.007334e-01 1 0 
       1.238952e-01 1 0 
       1.470570e-01 1 0 
       1.702188e-01 1 0 
       1.933805e-01 1 0 
       2.165423e-01 1 0 
       2.397041e-01 1 0 
       2.628659e-01 1 0 
       2.860277e-01 1 0 
       3.091895e-01 1 0 
       3.323513e-01 1 0 
       3.555131e-01 1 0 
       3.786748e-01 1 0 
       4.018366e-01 1 0 
       4.249984e-01 1 0 
       4.481602e-01 1 0 
       4.713220e-01 1 0 
       4.944838e-01 1 0 
       5.176456e-01 1 0 
       5.408074e-01 1 0 
       5.639692e-01 1 0 
       5.871309e-01 1 0 
       6.102927e-01 1 0 
       6.334545e-01 1 0 
       6.566163e-01 1 0 
       6.797781e-01 1 0 
       7.029399e-01 1 0 
       7.261017e-01 1 0 
       7.492635e-01 1 0 
       7.724252e-01 1 0 
       7.955870e-01 1 0 
       8.187488e-01 1 0 
       8.419106e-01 1 0 
       8.650724e-01 1 0 
       8.882342e-01 1 0 
       9.113960e-01 1 0 
       9.345578e-01 1 0 
       9.577195e-01 1 0 
       9.727938e-01 9.919124e-01 0 
       9.805144e-01 9.764713e-01 0 
       9.882350e-01 9.610301e-01 0 
       9.959556e-01 9.455889e-01 0 
       1 9.264715e-01 0 
       1 9.033097e-01 0 
       1 8.801479e-01 0 
       1 8.569862e-01 0 
       1 8.338244e-01 0 
       1 8.106626e-01 0 
       1 7.875008e-01 0 
       1 7.643390e-01 0 
       1 7.411772e-01 0 
       1 7.180154e-01 0 
       1 6.948536e-01 0 
       1 6.716918e-01 0 
       1 6.485301e-01 0 
       1 6.253683e-01 0 
       1 6.022065e-01 0 
       1 5.790447e-01 0 
       1 5.558829e-01 0 
       1 5.327211e-01 0 
       1 5.095593e-01 0 
       1 4.863975e-01 0 
       1 4.632358e-01 0 
       1 4.400740e-01 0 
       1 4.169122e-01 0 
       1 3.937504e-01 0 
       1 3.705886e-01 0 
       1 3.474268e-01 0 
       1 3.242650e-01 0 
       1 3.011032e-01 0 
       1 2.779415e-01 0 
       1 2.547797e-01 0 
       1 2.316179e-01 0 
       1 2.084561e-01 0 
       1 1.852943e-01 0 
       1 1.621325e-01 0 
       1 1.389707e-01 0 
       1 1.158089e-01 0 
       1 9.264715e-02 0 
       1 6.948536e-02 0 
       1 4.632358e-02 0 
       1 2.316179e-02 0 
       1 0 0 ] ; 
