function inferno = inferno()
inferno = [ ... 
       1.462000e-03 4.660000e-04 1.386600e-02 
       2.267000e-03 1.270000e-03 1.857000e-02 
       3.299000e-03 2.249000e-03 2.423900e-02 
       4.547000e-03 3.392000e-03 3.090900e-02 
       6.006000e-03 4.692000e-03 3.855800e-02 
       7.676000e-03 6.136000e-03 4.683600e-02 
       9.561000e-03 7.713000e-03 5.514300e-02 
       1.166300e-02 9.417000e-03 6.346000e-02 
       1.399500e-02 1.122500e-02 7.186200e-02 
       1.656100e-02 1.313600e-02 8.028200e-02 
       1.937300e-02 1.513300e-02 8.876700e-02 
       2.244700e-02 1.719900e-02 9.732700e-02 
       2.579300e-02 1.933100e-02 1.059300e-01 
       2.943200e-02 2.150300e-02 1.146210e-01 
       3.338500e-02 2.370200e-02 1.233970e-01 
       3.766800e-02 2.592100e-02 1.322320e-01 
       4.225300e-02 2.813900e-02 1.411410e-01 
       4.691500e-02 3.032400e-02 1.501640e-01 
       5.164400e-02 3.247400e-02 1.592540e-01 
       5.644900e-02 3.456900e-02 1.684140e-01 
       6.134000e-02 3.659000e-02 1.776420e-01 
       6.633100e-02 3.850400e-02 1.869620e-01 
       7.142900e-02 4.029400e-02 1.963540e-01 
       7.663700e-02 4.190500e-02 2.057990e-01 
       8.196200e-02 4.332800e-02 2.152890e-01 
       8.741100e-02 4.455600e-02 2.248130e-01 
       9.299000e-02 4.558300e-02 2.343580e-01 
       9.870200e-02 4.640200e-02 2.439040e-01 
       1.045510e-01 4.700800e-02 2.534300e-01 
       1.105360e-01 4.739900e-02 2.629120e-01 
       1.166560e-01 4.757400e-02 2.723210e-01 
       1.229080e-01 4.753600e-02 2.816240e-01 
       1.292850e-01 4.729300e-02 2.907880e-01 
       1.357780e-01 4.685600e-02 2.997760e-01 
       1.423780e-01 4.624200e-02 3.085530e-01 
       1.490730e-01 4.546800e-02 3.170850e-01 
       1.558500e-01 4.455900e-02 3.253380e-01 
       1.626890e-01 4.355400e-02 3.332770e-01 
       1.695750e-01 4.248900e-02 3.408740e-01 
       1.764930e-01 4.140200e-02 3.481110e-01 
       1.834290e-01 4.032900e-02 3.549710e-01 
       1.903670e-01 3.930900e-02 3.614470e-01 
       1.972970e-01 3.840000e-02 3.675350e-01 
       2.042090e-01 3.763200e-02 3.732380e-01 
       2.110950e-01 3.703000e-02 3.785630e-01 
       2.179490e-01 3.661500e-02 3.835220e-01 
       2.247630e-01 3.640500e-02 3.881290e-01 
       2.315380e-01 3.640500e-02 3.924000e-01 
       2.382730e-01 3.662100e-02 3.963530e-01 
       2.449670e-01 3.705500e-02 4.000070e-01 
       2.516200e-01 3.770500e-02 4.033780e-01 
       2.582340e-01 3.857100e-02 4.064850e-01 
       2.648100e-01 3.964700e-02 4.093450e-01 
       2.713470e-01 4.092200e-02 4.119760e-01 
       2.778500e-01 4.235300e-02 4.143920e-01 
       2.843210e-01 4.393300e-02 4.166080e-01 
       2.907630e-01 4.564400e-02 4.186370e-01 
       2.971780e-01 4.747000e-02 4.204910e-01 
       3.035680e-01 4.939600e-02 4.221820e-01 
       3.099350e-01 5.140700e-02 4.237210e-01 
       3.162820e-01 5.349000e-02 4.251160e-01 
       3.226100e-01 5.563400e-02 4.263770e-01 
       3.289210e-01 5.782700e-02 4.275110e-01 
       3.352170e-01 6.006000e-02 4.285240e-01 
       3.415000e-01 6.232500e-02 4.294250e-01 
       3.477710e-01 6.461600e-02 4.302170e-01 
       3.540320e-01 6.692500e-02 4.309060e-01 
       3.602840e-01 6.924700e-02 4.314970e-01 
       3.665290e-01 7.157900e-02 4.319940e-01 
       3.727680e-01 7.391500e-02 4.324000e-01 
       3.790010e-01 7.625300e-02 4.327190e-01 
       3.852280e-01 7.859100e-02 4.329550e-01 
       3.914530e-01 8.092700e-02 4.331090e-01 
       3.976740e-01 8.325700e-02 4.331830e-01 
       4.038940e-01 8.558000e-02 4.331790e-01 
       4.101130e-01 8.789600e-02 4.330980e-01 
       4.163310e-01 9.020300e-02 4.329430e-01 
       4.225490e-01 9.250100e-02 4.327140e-01 
       4.287680e-01 9.479000e-02 4.324120e-01 
       4.349870e-01 9.706900e-02 4.320390e-01 
       4.412070e-01 9.933800e-02 4.315940e-01 
       4.474280e-01 1.015970e-01 4.310800e-01 
       4.536510e-01 1.038480e-01 4.304980e-01 
       4.598750e-01 1.060890e-01 4.298460e-01 
       4.661000e-01 1.083220e-01 4.291250e-01 
       4.723280e-01 1.105470e-01 4.283340e-01 
       4.785580e-01 1.127640e-01 4.274750e-01 
       4.847890e-01 1.149740e-01 4.265480e-01 
       4.910220e-01 1.171790e-01 4.255520e-01 
       4.972570e-01 1.193790e-01 4.244880e-01 
       5.034930e-01 1.215750e-01 4.233560e-01 
       5.097300e-01 1.237690e-01 4.221560e-01 
       5.159670e-01 1.259600e-01 4.208870e-01 
       5.222060e-01 1.281500e-01 4.195490e-01 
       5.284440e-01 1.303410e-01 4.181420e-01 
       5.346830e-01 1.325340e-01 4.166670e-01 
       5.409200e-01 1.347290e-01 4.151230e-01 
       5.471570e-01 1.369290e-01 4.135110e-01 
       5.533920e-01 1.391340e-01 4.118290e-01 
       5.596240e-01 1.413460e-01 4.100780e-01 
       5.658540e-01 1.435670e-01 4.082580e-01 
       5.720810e-01 1.457970e-01 4.063690e-01 
       5.783040e-01 1.480390e-01 4.044110e-01 
       5.845210e-01 1.502940e-01 4.023850e-01 
       5.907340e-01 1.525630e-01 4.002900e-01 
       5.969400e-01 1.548480e-01 3.981250e-01 
       6.031390e-01 1.571510e-01 3.958910e-01 
       6.093300e-01 1.594740e-01 3.935890e-01 
       6.155130e-01 1.618170e-01 3.912190e-01 
       6.216850e-01 1.641840e-01 3.887810e-01 
       6.278470e-01 1.665750e-01 3.862760e-01 
       6.339980e-01 1.689920e-01 3.837040e-01 
       6.401350e-01 1.714380e-01 3.810650e-01 
       6.462600e-01 1.739140e-01 3.783590e-01 
       6.523690e-01 1.764210e-01 3.755860e-01 
       6.584630e-01 1.789620e-01 3.727480e-01 
       6.645400e-01 1.815390e-01 3.698460e-01 
       6.705990e-01 1.841530e-01 3.668790e-01 
       6.766380e-01 1.868070e-01 3.638490e-01 
       6.826560e-01 1.895010e-01 3.607570e-01 
       6.886530e-01 1.922390e-01 3.576030e-01 
       6.946270e-01 1.950210e-01 3.543880e-01 
       7.005760e-01 1.978510e-01 3.511130e-01 
       7.065000e-01 2.007280e-01 3.477770e-01 
       7.123960e-01 2.036560e-01 3.443830e-01 
       7.182640e-01 2.066360e-01 3.409310e-01 
       7.241030e-01 2.096700e-01 3.374240e-01 
       7.299090e-01 2.127590e-01 3.338610e-01 
       7.356830e-01 2.159060e-01 3.302450e-01 
       7.414230e-01 2.191120e-01 3.265760e-01 
       7.471270e-01 2.223780e-01 3.228560e-01 
       7.527940e-01 2.257060e-01 3.190850e-01 
       7.584220e-01 2.290970e-01 3.152660e-01 
       7.640100e-01 2.325540e-01 3.113990e-01 
       7.695560e-01 2.360770e-01 3.074850e-01 
       7.750590e-01 2.396670e-01 3.035260e-01 
       7.805170e-01 2.433270e-01 2.995230e-01 
       7.859290e-01 2.470560e-01 2.954770e-01 
       7.912930e-01 2.508560e-01 2.913900e-01 
       7.966070e-01 2.547280e-01 2.872640e-01 
       8.018710e-01 2.586740e-01 2.830990e-01 
       8.070820e-01 2.626920e-01 2.788980e-01 
       8.122390e-01 2.667860e-01 2.746610e-01 
       8.173410e-01 2.709540e-01 2.703900e-01 
       8.223860e-01 2.751970e-01 2.660850e-01 
       8.273720e-01 2.795170e-01 2.617500e-01 
       8.322990e-01 2.839130e-01 2.573830e-01 
       8.371650e-01 2.883850e-01 2.529880e-01 
       8.419690e-01 2.929330e-01 2.485640e-01 
       8.467090e-01 2.975590e-01 2.441130e-01 
       8.513840e-01 3.022600e-01 2.396360e-01 
       8.559920e-01 3.070380e-01 2.351330e-01 
       8.605330e-01 3.118920e-01 2.306060e-01 
       8.650060e-01 3.168220e-01 2.260550e-01 
       8.694090e-01 3.218270e-01 2.214820e-01 
       8.737410e-01 3.269060e-01 2.168860e-01 
       8.780010e-01 3.320600e-01 2.122680e-01 
       8.821880e-01 3.372870e-01 2.076280e-01 
       8.863020e-01 3.425860e-01 2.029680e-01 
       8.903410e-01 3.479570e-01 1.982860e-01 
       8.943050e-01 3.533990e-01 1.935840e-01 
       8.981920e-01 3.589110e-01 1.888600e-01 
       9.020030e-01 3.644920e-01 1.841160e-01 
       9.057350e-01 3.701400e-01 1.793500e-01 
       9.093900e-01 3.758560e-01 1.745630e-01 
       9.129660e-01 3.816360e-01 1.697550e-01 
       9.164620e-01 3.874810e-01 1.649240e-01 
       9.198790e-01 3.933890e-01 1.600700e-01 
       9.232150e-01 3.993590e-01 1.551930e-01 
