function jet = jet()
jet = [ ... 
       0 0 5.000000e-01 
       0 0 5.178253e-01 
       0 0 5.356506e-01 
       0 0 5.534759e-01 
       0 0 5.713012e-01 
       0 0 5.891266e-01 
       0 0 6.069519e-01 
       0 0 6.247772e-01 
       0 0 6.426025e-01 
       0 0 6.604278e-01 
       0 0 6.782531e-01 
       0 0 6.960784e-01 
       0 0 7.139037e-01 
       0 0 7.317291e-01 
       0 0 7.495544e-01 
       0 0 7.673797e-01 
       0 0 7.852050e-01 
       0 0 8.030303e-01 
       0 0 8.208556e-01 
       0 0 8.386809e-01 
       0 0 8.565062e-01 
       0 0 8.743316e-01 
       0 0 8.921569e-01 
       0 0 9.099822e-01 
       0 0 9.278075e-01 
       0 0 9.456328e-01 
       0 0 9.634581e-01 
       0 0 9.812834e-01 
       0 0 9.991087e-01 
       0 0 1 
       0 0 1 
       0 0 1 
       0 1.960784e-03 1 
       0 1.764706e-02 1 
       0 3.333333e-02 1 
       0 4.901961e-02 1 
       0 6.470588e-02 1 
       0 8.039216e-02 1 
       0 9.607843e-02 1 
       0 1.117647e-01 1 
       0 1.274510e-01 1 
       0 1.431373e-01 1 
       0 1.588235e-01 1 
       0 1.745098e-01 1 
       0 1.901961e-01 1 
       0 2.058824e-01 1 
       0 2.215686e-01 1 
       0 2.372549e-01 1 
       0 2.529412e-01 1 
       0 2.686275e-01 1 
       0 2.843137e-01 1 
       0 3.000000e-01 1 
       0 3.156863e-01 1 
       0 3.313725e-01 1 
       0 3.470588e-01 1 
       0 3.627451e-01 1 
       0 3.784314e-01 1 
       0 3.941176e-01 1 
       0 4.098039e-01 1 
       0 4.254902e-01 1 
       0 4.411765e-01 1 
       0 4.568627e-01 1 
       0 4.725490e-01 1 
       0 4.882353e-01 1 
       0 5.039216e-01 1 
       0 5.196078e-01 1 
       0 5.352941e-01 1 
       0 5.509804e-01 1 
       0 5.666667e-01 1 
       0 5.823529e-01 1 
       0 5.980392e-01 1 
       0 6.137255e-01 1 
       0 6.294118e-01 1 
       0 6.450980e-01 1 
       0 6.607843e-01 1 
       0 6.764706e-01 1 
       0 6.921569e-01 1 
       0 7.078431e-01 1 
       0 7.235294e-01 1 
       0 7.392157e-01 1 
       0 7.549020e-01 1 
       0 7.705882e-01 1 
       0 7.862745e-01 1 
       0 8.019608e-01 1 
       0 8.176471e-01 1 
       0 8.333333e-01 1 
       0 8.490196e-01 1 
       0 8.647059e-01 9.962049e-01 
       0 8.803922e-01 9.835547e-01 
       0 8.960784e-01 9.709045e-01 
       9.487666e-03 9.117647e-01 9.582543e-01 
       2.213789e-02 9.274510e-01 9.456040e-01 
       3.478811e-02 9.431373e-01 9.329538e-01 
       4.743833e-02 9.588235e-01 9.203036e-01 
       6.008855e-02 9.745098e-01 9.076534e-01 
       7.273877e-02 9.901961e-01 8.950032e-01 
       8.538899e-02 1 8.823529e-01 
       9.803922e-02 1 8.697027e-01 
       1.106894e-01 1 8.570525e-01 
       1.233397e-01 1 8.444023e-01 
       1.359899e-01 1 8.317521e-01 
       1.486401e-01 1 8.191018e-01 
       1.612903e-01 1 8.064516e-01 
       1.739405e-01 1 7.938014e-01 
       1.865908e-01 1 7.811512e-01 
       1.992410e-01 1 7.685009e-01 
       2.118912e-01 1 7.558507e-01 
       2.245414e-01 1 7.432005e-01 
       2.371917e-01 1 7.305503e-01 
       2.498419e-01 1 7.179001e-01 
       2.624921e-01 1 7.052498e-01 
       2.751423e-01 1 6.925996e-01 
       2.877925e-01 1 6.799494e-01 
       3.004428e-01 1 6.672992e-01 
       3.130930e-01 1 6.546490e-01 
       3.257432e-01 1 6.419987e-01 
       3.383934e-01 1 6.293485e-01 
       3.510436e-01 1 6.166983e-01 
       3.636939e-01 1 6.040481e-01 
       3.763441e-01 1 5.913978e-01 
       3.889943e-01 1 5.787476e-01 
       4.016445e-01 1 5.660974e-01 
       4.142948e-01 1 5.534472e-01 
       4.269450e-01 1 5.407970e-01 
       4.395952e-01 1 5.281467e-01 
       4.522454e-01 1 5.154965e-01 
       4.648956e-01 1 5.028463e-01 
       4.775459e-01 1 4.901961e-01 
       4.901961e-01 1 4.775459e-01 
       5.028463e-01 1 4.648956e-01 
       5.154965e-01 1 4.522454e-01 
       5.281467e-01 1 4.395952e-01 
       5.407970e-01 1 4.269450e-01 
       5.534472e-01 1 4.142948e-01 
       5.660974e-01 1 4.016445e-01 
       5.787476e-01 1 3.889943e-01 
       5.913978e-01 1 3.763441e-01 
       6.040481e-01 1 3.636939e-01 
       6.166983e-01 1 3.510436e-01 
       6.293485e-01 1 3.383934e-01 
       6.419987e-01 1 3.257432e-01 
       6.546490e-01 1 3.130930e-01 
       6.672992e-01 1 3.004428e-01 
       6.799494e-01 1 2.877925e-01 
       6.925996e-01 1 2.751423e-01 
       7.052498e-01 1 2.624921e-01 
       7.179001e-01 1 2.498419e-01 
       7.305503e-01 1 2.371917e-01 
       7.432005e-01 1 2.245414e-01 
       7.558507e-01 1 2.118912e-01 
       7.685009e-01 1 1.992410e-01 
       7.811512e-01 1 1.865908e-01 
       7.938014e-01 1 1.739405e-01 
       8.064516e-01 1 1.612903e-01 
       8.191018e-01 1 1.486401e-01 
       8.317521e-01 1 1.359899e-01 
       8.444023e-01 1 1.233397e-01 
       8.570525e-01 1 1.106894e-01 
       8.697027e-01 1 9.803922e-02 
       8.823529e-01 1 8.538899e-02 
       8.950032e-01 1 7.273877e-02 
       9.076534e-01 1 6.008855e-02 
       9.203036e-01 1 4.743833e-02 
       9.329538e-01 1 3.478811e-02 
       9.456040e-01 9.883805e-01 2.213789e-02 
       9.582543e-01 9.738562e-01 9.487666e-03 
       9.709045e-01 9.593319e-01 0 
       9.835547e-01 9.448076e-01 0 
       9.962049e-01 9.302832e-01 0 
       1 9.157589e-01 0 
       1 9.012346e-01 0 
       1 8.867102e-01 0 
       1 8.721859e-01 0 
       1 8.576616e-01 0 
       1 8.431373e-01 0 
       1 8.286129e-01 0 
       1 8.140886e-01 0 
       1 7.995643e-01 0 
       1 7.850399e-01 0 
       1 7.705156e-01 0 
       1 7.559913e-01 0 
       1 7.414670e-01 0 
       1 7.269426e-01 0 
       1 7.124183e-01 0 
       1 6.978940e-01 0 
       1 6.833696e-01 0 
       1 6.688453e-01 0 
       1 6.543210e-01 0 
       1 6.397967e-01 0 
       1 6.252723e-01 0 
       1 6.107480e-01 0 
       1 5.962237e-01 0 
       1 5.816993e-01 0 
       1 5.671750e-01 0 
       1 5.526507e-01 0 
       1 5.381264e-01 0 
       1 5.236020e-01 0 
       1 5.090777e-01 0 
       1 4.945534e-01 0 
       1 4.800290e-01 0 
       1 4.655047e-01 0 
       1 4.509804e-01 0 
       1 4.364561e-01 0 
       1 4.219317e-01 0 
       1 4.074074e-01 0 
       1 3.928831e-01 0 
       1 3.783588e-01 0 
       1 3.638344e-01 0 
       1 3.493101e-01 0 
       1 3.347858e-01 0 
       1 3.202614e-01 0 
       1 3.057371e-01 0 
       1 2.912128e-01 0 
       1 2.766885e-01 0 
       1 2.621641e-01 0 
       1 2.476398e-01 0 
       1 2.331155e-01 0 
       1 2.185911e-01 0 
       1 2.040668e-01 0 
       1 1.895425e-01 0 
       1 1.750182e-01 0 
       1 1.604938e-01 0 
       1 1.459695e-01 0 
       1 1.314452e-01 0 
       1 1.169208e-01 0 
       1 1.023965e-01 0 
       1 8.787219e-02 0 
       9.991087e-01 7.334786e-02 0 
       9.812834e-01 5.882353e-02 0 
       9.634581e-01 4.429920e-02 0 
       9.456328e-01 2.977487e-02 0 
       9.278075e-01 1.525054e-02 0 
       9.099822e-01 7.262164e-04 0 
       8.921569e-01 0 0 
       8.743316e-01 0 0 
       8.565062e-01 0 0 
       8.386809e-01 0 0 
       8.208556e-01 0 0 
       8.030303e-01 0 0 
       7.852050e-01 0 0 
       7.673797e-01 0 0 
       7.495544e-01 0 0 
       7.317291e-01 0 0 
       7.139037e-01 0 0 
       6.960784e-01 0 0 
       6.782531e-01 0 0 
       6.604278e-01 0 0 
       6.426025e-01 0 0 
       6.247772e-01 0 0 
       6.069519e-01 0 0 
       5.891266e-01 0 0 
       5.713012e-01 0 0 
       5.534759e-01 0 0 
       5.356506e-01 0 0 
       5.178253e-01 0 0 
       5.000000e-01 0 0 ] ; 
