function magma_r = magma_r()
magma_r = [ ... 
       9.870530e-01 9.914380e-01 7.495040e-01 
       9.873870e-01 9.842880e-01 7.420020e-01 
       9.876910e-01 9.771540e-01 7.345360e-01 
       9.880330e-01 9.700120e-01 7.270770e-01 
       9.883670e-01 9.628780e-01 7.196490e-01 
       9.887170e-01 9.557420e-01 7.122420e-01 
       9.890770e-01 9.486040e-01 7.048630e-01 
       9.894340e-01 9.414700e-01 6.975190e-01 
       9.898150e-01 9.343290e-01 6.901980e-01 
       9.901750e-01 9.271960e-01 6.829260e-01 
       9.905700e-01 9.200490e-01 6.756750e-01 
       9.909300e-01 9.129150e-01 6.684810e-01 
       9.913320e-01 9.057630e-01 6.613090e-01 
       9.916880e-01 8.986270e-01 6.542020e-01 
       9.920890e-01 8.914700e-01 6.471160e-01 
       9.924400e-01 8.843300e-01 6.400990e-01 
       9.928310e-01 8.771680e-01 6.331090e-01 
       9.931700e-01 8.700240e-01 6.261890e-01 
       9.935450e-01 8.628590e-01 6.192990e-01 
       9.938660e-01 8.557110e-01 6.124820e-01 
       9.942220e-01 8.485400e-01 6.056960e-01 
       9.945240e-01 8.413870e-01 5.989830e-01 
       9.948510e-01 8.342130e-01 5.923070e-01 
       9.951310e-01 8.270520e-01 5.857010e-01 
       9.954240e-01 8.198750e-01 5.791400e-01 
       9.956800e-01 8.127060e-01 5.726450e-01 
       9.959320e-01 8.055270e-01 5.662020e-01 
       9.961620e-01 7.983480e-01 5.598200e-01 
       9.963690e-01 7.911670e-01 5.534990e-01 
       9.965710e-01 7.839770e-01 5.472330e-01 
       9.967270e-01 7.767950e-01 5.410390e-01 
       9.968980e-01 7.695910e-01 5.348920e-01 
       9.970190e-01 7.623980e-01 5.288210e-01 
       9.971380e-01 7.551900e-01 5.228060e-01 
       9.972280e-01 7.479810e-01 5.168590e-01 
       9.972850e-01 7.407720e-01 5.109830e-01 
       9.973410e-01 7.335450e-01 5.051670e-01 
       9.973510e-01 7.263240e-01 4.994280e-01 
       9.973510e-01 7.190890e-01 4.937550e-01 
       9.973250e-01 7.118480e-01 4.881540e-01 
       9.972540e-01 7.046110e-01 4.826350e-01 
       9.971860e-01 6.973490e-01 4.771820e-01 
       9.970770e-01 6.900880e-01 4.718110e-01 
       9.969250e-01 6.828280e-01 4.665260e-01 
       9.967750e-01 6.755410e-01 4.613140e-01 
       9.965800e-01 6.682560e-01 4.561920e-01 
       9.963410e-01 6.609690e-01 4.511600e-01 
       9.960960e-01 6.536590e-01 4.462130e-01 
       9.958100e-01 6.463440e-01 4.413610e-01 
       9.954800e-01 6.390270e-01 4.366070e-01 
       9.951220e-01 6.316960e-01 4.319510e-01 
       9.947380e-01 6.243500e-01 4.273970e-01 
       9.943090e-01 6.169990e-01 4.229500e-01 
       9.938340e-01 6.096440e-01 4.186130e-01 
       9.933260e-01 6.022750e-01 4.143900e-01 
       9.927850e-01 5.948910e-01 4.102830e-01 
       9.921960e-01 5.875020e-01 4.062990e-01 
       9.915580e-01 5.801070e-01 4.024410e-01 
       9.908710e-01 5.727060e-01 3.987140e-01 
       9.901380e-01 5.652960e-01 3.951220e-01 
       9.893630e-01 5.578730e-01 3.916710e-01 
       9.885330e-01 5.504460e-01 3.883650e-01 
       9.876460e-01 5.430150e-01 3.852100e-01 
       9.867000e-01 5.355820e-01 3.822100e-01 
       9.856930e-01 5.281480e-01 3.793710e-01 
       9.846220e-01 5.207130e-01 3.766980e-01 
       9.834850e-01 5.132800e-01 3.741980e-01 
       9.822790e-01 5.058510e-01 3.718740e-01 
       9.810000e-01 4.984280e-01 3.697340e-01 
       9.796450e-01 4.910140e-01 3.677830e-01 
       9.782100e-01 4.836120e-01 3.660250e-01 
       9.766900e-01 4.762260e-01 3.644660e-01 
       9.750820e-01 4.688610e-01 3.631110e-01 
       9.733810e-01 4.615200e-01 3.619650e-01 
       9.715820e-01 4.542100e-01 3.610300e-01 
       9.696800e-01 4.469360e-01 3.603110e-01 
       9.676710e-01 4.397030e-01 3.598100e-01 
       9.655490e-01 4.325190e-01 3.595290e-01 
       9.633100e-01 4.253900e-01 3.594690e-01 
       9.609490e-01 4.183230e-01 3.596300e-01 
       9.584640e-01 4.113240e-01 3.600140e-01 
       9.558490e-01 4.044000e-01 3.606190e-01 
       9.530990e-01 3.975630e-01 3.614380e-01 
       9.502100e-01 3.908200e-01 3.624680e-01 
       9.471800e-01 3.841780e-01 3.637010e-01 
       9.440060e-01 3.776430e-01 3.651360e-01 
       9.406870e-01 3.712240e-01 3.667620e-01 
       9.372210e-01 3.649290e-01 3.685670e-01 
       9.336060e-01 3.587640e-01 3.705410e-01 
       9.298450e-01 3.527340e-01 3.726770e-01 
       9.259370e-01 3.468440e-01 3.749590e-01 
       9.218840e-01 3.410980e-01 3.773760e-01 
       9.176890e-01 3.355000e-01 3.799150e-01 
       9.133540e-01 3.300520e-01 3.825630e-01 
       9.088840e-01 3.247550e-01 3.853080e-01 
       9.042810e-01 3.196100e-01 3.881370e-01 
       8.995520e-01 3.146160e-01 3.910370e-01 
       8.947000e-01 3.097730e-01 3.939950e-01 
       8.897310e-01 3.050790e-01 3.970020e-01 
       8.846510e-01 3.005300e-01 4.000470e-01 
       8.794640e-01 2.961250e-01 4.031180e-01 
       8.741760e-01 2.918590e-01 4.062050e-01 
       8.687930e-01 2.877280e-01 4.093030e-01 
       8.633200e-01 2.837290e-01 4.124030e-01 
       8.577630e-01 2.798570e-01 4.154960e-01 
       8.521260e-01 2.761060e-01 4.185730e-01 
       8.464160e-01 2.724730e-01 4.216310e-01 
       8.406360e-01 2.689530e-01 4.246660e-01 
       8.347910e-01 2.655400e-01 4.276710e-01 
       8.288860e-01 2.622290e-01 4.306440e-01 
       8.229260e-01 2.590160e-01 4.335730e-01 
       8.169140e-01 2.558950e-01 4.364610e-01 
       8.108550e-01 2.528610e-01 4.393050e-01 
       8.047520e-01 2.499110e-01 4.421020e-01 
       7.986080e-01 2.470400e-01 4.448480e-01 
       7.924270e-01 2.442420e-01 4.475430e-01 
       7.862120e-01 2.415140e-01 4.501840e-01 
       7.799680e-01 2.388510e-01 4.527650e-01 
       7.736950e-01 2.362490e-01 4.552890e-01 
       7.673980e-01 2.337050e-01 4.577550e-01 
       7.610770e-01 2.312140e-01 4.601620e-01 
       7.547370e-01 2.287720e-01 4.625090e-01 
       7.483780e-01 2.263770e-01 4.647940e-01 
       7.420040e-01 2.240250e-01 4.670180e-01 
       7.356160e-01 2.217130e-01 4.691800e-01 
       7.292160e-01 2.194370e-01 4.712790e-01 
       7.228050e-01 2.171940e-01 4.733160e-01 
       7.163870e-01 2.149820e-01 4.752900e-01 
       7.099620e-01 2.127970e-01 4.772010e-01 
       7.035320e-01 2.106380e-01 4.790490e-01 
       6.970980e-01 2.085010e-01 4.808350e-01 
       6.906610e-01 2.063840e-01 4.825580e-01 
       6.842240e-01 2.042860e-01 4.842190e-01 
       6.777860e-01 2.022030e-01 4.858190e-01 
       6.713490e-01 2.001330e-01 4.873580e-01 
       6.649150e-01 1.980750e-01 4.888360e-01 
       6.584830e-01 1.960270e-01 4.902530e-01 
       6.520560e-01 1.939860e-01 4.916110e-01 
       6.456330e-01 1.919520e-01 4.929100e-01 
       6.392160e-01 1.899210e-01 4.941500e-01 
       6.328050e-01 1.878930e-01 4.953320e-01 
       6.264010e-01 1.858670e-01 4.964560e-01 
       6.200050e-01 1.838400e-01 4.975240e-01 
       6.136170e-01 1.818110e-01 4.985360e-01 
       6.072380e-01 1.797790e-01 4.994920e-01 
       6.008680e-01 1.777430e-01 5.003940e-01 
       5.945080e-01 1.757010e-01 5.012410e-01 
       5.881580e-01 1.736520e-01 5.020350e-01 
       5.818190e-01 1.715960e-01 5.027770e-01 
       5.754900e-01 1.695300e-01 5.034660e-01 
       5.691720e-01 1.674540e-01 5.041050e-01 
       5.628660e-01 1.653680e-01 5.046920e-01 
       5.565710e-01 1.632690e-01 5.052300e-01 
       5.502870e-01 1.611580e-01 5.057190e-01 
       5.440150e-01 1.590330e-01 5.061590e-01 
       5.377550e-01 1.568940e-01 5.065510e-01 
       5.315070e-01 1.547390e-01 5.068950e-01 
       5.252700e-01 1.525690e-01 5.071920e-01 
       5.190450e-01 1.503830e-01 5.074430e-01 
       5.128310e-01 1.481790e-01 5.076480e-01 
       5.066290e-01 1.459580e-01 5.078060e-01 
       5.004380e-01 1.437190e-01 5.079200e-01 
       4.942580e-01 1.414620e-01 5.079880e-01 
       4.880880e-01 1.391860e-01 5.080110e-01 
       4.819290e-01 1.368910e-01 5.079890e-01 
       4.757800e-01 1.345770e-01 5.079210e-01 
       4.696400e-01 1.322450e-01 5.078090e-01 
       4.635080e-01 1.298930e-01 5.076520e-01 
       4.573860e-01 1.275220e-01 5.074480e-01 
