function nipy_spectral_r = nipy_spectral_r()
nipy_spectral_r = [ ... 
       8.000000e-01 8.000000e-01 8.000000e-01 
       8.000000e-01 7.372549e-01 7.372549e-01 
       8.000000e-01 6.745098e-01 6.745098e-01 
       8.000000e-01 6.117647e-01 6.117647e-01 
       8.000000e-01 5.490196e-01 5.490196e-01 
       8.000000e-01 4.862745e-01 4.862745e-01 
       8.000000e-01 4.235294e-01 4.235294e-01 
       8.000000e-01 3.607843e-01 3.607843e-01 
       8.000000e-01 2.980392e-01 2.980392e-01 
       8.000000e-01 2.352941e-01 2.352941e-01 
       8.000000e-01 1.725490e-01 1.725490e-01 
       8.000000e-01 1.098039e-01 1.098039e-01 
       8.000000e-01 4.705882e-02 4.705882e-02 
       8.013078e-01 0 0 
       8.065392e-01 0 0 
       8.117706e-01 0 0 
       8.170020e-01 0 0 
       8.222333e-01 0 0 
       8.274647e-01 0 0 
       8.326961e-01 0 0 
       8.379275e-01 0 0 
       8.431588e-01 0 0 
       8.483902e-01 0 0 
       8.536216e-01 0 0 
       8.588529e-01 0 0 
       8.640843e-01 0 0 
       8.719275e-01 0 0 
       8.823824e-01 0 0 
       8.928373e-01 0 0 
       9.032922e-01 0 0 
       9.137471e-01 0 0 
       9.242020e-01 0 0 
       9.346569e-01 0 0 
       9.451118e-01 0 0 
       9.555667e-01 0 0 
       9.660216e-01 0 0 
       9.764765e-01 0 0 
       9.869314e-01 0 0 
       9.973863e-01 0 0 
       1 3.529412e-02 0 
       1 8.235294e-02 0 
       1 1.294118e-01 0 
       1 1.764706e-01 0 
       1 2.235294e-01 0 
       1 2.705882e-01 0 
       1 3.176471e-01 0 
       1 3.647059e-01 0 
       1 4.117647e-01 0 
       1 4.588235e-01 0 
       1 5.058824e-01 0 
       1 5.529412e-01 0 
       1 6.000000e-01 0 
       1 6.156863e-01 0 
       1 6.313725e-01 0 
       1 6.470588e-01 0 
       1 6.627451e-01 0 
       1 6.784314e-01 0 
       1 6.941176e-01 0 
       1 7.098039e-01 0 
       1 7.254902e-01 0 
       1 7.411765e-01 0 
       1 7.568627e-01 0 
       1 7.725490e-01 0 
       1 7.882353e-01 0 
       9.986922e-01 8.026137e-01 0 
       9.934608e-01 8.130686e-01 0 
       9.882294e-01 8.235235e-01 0 
       9.829980e-01 8.339784e-01 0 
       9.777667e-01 8.444333e-01 0 
       9.725353e-01 8.548882e-01 0 
       9.673039e-01 8.653431e-01 0 
       9.620725e-01 8.757980e-01 0 
       9.568412e-01 8.862529e-01 0 
       9.516098e-01 8.967078e-01 0 
       9.463784e-01 9.071627e-01 0 
       9.411471e-01 9.176176e-01 0 
       9.359157e-01 9.280725e-01 0 
       9.254569e-01 9.359157e-01 0 
       9.097706e-01 9.411471e-01 0 
       8.940843e-01 9.463784e-01 0 
       8.783980e-01 9.516098e-01 0 
       8.627118e-01 9.568412e-01 0 
       8.470255e-01 9.620725e-01 0 
       8.313392e-01 9.673039e-01 0 
       8.156529e-01 9.725353e-01 0 
       7.999667e-01 9.777667e-01 0 
       7.842804e-01 9.829980e-01 0 
       7.685941e-01 9.882294e-01 0 
       7.529078e-01 9.934608e-01 0 
       7.372216e-01 9.986922e-01 0 
       6.901647e-01 1 0 
       6.326510e-01 1 0 
       5.751373e-01 1 0 
       5.176235e-01 1 0 
       4.601098e-01 1 0 
       4.025961e-01 1 0 
       3.450824e-01 1 0 
       2.875686e-01 1 0 
       2.300549e-01 1 0 
       1.725412e-01 1 0 
       1.150275e-01 1 0 
       5.751373e-02 1 0 
       0 1 0 
       0 9.895451e-01 0 
       0 9.790902e-01 0 
       0 9.686353e-01 0 
       0 9.581804e-01 0 
       0 9.477255e-01 0 
       0 9.372706e-01 0 
       0 9.268157e-01 0 
       0 9.163608e-01 0 
       0 9.059059e-01 0 
       0 8.954510e-01 0 
       0 8.849961e-01 0 
       0 8.745412e-01 0 
       0 8.640843e-01 0 
       0 8.536216e-01 0 
       0 8.431588e-01 0 
       0 8.326961e-01 0 
       0 8.222333e-01 0 
       0 8.117706e-01 0 
       0 8.013078e-01 0 
       0 7.908451e-01 0 
       0 7.803824e-01 0 
       0 7.699196e-01 0 
       0 7.594569e-01 0 
       0 7.489941e-01 0 
       0 7.385314e-01 0 
       0 7.280725e-01 0 
       0 7.176176e-01 0 
       0 7.071627e-01 0 
       0 6.967078e-01 0 
       0 6.862529e-01 0 
       0 6.757980e-01 0 
       0 6.653431e-01 0 
       0 6.548882e-01 0 
       0 6.444333e-01 0 
       0 6.339784e-01 0 
       0 6.235235e-01 0 
       0 6.130686e-01 0 
       0 6.026137e-01 0 
       0 6.039235e-01 3.137059e-02 
       0 6.091549e-01 7.319804e-02 
       0 6.143863e-01 1.150255e-01 
       0 6.196176e-01 1.568529e-01 
       0 6.248490e-01 1.986804e-01 
       0 6.300804e-01 2.405078e-01 
       0 6.353118e-01 2.823353e-01 
       0 6.405431e-01 3.241627e-01 
       0 6.457745e-01 3.659902e-01 
       0 6.510059e-01 4.078176e-01 
       0 6.562373e-01 4.496451e-01 
       0 6.614686e-01 4.914725e-01 
       0 6.667000e-01 5.333000e-01 
       0 6.667000e-01 5.437627e-01 
       0 6.667000e-01 5.542255e-01 
       0 6.667000e-01 5.646882e-01 
       0 6.667000e-01 5.751510e-01 
       0 6.667000e-01 5.856137e-01 
       0 6.667000e-01 5.960765e-01 
       0 6.667000e-01 6.065392e-01 
       0 6.667000e-01 6.170020e-01 
       0 6.667000e-01 6.274647e-01 
       0 6.667000e-01 6.379275e-01 
       0 6.667000e-01 6.483902e-01 
       0 6.667000e-01 6.588529e-01 
       0 6.653922e-01 6.706216e-01 
       0 6.601608e-01 6.863078e-01 
       0 6.549294e-01 7.019941e-01 
       0 6.496980e-01 7.176804e-01 
       0 6.444667e-01 7.333667e-01 
       0 6.392353e-01 7.490529e-01 
       0 6.340039e-01 7.647392e-01 
       0 6.287725e-01 7.804255e-01 
       0 6.235412e-01 7.961118e-01 
       0 6.183098e-01 8.117980e-01 
       0 6.130784e-01 8.274843e-01 
       0 6.078471e-01 8.431706e-01 
       0 6.026157e-01 8.588569e-01 
       0 5.947725e-01 8.667000e-01 
       0 5.843176e-01 8.667000e-01 
       0 5.738627e-01 8.667000e-01 
       0 5.634078e-01 8.667000e-01 
       0 5.529529e-01 8.667000e-01 
       0 5.424980e-01 8.667000e-01 
       0 5.320431e-01 8.667000e-01 
       0 5.215882e-01 8.667000e-01 
       0 5.111333e-01 8.667000e-01 
       0 5.006784e-01 8.667000e-01 
       0 4.902235e-01 8.667000e-01 
       0 4.797686e-01 8.667000e-01 
       0 4.693137e-01 8.667000e-01 
       0 4.392471e-01 8.667000e-01 
       0 4.026431e-01 8.667000e-01 
       0 3.660392e-01 8.667000e-01 
       0 3.294353e-01 8.667000e-01 
       0 2.928314e-01 8.667000e-01 
       0 2.562275e-01 8.667000e-01 
       0 2.196235e-01 8.667000e-01 
       0 1.830196e-01 8.667000e-01 
       0 1.464157e-01 8.667000e-01 
       0 1.098118e-01 8.667000e-01 
       0 7.320784e-02 8.667000e-01 
       0 3.660392e-02 8.667000e-01 
       0 0 8.667000e-01 
       0 0 8.510137e-01 
       0 0 8.353275e-01 
       0 0 8.196412e-01 
       0 0 8.039549e-01 
       0 0 7.882686e-01 
       0 0 7.725824e-01 
       0 0 7.568961e-01 
       0 0 7.412098e-01 
       0 0 7.255235e-01 
       0 0 7.098373e-01 
       0 0 6.941510e-01 
       0 0 6.784647e-01 
       1.045686e-02 0 6.653922e-01 
       5.228431e-02 0 6.601608e-01 
       9.411176e-02 0 6.549294e-01 
       1.359392e-01 0 6.496980e-01 
       1.777667e-01 0 6.444667e-01 
       2.195941e-01 0 6.392353e-01 
       2.614216e-01 0 6.340039e-01 
       3.032490e-01 0 6.287725e-01 
       3.450765e-01 0 6.235412e-01 
       3.869039e-01 0 6.183098e-01 
       4.287314e-01 0 6.130784e-01 
       4.705588e-01 0 6.078471e-01 
       5.123863e-01 0 6.026157e-01 
       5.306882e-01 0 5.973843e-01 
       5.254647e-01 0 5.921529e-01 
       5.202412e-01 0 5.869216e-01 
       5.150176e-01 0 5.816902e-01 
       5.097941e-01 0 5.764588e-01 
       5.045706e-01 0 5.712275e-01 
       4.993471e-01 0 5.659961e-01 
       4.941235e-01 0 5.607647e-01 
       4.889000e-01 0 5.555333e-01 
       4.836765e-01 0 5.503020e-01 
       4.784529e-01 0 5.450706e-01 
       4.732294e-01 0 5.398392e-01 
       4.680059e-01 0 5.346078e-01 
       4.392471e-01 0 5.019294e-01 
       4.026431e-01 0 4.601020e-01 
       3.660392e-01 0 4.182745e-01 
       3.294353e-01 0 3.764471e-01 
       2.928314e-01 0 3.346196e-01 
       2.562275e-01 0 2.927922e-01 
       2.196235e-01 0 2.509647e-01 
       1.830196e-01 0 2.091373e-01 
