function oranges_r = oranges_r()
oranges_r = [ ... 
       4.980392e-01 1.529412e-01 1.568627e-02 
       5.028374e-01 1.547866e-01 1.556324e-02 
       5.076355e-01 1.566321e-01 1.544022e-02 
       5.124337e-01 1.584775e-01 1.531719e-02 
       5.172318e-01 1.603230e-01 1.519416e-02 
       5.220300e-01 1.621684e-01 1.507113e-02 
       5.268281e-01 1.640138e-01 1.494810e-02 
       5.316263e-01 1.658593e-01 1.482507e-02 
       5.364245e-01 1.677047e-01 1.470204e-02 
       5.412226e-01 1.695502e-01 1.457901e-02 
       5.460208e-01 1.713956e-01 1.445598e-02 
       5.508189e-01 1.732411e-01 1.433295e-02 
       5.556171e-01 1.750865e-01 1.420992e-02 
       5.604152e-01 1.769319e-01 1.408689e-02 
       5.652134e-01 1.787774e-01 1.396386e-02 
       5.700115e-01 1.806228e-01 1.384083e-02 
       5.748097e-01 1.824683e-01 1.371780e-02 
       5.796078e-01 1.843137e-01 1.359477e-02 
       5.844060e-01 1.861592e-01 1.347174e-02 
       5.892042e-01 1.880046e-01 1.334871e-02 
       5.940023e-01 1.898501e-01 1.322568e-02 
       5.988005e-01 1.916955e-01 1.310265e-02 
       6.035986e-01 1.935409e-01 1.297962e-02 
       6.083968e-01 1.953864e-01 1.285659e-02 
       6.131949e-01 1.972318e-01 1.273356e-02 
       6.179931e-01 1.990773e-01 1.261053e-02 
       6.227912e-01 2.009227e-01 1.248750e-02 
       6.275894e-01 2.027682e-01 1.236448e-02 
       6.323875e-01 2.046136e-01 1.224145e-02 
       6.371857e-01 2.064591e-01 1.211842e-02 
       6.419839e-01 2.083045e-01 1.199539e-02 
       6.467820e-01 2.101499e-01 1.187236e-02 
       6.517647e-01 2.120415e-01 1.173395e-02 
       6.580392e-01 2.142561e-01 1.148789e-02 
       6.643137e-01 2.164706e-01 1.124183e-02 
       6.705882e-01 2.186851e-01 1.099577e-02 
       6.768627e-01 2.208997e-01 1.074971e-02 
       6.831373e-01 2.231142e-01 1.050365e-02 
       6.894118e-01 2.253287e-01 1.025759e-02 
       6.956863e-01 2.275433e-01 1.001153e-02 
       7.019608e-01 2.297578e-01 9.765475e-03 
       7.082353e-01 2.319723e-01 9.519416e-03 
       7.145098e-01 2.341869e-01 9.273356e-03 
       7.207843e-01 2.364014e-01 9.027297e-03 
       7.270588e-01 2.386159e-01 8.781238e-03 
       7.333333e-01 2.408304e-01 8.535179e-03 
       7.396078e-01 2.430450e-01 8.289120e-03 
       7.458824e-01 2.452595e-01 8.043060e-03 
       7.521569e-01 2.474740e-01 7.797001e-03 
       7.584314e-01 2.496886e-01 7.550942e-03 
       7.647059e-01 2.519031e-01 7.304883e-03 
       7.709804e-01 2.541176e-01 7.058824e-03 
       7.772549e-01 2.563322e-01 6.812764e-03 
       7.835294e-01 2.585467e-01 6.566705e-03 
       7.898039e-01 2.607612e-01 6.320646e-03 
       7.960784e-01 2.629758e-01 6.074587e-03 
       8.023529e-01 2.651903e-01 5.828527e-03 
       8.086275e-01 2.674048e-01 5.582468e-03 
       8.149020e-01 2.696194e-01 5.336409e-03 
       8.211765e-01 2.718339e-01 5.090350e-03 
       8.274510e-01 2.740484e-01 4.844291e-03 
       8.337255e-01 2.762630e-01 4.598231e-03 
       8.400000e-01 2.784775e-01 4.352172e-03 
       8.462745e-01 2.806920e-01 4.106113e-03 
       8.517186e-01 2.833679e-01 4.475202e-03 
       8.546713e-01 2.874279e-01 6.689735e-03 
       8.576240e-01 2.914879e-01 8.904268e-03 
       8.605767e-01 2.955479e-01 1.111880e-02 
       8.635294e-01 2.996078e-01 1.333333e-02 
       8.664821e-01 3.036678e-01 1.554787e-02 
       8.694348e-01 3.077278e-01 1.776240e-02 
       8.723875e-01 3.117878e-01 1.997693e-02 
       8.753403e-01 3.158478e-01 2.219146e-02 
       8.782930e-01 3.199077e-01 2.440600e-02 
       8.812457e-01 3.239677e-01 2.662053e-02 
       8.841984e-01 3.280277e-01 2.883506e-02 
       8.871511e-01 3.320877e-01 3.104960e-02 
       8.901038e-01 3.361476e-01 3.326413e-02 
       8.930565e-01 3.402076e-01 3.547866e-02 
       8.960092e-01 3.442676e-01 3.769319e-02 
       8.989619e-01 3.483276e-01 3.990773e-02 
       9.019146e-01 3.523875e-01 4.212226e-02 
       9.048674e-01 3.564475e-01 4.433679e-02 
       9.078201e-01 3.605075e-01 4.655133e-02 
       9.107728e-01 3.645675e-01 4.876586e-02 
       9.137255e-01 3.686275e-01 5.098039e-02 
       9.166782e-01 3.726874e-01 5.319493e-02 
       9.196309e-01 3.767474e-01 5.540946e-02 
       9.225836e-01 3.808074e-01 5.762399e-02 
       9.255363e-01 3.848674e-01 5.983852e-02 
       9.284890e-01 3.889273e-01 6.205306e-02 
       9.314418e-01 3.929873e-01 6.426759e-02 
       9.343945e-01 3.970473e-01 6.648212e-02 
       9.373472e-01 4.011073e-01 6.869666e-02 
       9.402999e-01 4.051672e-01 7.091119e-02 
       9.432526e-01 4.092272e-01 7.312572e-02 
       9.456517e-01 4.134256e-01 7.640138e-02 
       9.471280e-01 4.178547e-01 8.144560e-02 
       9.486044e-01 4.222837e-01 8.648981e-02 
       9.500807e-01 4.267128e-01 9.153403e-02 
       9.515571e-01 4.311419e-01 9.657824e-02 
       9.530334e-01 4.355709e-01 1.016225e-01 
       9.545098e-01 4.400000e-01 1.066667e-01 
       9.559862e-01 4.444291e-01 1.117109e-01 
       9.574625e-01 4.488581e-01 1.167551e-01 
       9.589389e-01 4.532872e-01 1.217993e-01 
       9.604152e-01 4.577163e-01 1.268435e-01 
       9.618916e-01 4.621453e-01 1.318877e-01 
       9.633679e-01 4.665744e-01 1.369319e-01 
       9.648443e-01 4.710035e-01 1.419762e-01 
       9.663206e-01 4.754325e-01 1.470204e-01 
       9.677970e-01 4.798616e-01 1.520646e-01 
       9.692734e-01 4.842907e-01 1.571088e-01 
       9.707497e-01 4.887197e-01 1.621530e-01 
       9.722261e-01 4.931488e-01 1.671972e-01 
       9.737024e-01 4.975779e-01 1.722414e-01 
       9.751788e-01 5.020069e-01 1.772857e-01 
       9.766551e-01 5.064360e-01 1.823299e-01 
       9.781315e-01 5.108651e-01 1.873741e-01 
       9.796078e-01 5.152941e-01 1.924183e-01 
       9.810842e-01 5.197232e-01 1.974625e-01 
       9.825606e-01 5.241522e-01 2.025067e-01 
       9.840369e-01 5.285813e-01 2.075509e-01 
       9.855133e-01 5.330104e-01 2.125952e-01 
       9.869896e-01 5.374394e-01 2.176394e-01 
       9.884660e-01 5.418685e-01 2.226836e-01 
       9.899423e-01 5.462976e-01 2.277278e-01 
       9.914187e-01 5.507266e-01 2.327720e-01 
       9.921569e-01 5.549712e-01 2.381853e-01 
       9.921569e-01 5.590311e-01 2.439677e-01 
       9.921569e-01 5.630911e-01 2.497501e-01 
       9.921569e-01 5.671511e-01 2.555325e-01 
       9.921569e-01 5.712111e-01 2.613149e-01 
       9.921569e-01 5.752710e-01 2.670973e-01 
       9.921569e-01 5.793310e-01 2.728797e-01 
       9.921569e-01 5.833910e-01 2.786621e-01 
       9.921569e-01 5.874510e-01 2.844444e-01 
       9.921569e-01 5.915110e-01 2.902268e-01 
       9.921569e-01 5.955709e-01 2.960092e-01 
       9.921569e-01 5.996309e-01 3.017916e-01 
       9.921569e-01 6.036909e-01 3.075740e-01 
       9.921569e-01 6.077509e-01 3.133564e-01 
       9.921569e-01 6.118108e-01 3.191388e-01 
       9.921569e-01 6.158708e-01 3.249212e-01 
       9.921569e-01 6.199308e-01 3.307036e-01 
       9.921569e-01 6.239908e-01 3.364860e-01 
       9.921569e-01 6.280507e-01 3.422684e-01 
       9.921569e-01 6.321107e-01 3.480507e-01 
       9.921569e-01 6.361707e-01 3.538331e-01 
       9.921569e-01 6.402307e-01 3.596155e-01 
       9.921569e-01 6.442907e-01 3.653979e-01 
       9.921569e-01 6.483506e-01 3.711803e-01 
       9.921569e-01 6.524106e-01 3.769627e-01 
       9.921569e-01 6.564706e-01 3.827451e-01 
       9.921569e-01 6.605306e-01 3.885275e-01 
       9.921569e-01 6.645905e-01 3.943099e-01 
       9.921569e-01 6.686505e-01 4.000923e-01 
       9.921569e-01 6.727105e-01 4.058747e-01 
       9.921569e-01 6.767705e-01 4.116571e-01 
       9.921569e-01 6.808304e-01 4.174394e-01 
       9.921569e-01 6.849673e-01 4.238370e-01 
       9.921569e-01 6.891503e-01 4.306036e-01 
       9.921569e-01 6.933333e-01 4.373702e-01 
       9.921569e-01 6.975163e-01 4.441369e-01 
       9.921569e-01 7.016993e-01 4.509035e-01 
       9.921569e-01 7.058824e-01 4.576701e-01 
       9.921569e-01 7.100654e-01 4.644368e-01 
       9.921569e-01 7.142484e-01 4.712034e-01 
       9.921569e-01 7.184314e-01 4.779700e-01 
