function orrd_r = orrd_r()
orrd_r = [ ... 
       4.980392e-01 0 0 
       5.044368e-01 0 0 
       5.108343e-01 0 0 
       5.172318e-01 0 0 
       5.236294e-01 0 0 
       5.300269e-01 0 0 
       5.364245e-01 0 0 
       5.428220e-01 0 0 
       5.492195e-01 0 0 
       5.556171e-01 0 0 
       5.620146e-01 0 0 
       5.684121e-01 0 0 
       5.748097e-01 0 0 
       5.812072e-01 0 0 
       5.876048e-01 0 0 
       5.940023e-01 0 0 
       6.003998e-01 0 0 
       6.067974e-01 0 0 
       6.131949e-01 0 0 
       6.195925e-01 0 0 
       6.259900e-01 0 0 
       6.323875e-01 0 0 
       6.387851e-01 0 0 
       6.451826e-01 0 0 
       6.515802e-01 0 0 
       6.579777e-01 0 0 
       6.643752e-01 0 0 
       6.707728e-01 0 0 
       6.771703e-01 0 0 
       6.835679e-01 0 0 
       6.899654e-01 0 0 
       6.963629e-01 0 0 
       7.025144e-01 7.381776e-04 4.767397e-04 
       7.069435e-01 6.643599e-03 4.290657e-03 
       7.113725e-01 1.254902e-02 8.104575e-03 
       7.158016e-01 1.845444e-02 1.191849e-02 
       7.202307e-01 2.435986e-02 1.573241e-02 
       7.246597e-01 3.026528e-02 1.954633e-02 
       7.290888e-01 3.617070e-02 2.336025e-02 
       7.335179e-01 4.207612e-02 2.717416e-02 
       7.379469e-01 4.798155e-02 3.098808e-02 
       7.423760e-01 5.388697e-02 3.480200e-02 
       7.468051e-01 5.979239e-02 3.861592e-02 
       7.512341e-01 6.569781e-02 4.242983e-02 
       7.556632e-01 7.160323e-02 4.624375e-02 
       7.600923e-01 7.750865e-02 5.005767e-02 
       7.645213e-01 8.341407e-02 5.387159e-02 
       7.689504e-01 8.931949e-02 5.768551e-02 
       7.733795e-01 9.522491e-02 6.149942e-02 
       7.778085e-01 1.011303e-01 6.531334e-02 
       7.822376e-01 1.070358e-01 6.912726e-02 
       7.866667e-01 1.129412e-01 7.294118e-02 
       7.910957e-01 1.188466e-01 7.675509e-02 
       7.955248e-01 1.247520e-01 8.056901e-02 
       7.999539e-01 1.306574e-01 8.438293e-02 
       8.043829e-01 1.365629e-01 8.819685e-02 
       8.088120e-01 1.424683e-01 9.201077e-02 
       8.132411e-01 1.483737e-01 9.582468e-02 
       8.176701e-01 1.542791e-01 9.963860e-02 
       8.220992e-01 1.601845e-01 1.034525e-01 
       8.265283e-01 1.660900e-01 1.072664e-01 
       8.309573e-01 1.719954e-01 1.110804e-01 
       8.353864e-01 1.779008e-01 1.148943e-01 
       8.398155e-01 1.838062e-01 1.187082e-01 
       8.438754e-01 1.898654e-01 1.228297e-01 
       8.468281e-01 1.963860e-01 1.278739e-01 
       8.497809e-01 2.029066e-01 1.329181e-01 
       8.527336e-01 2.094271e-01 1.379623e-01 
       8.556863e-01 2.159477e-01 1.430065e-01 
       8.586390e-01 2.224683e-01 1.480507e-01 
       8.615917e-01 2.289889e-01 1.530950e-01 
       8.645444e-01 2.355094e-01 1.581392e-01 
       8.674971e-01 2.420300e-01 1.631834e-01 
       8.704498e-01 2.485506e-01 1.682276e-01 
       8.734025e-01 2.550711e-01 1.732718e-01 
       8.763552e-01 2.615917e-01 1.783160e-01 
       8.793080e-01 2.681123e-01 1.833602e-01 
       8.822607e-01 2.746328e-01 1.884045e-01 
       8.852134e-01 2.811534e-01 1.934487e-01 
       8.881661e-01 2.876740e-01 1.984929e-01 
       8.911188e-01 2.941945e-01 2.035371e-01 
       8.940715e-01 3.007151e-01 2.085813e-01 
       8.970242e-01 3.072357e-01 2.136255e-01 
       8.999769e-01 3.137562e-01 2.186697e-01 
       9.029296e-01 3.202768e-01 2.237140e-01 
       9.058824e-01 3.267974e-01 2.287582e-01 
       9.088351e-01 3.333180e-01 2.338024e-01 
       9.117878e-01 3.398385e-01 2.388466e-01 
       9.147405e-01 3.463591e-01 2.438908e-01 
       9.176932e-01 3.528797e-01 2.489350e-01 
       9.206459e-01 3.594002e-01 2.539792e-01 
       9.235986e-01 3.659208e-01 2.590235e-01 
       9.265513e-01 3.724414e-01 2.640677e-01 
       9.295040e-01 3.789619e-01 2.691119e-01 
       9.324567e-01 3.854825e-01 2.741561e-01 
       9.354095e-01 3.920031e-01 2.792003e-01 
       9.378547e-01 3.979239e-01 2.831373e-01 
       9.394541e-01 4.028451e-01 2.852288e-01 
       9.410534e-01 4.077662e-01 2.873203e-01 
       9.426528e-01 4.126874e-01 2.894118e-01 
       9.442522e-01 4.176086e-01 2.915033e-01 
       9.458516e-01 4.225298e-01 2.935948e-01 
       9.474510e-01 4.274510e-01 2.956863e-01 
       9.490504e-01 4.323722e-01 2.977778e-01 
       9.506498e-01 4.372933e-01 2.998693e-01 
       9.522491e-01 4.422145e-01 3.019608e-01 
       9.538485e-01 4.471357e-01 3.040523e-01 
       9.554479e-01 4.520569e-01 3.061438e-01 
       9.570473e-01 4.569781e-01 3.082353e-01 
       9.586467e-01 4.618993e-01 3.103268e-01 
       9.602461e-01 4.668205e-01 3.124183e-01 
       9.618454e-01 4.717416e-01 3.145098e-01 
       9.634448e-01 4.766628e-01 3.166013e-01 
       9.650442e-01 4.815840e-01 3.186928e-01 
       9.666436e-01 4.865052e-01 3.207843e-01 
       9.682430e-01 4.914264e-01 3.228758e-01 
       9.698424e-01 4.963476e-01 3.249673e-01 
       9.714418e-01 5.012687e-01 3.270588e-01 
       9.730411e-01 5.061899e-01 3.291503e-01 
       9.746405e-01 5.111111e-01 3.312418e-01 
       9.762399e-01 5.160323e-01 3.333333e-01 
       9.778393e-01 5.209535e-01 3.354248e-01 
       9.794387e-01 5.258747e-01 3.375163e-01 
       9.810381e-01 5.307958e-01 3.396078e-01 
       9.826374e-01 5.357170e-01 3.416993e-01 
       9.842368e-01 5.406382e-01 3.437908e-01 
       9.858362e-01 5.455594e-01 3.458824e-01 
       9.874356e-01 5.504806e-01 3.479739e-01 
       9.882968e-01 5.557709e-01 3.516647e-01 
       9.884198e-01 5.614302e-01 3.569550e-01 
       9.885429e-01 5.670896e-01 3.622453e-01 
       9.886659e-01 5.727489e-01 3.675356e-01 
       9.887889e-01 5.784083e-01 3.728258e-01 
       9.889120e-01 5.840677e-01 3.781161e-01 
       9.890350e-01 5.897270e-01 3.834064e-01 
       9.891580e-01 5.953864e-01 3.886967e-01 
       9.892810e-01 6.010458e-01 3.939869e-01 
       9.894041e-01 6.067051e-01 3.992772e-01 
       9.895271e-01 6.123645e-01 4.045675e-01 
       9.896501e-01 6.180238e-01 4.098577e-01 
       9.897732e-01 6.236832e-01 4.151480e-01 
       9.898962e-01 6.293426e-01 4.204383e-01 
       9.900192e-01 6.350019e-01 4.257286e-01 
       9.901423e-01 6.406613e-01 4.310188e-01 
       9.902653e-01 6.463206e-01 4.363091e-01 
       9.903883e-01 6.519800e-01 4.415994e-01 
       9.905113e-01 6.576394e-01 4.468897e-01 
       9.906344e-01 6.632987e-01 4.521799e-01 
       9.907574e-01 6.689581e-01 4.574702e-01 
       9.908804e-01 6.746175e-01 4.627605e-01 
       9.910035e-01 6.802768e-01 4.680507e-01 
       9.911265e-01 6.859362e-01 4.733410e-01 
       9.912495e-01 6.915955e-01 4.786313e-01 
       9.913725e-01 6.972549e-01 4.839216e-01 
       9.914956e-01 7.029143e-01 4.892118e-01 
       9.916186e-01 7.085736e-01 4.945021e-01 
       9.917416e-01 7.142330e-01 4.997924e-01 
       9.918647e-01 7.198923e-01 5.050827e-01 
       9.919877e-01 7.255517e-01 5.103729e-01 
       9.921107e-01 7.312111e-01 5.156632e-01 
       9.921569e-01 7.352557e-01 5.196463e-01 
       9.921569e-01 7.383314e-01 5.228451e-01 
       9.921569e-01 7.414072e-01 5.260438e-01 
       9.921569e-01 7.444829e-01 5.292426e-01 
       9.921569e-01 7.475586e-01 5.324414e-01 
       9.921569e-01 7.506344e-01 5.356401e-01 
       9.921569e-01 7.537101e-01 5.388389e-01 
       9.921569e-01 7.567859e-01 5.420377e-01 
       9.921569e-01 7.598616e-01 5.452364e-01 
       9.921569e-01 7.629373e-01 5.484352e-01 
       9.921569e-01 7.660131e-01 5.516340e-01 
       9.921569e-01 7.690888e-01 5.548328e-01 
       9.921569e-01 7.721646e-01 5.580315e-01 
       9.921569e-01 7.752403e-01 5.612303e-01 
       9.921569e-01 7.783160e-01 5.644291e-01 
       9.921569e-01 7.813918e-01 5.676278e-01 
       9.921569e-01 7.844675e-01 5.708266e-01 
       9.921569e-01 7.875433e-01 5.740254e-01 
       9.921569e-01 7.906190e-01 5.772241e-01 
       9.921569e-01 7.936947e-01 5.804229e-01 
       9.921569e-01 7.967705e-01 5.836217e-01 
       9.921569e-01 7.998462e-01 5.868205e-01 
       9.921569e-01 8.029220e-01 5.900192e-01 
       9.921569e-01 8.059977e-01 5.932180e-01 
