function paired = paired()
paired = [ ... 
       6.509804e-01 8.078431e-01 8.901961e-01 
       6.509804e-01 8.078431e-01 8.901961e-01 
       6.509804e-01 8.078431e-01 8.901961e-01 
       6.509804e-01 8.078431e-01 8.901961e-01 
       6.509804e-01 8.078431e-01 8.901961e-01 
       6.509804e-01 8.078431e-01 8.901961e-01 
       6.509804e-01 8.078431e-01 8.901961e-01 
       6.509804e-01 8.078431e-01 8.901961e-01 
       6.509804e-01 8.078431e-01 8.901961e-01 
       6.509804e-01 8.078431e-01 8.901961e-01 
       6.509804e-01 8.078431e-01 8.901961e-01 
       6.509804e-01 8.078431e-01 8.901961e-01 
       6.509804e-01 8.078431e-01 8.901961e-01 
       6.509804e-01 8.078431e-01 8.901961e-01 
       6.509804e-01 8.078431e-01 8.901961e-01 
       6.509804e-01 8.078431e-01 8.901961e-01 
       6.509804e-01 8.078431e-01 8.901961e-01 
       6.509804e-01 8.078431e-01 8.901961e-01 
       6.509804e-01 8.078431e-01 8.901961e-01 
       6.509804e-01 8.078431e-01 8.901961e-01 
       6.509804e-01 8.078431e-01 8.901961e-01 
       6.509804e-01 8.078431e-01 8.901961e-01 
       1.215686e-01 4.705882e-01 7.058824e-01 
       1.215686e-01 4.705882e-01 7.058824e-01 
       1.215686e-01 4.705882e-01 7.058824e-01 
       1.215686e-01 4.705882e-01 7.058824e-01 
       1.215686e-01 4.705882e-01 7.058824e-01 
       1.215686e-01 4.705882e-01 7.058824e-01 
       1.215686e-01 4.705882e-01 7.058824e-01 
       1.215686e-01 4.705882e-01 7.058824e-01 
       1.215686e-01 4.705882e-01 7.058824e-01 
       1.215686e-01 4.705882e-01 7.058824e-01 
       1.215686e-01 4.705882e-01 7.058824e-01 
       1.215686e-01 4.705882e-01 7.058824e-01 
       1.215686e-01 4.705882e-01 7.058824e-01 
       1.215686e-01 4.705882e-01 7.058824e-01 
       1.215686e-01 4.705882e-01 7.058824e-01 
       1.215686e-01 4.705882e-01 7.058824e-01 
       1.215686e-01 4.705882e-01 7.058824e-01 
       1.215686e-01 4.705882e-01 7.058824e-01 
       1.215686e-01 4.705882e-01 7.058824e-01 
       1.215686e-01 4.705882e-01 7.058824e-01 
       1.215686e-01 4.705882e-01 7.058824e-01 
       6.980392e-01 8.745098e-01 5.411765e-01 
       6.980392e-01 8.745098e-01 5.411765e-01 
       6.980392e-01 8.745098e-01 5.411765e-01 
       6.980392e-01 8.745098e-01 5.411765e-01 
       6.980392e-01 8.745098e-01 5.411765e-01 
       6.980392e-01 8.745098e-01 5.411765e-01 
       6.980392e-01 8.745098e-01 5.411765e-01 
       6.980392e-01 8.745098e-01 5.411765e-01 
       6.980392e-01 8.745098e-01 5.411765e-01 
       6.980392e-01 8.745098e-01 5.411765e-01 
       6.980392e-01 8.745098e-01 5.411765e-01 
       6.980392e-01 8.745098e-01 5.411765e-01 
       6.980392e-01 8.745098e-01 5.411765e-01 
       6.980392e-01 8.745098e-01 5.411765e-01 
       6.980392e-01 8.745098e-01 5.411765e-01 
       6.980392e-01 8.745098e-01 5.411765e-01 
       6.980392e-01 8.745098e-01 5.411765e-01 
       6.980392e-01 8.745098e-01 5.411765e-01 
       6.980392e-01 8.745098e-01 5.411765e-01 
       6.980392e-01 8.745098e-01 5.411765e-01 
       6.980392e-01 8.745098e-01 5.411765e-01 
       2.000000e-01 6.274510e-01 1.725490e-01 
       2.000000e-01 6.274510e-01 1.725490e-01 
       2.000000e-01 6.274510e-01 1.725490e-01 
       2.000000e-01 6.274510e-01 1.725490e-01 
       2.000000e-01 6.274510e-01 1.725490e-01 
       2.000000e-01 6.274510e-01 1.725490e-01 
       2.000000e-01 6.274510e-01 1.725490e-01 
       2.000000e-01 6.274510e-01 1.725490e-01 
       2.000000e-01 6.274510e-01 1.725490e-01 
       2.000000e-01 6.274510e-01 1.725490e-01 
       2.000000e-01 6.274510e-01 1.725490e-01 
       2.000000e-01 6.274510e-01 1.725490e-01 
       2.000000e-01 6.274510e-01 1.725490e-01 
       2.000000e-01 6.274510e-01 1.725490e-01 
       2.000000e-01 6.274510e-01 1.725490e-01 
       2.000000e-01 6.274510e-01 1.725490e-01 
       2.000000e-01 6.274510e-01 1.725490e-01 
       2.000000e-01 6.274510e-01 1.725490e-01 
       2.000000e-01 6.274510e-01 1.725490e-01 
       2.000000e-01 6.274510e-01 1.725490e-01 
       2.000000e-01 6.274510e-01 1.725490e-01 
       9.843137e-01 6.039216e-01 6.000000e-01 
       9.843137e-01 6.039216e-01 6.000000e-01 
       9.843137e-01 6.039216e-01 6.000000e-01 
       9.843137e-01 6.039216e-01 6.000000e-01 
       9.843137e-01 6.039216e-01 6.000000e-01 
       9.843137e-01 6.039216e-01 6.000000e-01 
       9.843137e-01 6.039216e-01 6.000000e-01 
       9.843137e-01 6.039216e-01 6.000000e-01 
       9.843137e-01 6.039216e-01 6.000000e-01 
       9.843137e-01 6.039216e-01 6.000000e-01 
       9.843137e-01 6.039216e-01 6.000000e-01 
       9.843137e-01 6.039216e-01 6.000000e-01 
       9.843137e-01 6.039216e-01 6.000000e-01 
       9.843137e-01 6.039216e-01 6.000000e-01 
       9.843137e-01 6.039216e-01 6.000000e-01 
       9.843137e-01 6.039216e-01 6.000000e-01 
       9.843137e-01 6.039216e-01 6.000000e-01 
       9.843137e-01 6.039216e-01 6.000000e-01 
       9.843137e-01 6.039216e-01 6.000000e-01 
       9.843137e-01 6.039216e-01 6.000000e-01 
       9.843137e-01 6.039216e-01 6.000000e-01 
       9.843137e-01 6.039216e-01 6.000000e-01 
       8.901961e-01 1.019608e-01 1.098039e-01 
       8.901961e-01 1.019608e-01 1.098039e-01 
       8.901961e-01 1.019608e-01 1.098039e-01 
       8.901961e-01 1.019608e-01 1.098039e-01 
       8.901961e-01 1.019608e-01 1.098039e-01 
       8.901961e-01 1.019608e-01 1.098039e-01 
       8.901961e-01 1.019608e-01 1.098039e-01 
       8.901961e-01 1.019608e-01 1.098039e-01 
       8.901961e-01 1.019608e-01 1.098039e-01 
       8.901961e-01 1.019608e-01 1.098039e-01 
       8.901961e-01 1.019608e-01 1.098039e-01 
       8.901961e-01 1.019608e-01 1.098039e-01 
       8.901961e-01 1.019608e-01 1.098039e-01 
       8.901961e-01 1.019608e-01 1.098039e-01 
       8.901961e-01 1.019608e-01 1.098039e-01 
       8.901961e-01 1.019608e-01 1.098039e-01 
       8.901961e-01 1.019608e-01 1.098039e-01 
       8.901961e-01 1.019608e-01 1.098039e-01 
       8.901961e-01 1.019608e-01 1.098039e-01 
       8.901961e-01 1.019608e-01 1.098039e-01 
       8.901961e-01 1.019608e-01 1.098039e-01 
       9.921569e-01 7.490196e-01 4.352941e-01 
       9.921569e-01 7.490196e-01 4.352941e-01 
       9.921569e-01 7.490196e-01 4.352941e-01 
       9.921569e-01 7.490196e-01 4.352941e-01 
       9.921569e-01 7.490196e-01 4.352941e-01 
       9.921569e-01 7.490196e-01 4.352941e-01 
       9.921569e-01 7.490196e-01 4.352941e-01 
       9.921569e-01 7.490196e-01 4.352941e-01 
       9.921569e-01 7.490196e-01 4.352941e-01 
       9.921569e-01 7.490196e-01 4.352941e-01 
       9.921569e-01 7.490196e-01 4.352941e-01 
       9.921569e-01 7.490196e-01 4.352941e-01 
       9.921569e-01 7.490196e-01 4.352941e-01 
       9.921569e-01 7.490196e-01 4.352941e-01 
       9.921569e-01 7.490196e-01 4.352941e-01 
       9.921569e-01 7.490196e-01 4.352941e-01 
       9.921569e-01 7.490196e-01 4.352941e-01 
       9.921569e-01 7.490196e-01 4.352941e-01 
       9.921569e-01 7.490196e-01 4.352941e-01 
       9.921569e-01 7.490196e-01 4.352941e-01 
       9.921569e-01 7.490196e-01 4.352941e-01 
       1 4.980392e-01 0 
       1 4.980392e-01 0 
       1 4.980392e-01 0 
       1 4.980392e-01 0 
       1 4.980392e-01 0 
       1 4.980392e-01 0 
       1 4.980392e-01 0 
       1 4.980392e-01 0 
       1 4.980392e-01 0 
       1 4.980392e-01 0 
       1 4.980392e-01 0 
       1 4.980392e-01 0 
       1 4.980392e-01 0 
       1 4.980392e-01 0 
       1 4.980392e-01 0 
       1 4.980392e-01 0 
       1 4.980392e-01 0 
       1 4.980392e-01 0 
       1 4.980392e-01 0 
       1 4.980392e-01 0 
       1 4.980392e-01 0 
       7.921569e-01 6.980392e-01 8.392157e-01 
       7.921569e-01 6.980392e-01 8.392157e-01 
       7.921569e-01 6.980392e-01 8.392157e-01 
       7.921569e-01 6.980392e-01 8.392157e-01 
       7.921569e-01 6.980392e-01 8.392157e-01 
       7.921569e-01 6.980392e-01 8.392157e-01 
       7.921569e-01 6.980392e-01 8.392157e-01 
       7.921569e-01 6.980392e-01 8.392157e-01 
       7.921569e-01 6.980392e-01 8.392157e-01 
