function pastel2 = pastel2()
pastel2 = [ ... 
       7.019608e-01 8.862745e-01 8.039216e-01 
       7.019608e-01 8.862745e-01 8.039216e-01 
       7.019608e-01 8.862745e-01 8.039216e-01 
       7.019608e-01 8.862745e-01 8.039216e-01 
       7.019608e-01 8.862745e-01 8.039216e-01 
       7.019608e-01 8.862745e-01 8.039216e-01 
       7.019608e-01 8.862745e-01 8.039216e-01 
       7.019608e-01 8.862745e-01 8.039216e-01 
       7.019608e-01 8.862745e-01 8.039216e-01 
       7.019608e-01 8.862745e-01 8.039216e-01 
       7.019608e-01 8.862745e-01 8.039216e-01 
       7.019608e-01 8.862745e-01 8.039216e-01 
       7.019608e-01 8.862745e-01 8.039216e-01 
       7.019608e-01 8.862745e-01 8.039216e-01 
       7.019608e-01 8.862745e-01 8.039216e-01 
       7.019608e-01 8.862745e-01 8.039216e-01 
       7.019608e-01 8.862745e-01 8.039216e-01 
       7.019608e-01 8.862745e-01 8.039216e-01 
       7.019608e-01 8.862745e-01 8.039216e-01 
       7.019608e-01 8.862745e-01 8.039216e-01 
       7.019608e-01 8.862745e-01 8.039216e-01 
       7.019608e-01 8.862745e-01 8.039216e-01 
       7.019608e-01 8.862745e-01 8.039216e-01 
       7.019608e-01 8.862745e-01 8.039216e-01 
       7.019608e-01 8.862745e-01 8.039216e-01 
       7.019608e-01 8.862745e-01 8.039216e-01 
       7.019608e-01 8.862745e-01 8.039216e-01 
       7.019608e-01 8.862745e-01 8.039216e-01 
       7.019608e-01 8.862745e-01 8.039216e-01 
       7.019608e-01 8.862745e-01 8.039216e-01 
       7.019608e-01 8.862745e-01 8.039216e-01 
       7.019608e-01 8.862745e-01 8.039216e-01 
       9.921569e-01 8.039216e-01 6.745098e-01 
       9.921569e-01 8.039216e-01 6.745098e-01 
       9.921569e-01 8.039216e-01 6.745098e-01 
       9.921569e-01 8.039216e-01 6.745098e-01 
       9.921569e-01 8.039216e-01 6.745098e-01 
       9.921569e-01 8.039216e-01 6.745098e-01 
       9.921569e-01 8.039216e-01 6.745098e-01 
       9.921569e-01 8.039216e-01 6.745098e-01 
       9.921569e-01 8.039216e-01 6.745098e-01 
       9.921569e-01 8.039216e-01 6.745098e-01 
       9.921569e-01 8.039216e-01 6.745098e-01 
       9.921569e-01 8.039216e-01 6.745098e-01 
       9.921569e-01 8.039216e-01 6.745098e-01 
       9.921569e-01 8.039216e-01 6.745098e-01 
       9.921569e-01 8.039216e-01 6.745098e-01 
       9.921569e-01 8.039216e-01 6.745098e-01 
       9.921569e-01 8.039216e-01 6.745098e-01 
       9.921569e-01 8.039216e-01 6.745098e-01 
       9.921569e-01 8.039216e-01 6.745098e-01 
       9.921569e-01 8.039216e-01 6.745098e-01 
       9.921569e-01 8.039216e-01 6.745098e-01 
       9.921569e-01 8.039216e-01 6.745098e-01 
       9.921569e-01 8.039216e-01 6.745098e-01 
       9.921569e-01 8.039216e-01 6.745098e-01 
       9.921569e-01 8.039216e-01 6.745098e-01 
       9.921569e-01 8.039216e-01 6.745098e-01 
       9.921569e-01 8.039216e-01 6.745098e-01 
       9.921569e-01 8.039216e-01 6.745098e-01 
       9.921569e-01 8.039216e-01 6.745098e-01 
       9.921569e-01 8.039216e-01 6.745098e-01 
       9.921569e-01 8.039216e-01 6.745098e-01 
       9.921569e-01 8.039216e-01 6.745098e-01 
       7.960784e-01 8.352941e-01 9.098039e-01 
       7.960784e-01 8.352941e-01 9.098039e-01 
       7.960784e-01 8.352941e-01 9.098039e-01 
       7.960784e-01 8.352941e-01 9.098039e-01 
       7.960784e-01 8.352941e-01 9.098039e-01 
       7.960784e-01 8.352941e-01 9.098039e-01 
       7.960784e-01 8.352941e-01 9.098039e-01 
       7.960784e-01 8.352941e-01 9.098039e-01 
       7.960784e-01 8.352941e-01 9.098039e-01 
       7.960784e-01 8.352941e-01 9.098039e-01 
       7.960784e-01 8.352941e-01 9.098039e-01 
       7.960784e-01 8.352941e-01 9.098039e-01 
       7.960784e-01 8.352941e-01 9.098039e-01 
       7.960784e-01 8.352941e-01 9.098039e-01 
       7.960784e-01 8.352941e-01 9.098039e-01 
       7.960784e-01 8.352941e-01 9.098039e-01 
       7.960784e-01 8.352941e-01 9.098039e-01 
       7.960784e-01 8.352941e-01 9.098039e-01 
       7.960784e-01 8.352941e-01 9.098039e-01 
       7.960784e-01 8.352941e-01 9.098039e-01 
       7.960784e-01 8.352941e-01 9.098039e-01 
       7.960784e-01 8.352941e-01 9.098039e-01 
       7.960784e-01 8.352941e-01 9.098039e-01 
       7.960784e-01 8.352941e-01 9.098039e-01 
       7.960784e-01 8.352941e-01 9.098039e-01 
       7.960784e-01 8.352941e-01 9.098039e-01 
       7.960784e-01 8.352941e-01 9.098039e-01 
       7.960784e-01 8.352941e-01 9.098039e-01 
       7.960784e-01 8.352941e-01 9.098039e-01 
       7.960784e-01 8.352941e-01 9.098039e-01 
       7.960784e-01 8.352941e-01 9.098039e-01 
       7.960784e-01 8.352941e-01 9.098039e-01 
       9.568627e-01 7.921569e-01 8.941176e-01 
       9.568627e-01 7.921569e-01 8.941176e-01 
       9.568627e-01 7.921569e-01 8.941176e-01 
       9.568627e-01 7.921569e-01 8.941176e-01 
       9.568627e-01 7.921569e-01 8.941176e-01 
       9.568627e-01 7.921569e-01 8.941176e-01 
       9.568627e-01 7.921569e-01 8.941176e-01 
       9.568627e-01 7.921569e-01 8.941176e-01 
       9.568627e-01 7.921569e-01 8.941176e-01 
       9.568627e-01 7.921569e-01 8.941176e-01 
       9.568627e-01 7.921569e-01 8.941176e-01 
       9.568627e-01 7.921569e-01 8.941176e-01 
       9.568627e-01 7.921569e-01 8.941176e-01 
       9.568627e-01 7.921569e-01 8.941176e-01 
       9.568627e-01 7.921569e-01 8.941176e-01 
       9.568627e-01 7.921569e-01 8.941176e-01 
       9.568627e-01 7.921569e-01 8.941176e-01 
       9.568627e-01 7.921569e-01 8.941176e-01 
       9.568627e-01 7.921569e-01 8.941176e-01 
       9.568627e-01 7.921569e-01 8.941176e-01 
       9.568627e-01 7.921569e-01 8.941176e-01 
       9.568627e-01 7.921569e-01 8.941176e-01 
       9.568627e-01 7.921569e-01 8.941176e-01 
       9.568627e-01 7.921569e-01 8.941176e-01 
       9.568627e-01 7.921569e-01 8.941176e-01 
       9.568627e-01 7.921569e-01 8.941176e-01 
       9.568627e-01 7.921569e-01 8.941176e-01 
       9.568627e-01 7.921569e-01 8.941176e-01 
       9.568627e-01 7.921569e-01 8.941176e-01 
       9.568627e-01 7.921569e-01 8.941176e-01 
       9.568627e-01 7.921569e-01 8.941176e-01 
       9.568627e-01 7.921569e-01 8.941176e-01 
       9.019608e-01 9.607843e-01 7.882353e-01 
       9.019608e-01 9.607843e-01 7.882353e-01 
       9.019608e-01 9.607843e-01 7.882353e-01 
       9.019608e-01 9.607843e-01 7.882353e-01 
       9.019608e-01 9.607843e-01 7.882353e-01 
       9.019608e-01 9.607843e-01 7.882353e-01 
       9.019608e-01 9.607843e-01 7.882353e-01 
       9.019608e-01 9.607843e-01 7.882353e-01 
       9.019608e-01 9.607843e-01 7.882353e-01 
       9.019608e-01 9.607843e-01 7.882353e-01 
       9.019608e-01 9.607843e-01 7.882353e-01 
       9.019608e-01 9.607843e-01 7.882353e-01 
       9.019608e-01 9.607843e-01 7.882353e-01 
       9.019608e-01 9.607843e-01 7.882353e-01 
       9.019608e-01 9.607843e-01 7.882353e-01 
       9.019608e-01 9.607843e-01 7.882353e-01 
       9.019608e-01 9.607843e-01 7.882353e-01 
       9.019608e-01 9.607843e-01 7.882353e-01 
       9.019608e-01 9.607843e-01 7.882353e-01 
       9.019608e-01 9.607843e-01 7.882353e-01 
       9.019608e-01 9.607843e-01 7.882353e-01 
       9.019608e-01 9.607843e-01 7.882353e-01 
       9.019608e-01 9.607843e-01 7.882353e-01 
       9.019608e-01 9.607843e-01 7.882353e-01 
       9.019608e-01 9.607843e-01 7.882353e-01 
       9.019608e-01 9.607843e-01 7.882353e-01 
       9.019608e-01 9.607843e-01 7.882353e-01 
       9.019608e-01 9.607843e-01 7.882353e-01 
       9.019608e-01 9.607843e-01 7.882353e-01 
       9.019608e-01 9.607843e-01 7.882353e-01 
       9.019608e-01 9.607843e-01 7.882353e-01 
       9.019608e-01 9.607843e-01 7.882353e-01 
       1 9.490196e-01 6.823529e-01 
       1 9.490196e-01 6.823529e-01 
       1 9.490196e-01 6.823529e-01 
       1 9.490196e-01 6.823529e-01 
       1 9.490196e-01 6.823529e-01 
       1 9.490196e-01 6.823529e-01 
       1 9.490196e-01 6.823529e-01 
       1 9.490196e-01 6.823529e-01 
       1 9.490196e-01 6.823529e-01 
       1 9.490196e-01 6.823529e-01 
       1 9.490196e-01 6.823529e-01 
       1 9.490196e-01 6.823529e-01 
