function pastel1_r = pastel1_r()
pastel1_r = [ ... 
       9.490196e-01 9.490196e-01 9.490196e-01 
       9.490196e-01 9.490196e-01 9.490196e-01 
       9.490196e-01 9.490196e-01 9.490196e-01 
       9.490196e-01 9.490196e-01 9.490196e-01 
       9.490196e-01 9.490196e-01 9.490196e-01 
       9.490196e-01 9.490196e-01 9.490196e-01 
       9.490196e-01 9.490196e-01 9.490196e-01 
       9.490196e-01 9.490196e-01 9.490196e-01 
       9.490196e-01 9.490196e-01 9.490196e-01 
       9.490196e-01 9.490196e-01 9.490196e-01 
       9.490196e-01 9.490196e-01 9.490196e-01 
       9.490196e-01 9.490196e-01 9.490196e-01 
       9.490196e-01 9.490196e-01 9.490196e-01 
       9.490196e-01 9.490196e-01 9.490196e-01 
       9.490196e-01 9.490196e-01 9.490196e-01 
       9.490196e-01 9.490196e-01 9.490196e-01 
       9.490196e-01 9.490196e-01 9.490196e-01 
       9.490196e-01 9.490196e-01 9.490196e-01 
       9.490196e-01 9.490196e-01 9.490196e-01 
       9.490196e-01 9.490196e-01 9.490196e-01 
       9.490196e-01 9.490196e-01 9.490196e-01 
       9.490196e-01 9.490196e-01 9.490196e-01 
       9.490196e-01 9.490196e-01 9.490196e-01 
       9.490196e-01 9.490196e-01 9.490196e-01 
       9.490196e-01 9.490196e-01 9.490196e-01 
       9.490196e-01 9.490196e-01 9.490196e-01 
       9.490196e-01 9.490196e-01 9.490196e-01 
       9.490196e-01 9.490196e-01 9.490196e-01 
       9.490196e-01 9.490196e-01 9.490196e-01 
       9.921569e-01 8.549020e-01 9.254902e-01 
       9.921569e-01 8.549020e-01 9.254902e-01 
       9.921569e-01 8.549020e-01 9.254902e-01 
       9.921569e-01 8.549020e-01 9.254902e-01 
       9.921569e-01 8.549020e-01 9.254902e-01 
       9.921569e-01 8.549020e-01 9.254902e-01 
       9.921569e-01 8.549020e-01 9.254902e-01 
       9.921569e-01 8.549020e-01 9.254902e-01 
       9.921569e-01 8.549020e-01 9.254902e-01 
       9.921569e-01 8.549020e-01 9.254902e-01 
       9.921569e-01 8.549020e-01 9.254902e-01 
       9.921569e-01 8.549020e-01 9.254902e-01 
       9.921569e-01 8.549020e-01 9.254902e-01 
       9.921569e-01 8.549020e-01 9.254902e-01 
       9.921569e-01 8.549020e-01 9.254902e-01 
       9.921569e-01 8.549020e-01 9.254902e-01 
       9.921569e-01 8.549020e-01 9.254902e-01 
       9.921569e-01 8.549020e-01 9.254902e-01 
       9.921569e-01 8.549020e-01 9.254902e-01 
       9.921569e-01 8.549020e-01 9.254902e-01 
       9.921569e-01 8.549020e-01 9.254902e-01 
       9.921569e-01 8.549020e-01 9.254902e-01 
       9.921569e-01 8.549020e-01 9.254902e-01 
       9.921569e-01 8.549020e-01 9.254902e-01 
       9.921569e-01 8.549020e-01 9.254902e-01 
       9.921569e-01 8.549020e-01 9.254902e-01 
       9.921569e-01 8.549020e-01 9.254902e-01 
       9.921569e-01 8.549020e-01 9.254902e-01 
       8.980392e-01 8.470588e-01 7.411765e-01 
       8.980392e-01 8.470588e-01 7.411765e-01 
       8.980392e-01 8.470588e-01 7.411765e-01 
       8.980392e-01 8.470588e-01 7.411765e-01 
       8.980392e-01 8.470588e-01 7.411765e-01 
       8.980392e-01 8.470588e-01 7.411765e-01 
       8.980392e-01 8.470588e-01 7.411765e-01 
       8.980392e-01 8.470588e-01 7.411765e-01 
       8.980392e-01 8.470588e-01 7.411765e-01 
       8.980392e-01 8.470588e-01 7.411765e-01 
       8.980392e-01 8.470588e-01 7.411765e-01 
       8.980392e-01 8.470588e-01 7.411765e-01 
       8.980392e-01 8.470588e-01 7.411765e-01 
       8.980392e-01 8.470588e-01 7.411765e-01 
       8.980392e-01 8.470588e-01 7.411765e-01 
       8.980392e-01 8.470588e-01 7.411765e-01 
       8.980392e-01 8.470588e-01 7.411765e-01 
       8.980392e-01 8.470588e-01 7.411765e-01 
       8.980392e-01 8.470588e-01 7.411765e-01 
       8.980392e-01 8.470588e-01 7.411765e-01 
       8.980392e-01 8.470588e-01 7.411765e-01 
       8.980392e-01 8.470588e-01 7.411765e-01 
       8.980392e-01 8.470588e-01 7.411765e-01 
       8.980392e-01 8.470588e-01 7.411765e-01 
       8.980392e-01 8.470588e-01 7.411765e-01 
       8.980392e-01 8.470588e-01 7.411765e-01 
       8.980392e-01 8.470588e-01 7.411765e-01 
       8.980392e-01 8.470588e-01 7.411765e-01 
       1 1 8.000000e-01 
       1 1 8.000000e-01 
       1 1 8.000000e-01 
       1 1 8.000000e-01 
       1 1 8.000000e-01 
       1 1 8.000000e-01 
       1 1 8.000000e-01 
       1 1 8.000000e-01 
       1 1 8.000000e-01 
       1 1 8.000000e-01 
       1 1 8.000000e-01 
       1 1 8.000000e-01 
       1 1 8.000000e-01 
       1 1 8.000000e-01 
       1 1 8.000000e-01 
       1 1 8.000000e-01 
       1 1 8.000000e-01 
       1 1 8.000000e-01 
       1 1 8.000000e-01 
       1 1 8.000000e-01 
       1 1 8.000000e-01 
       1 1 8.000000e-01 
       1 1 8.000000e-01 
       1 1 8.000000e-01 
       1 1 8.000000e-01 
       1 1 8.000000e-01 
       1 1 8.000000e-01 
       1 1 8.000000e-01 
       1 1 8.000000e-01 
       9.960784e-01 8.509804e-01 6.509804e-01 
       9.960784e-01 8.509804e-01 6.509804e-01 
       9.960784e-01 8.509804e-01 6.509804e-01 
       9.960784e-01 8.509804e-01 6.509804e-01 
       9.960784e-01 8.509804e-01 6.509804e-01 
       9.960784e-01 8.509804e-01 6.509804e-01 
       9.960784e-01 8.509804e-01 6.509804e-01 
       9.960784e-01 8.509804e-01 6.509804e-01 
       9.960784e-01 8.509804e-01 6.509804e-01 
       9.960784e-01 8.509804e-01 6.509804e-01 
       9.960784e-01 8.509804e-01 6.509804e-01 
       9.960784e-01 8.509804e-01 6.509804e-01 
       9.960784e-01 8.509804e-01 6.509804e-01 
       9.960784e-01 8.509804e-01 6.509804e-01 
       9.960784e-01 8.509804e-01 6.509804e-01 
       9.960784e-01 8.509804e-01 6.509804e-01 
       9.960784e-01 8.509804e-01 6.509804e-01 
       9.960784e-01 8.509804e-01 6.509804e-01 
       9.960784e-01 8.509804e-01 6.509804e-01 
       9.960784e-01 8.509804e-01 6.509804e-01 
       9.960784e-01 8.509804e-01 6.509804e-01 
       9.960784e-01 8.509804e-01 6.509804e-01 
       9.960784e-01 8.509804e-01 6.509804e-01 
       9.960784e-01 8.509804e-01 6.509804e-01 
       9.960784e-01 8.509804e-01 6.509804e-01 
       9.960784e-01 8.509804e-01 6.509804e-01 
       9.960784e-01 8.509804e-01 6.509804e-01 
       9.960784e-01 8.509804e-01 6.509804e-01 
       8.705882e-01 7.960784e-01 8.941176e-01 
       8.705882e-01 7.960784e-01 8.941176e-01 
       8.705882e-01 7.960784e-01 8.941176e-01 
       8.705882e-01 7.960784e-01 8.941176e-01 
       8.705882e-01 7.960784e-01 8.941176e-01 
       8.705882e-01 7.960784e-01 8.941176e-01 
       8.705882e-01 7.960784e-01 8.941176e-01 
       8.705882e-01 7.960784e-01 8.941176e-01 
       8.705882e-01 7.960784e-01 8.941176e-01 
       8.705882e-01 7.960784e-01 8.941176e-01 
       8.705882e-01 7.960784e-01 8.941176e-01 
       8.705882e-01 7.960784e-01 8.941176e-01 
       8.705882e-01 7.960784e-01 8.941176e-01 
       8.705882e-01 7.960784e-01 8.941176e-01 
       8.705882e-01 7.960784e-01 8.941176e-01 
       8.705882e-01 7.960784e-01 8.941176e-01 
       8.705882e-01 7.960784e-01 8.941176e-01 
       8.705882e-01 7.960784e-01 8.941176e-01 
       8.705882e-01 7.960784e-01 8.941176e-01 
       8.705882e-01 7.960784e-01 8.941176e-01 
       8.705882e-01 7.960784e-01 8.941176e-01 
       8.705882e-01 7.960784e-01 8.941176e-01 
       8.705882e-01 7.960784e-01 8.941176e-01 
       8.705882e-01 7.960784e-01 8.941176e-01 
       8.705882e-01 7.960784e-01 8.941176e-01 
       8.705882e-01 7.960784e-01 8.941176e-01 
       8.705882e-01 7.960784e-01 8.941176e-01 
       8.705882e-01 7.960784e-01 8.941176e-01 
       8.000000e-01 9.215686e-01 7.725490e-01 
       8.000000e-01 9.215686e-01 7.725490e-01 
       8.000000e-01 9.215686e-01 7.725490e-01 
       8.000000e-01 9.215686e-01 7.725490e-01 
       8.000000e-01 9.215686e-01 7.725490e-01 
       8.000000e-01 9.215686e-01 7.725490e-01 
       8.000000e-01 9.215686e-01 7.725490e-01 
       8.000000e-01 9.215686e-01 7.725490e-01 
       8.000000e-01 9.215686e-01 7.725490e-01 
       8.000000e-01 9.215686e-01 7.725490e-01 
       8.000000e-01 9.215686e-01 7.725490e-01 
       8.000000e-01 9.215686e-01 7.725490e-01 
