function pink_r = pink_r()
pink_r = [ ... 
       1 1 1 
       9.986894e-01 9.986894e-01 9.960883e-01 
       9.973787e-01 9.973787e-01 9.921766e-01 
       9.960681e-01 9.960681e-01 9.882649e-01 
       9.947574e-01 9.947574e-01 9.843533e-01 
       9.934399e-01 9.934399e-01 9.803806e-01 
       9.921221e-01 9.921221e-01 9.764050e-01 
       9.908043e-01 9.908043e-01 9.724293e-01 
       9.894865e-01 9.894865e-01 9.684536e-01 
       9.881624e-01 9.881624e-01 9.644171e-01 
       9.868377e-01 9.868377e-01 9.603743e-01 
       9.855130e-01 9.855130e-01 9.563314e-01 
       9.841882e-01 9.841882e-01 9.522885e-01 
       9.828571e-01 9.828571e-01 9.481851e-01 
       9.815250e-01 9.815250e-01 9.440715e-01 
       9.801929e-01 9.801929e-01 9.399580e-01 
       9.788607e-01 9.788607e-01 9.358445e-01 
       9.775226e-01 9.775226e-01 9.316705e-01 
       9.761830e-01 9.761830e-01 9.274824e-01 
       9.748435e-01 9.748435e-01 9.232942e-01 
       9.735039e-01 9.735039e-01 9.191061e-01 
       9.721587e-01 9.721587e-01 9.148577e-01 
       9.708117e-01 9.708117e-01 9.105905e-01 
       9.694648e-01 9.694648e-01 9.063233e-01 
       9.681178e-01 9.681178e-01 9.020561e-01 
       9.667654e-01 9.667654e-01 8.977296e-01 
       9.654108e-01 9.654108e-01 8.933794e-01 
       9.640561e-01 9.640561e-01 8.890292e-01 
       9.627015e-01 9.627015e-01 8.846789e-01 
       9.613418e-01 9.613418e-01 8.802694e-01 
       9.599795e-01 9.599795e-01 8.758303e-01 
       9.586172e-01 9.586172e-01 8.713911e-01 
       9.572549e-01 9.572549e-01 8.669520e-01 
       9.558877e-01 9.558877e-01 8.624547e-01 
       9.545176e-01 9.545176e-01 8.579216e-01 
       9.531474e-01 9.531474e-01 8.533886e-01 
       9.517772e-01 9.517772e-01 8.488556e-01 
       9.504023e-01 9.504023e-01 8.442652e-01 
       9.490240e-01 9.490240e-01 8.396319e-01 
       9.476456e-01 9.476456e-01 8.349985e-01 
       9.462673e-01 9.462673e-01 8.303652e-01 
       9.448847e-01 9.448847e-01 8.256754e-01 
       9.434982e-01 9.434982e-01 8.209343e-01 
       9.421117e-01 9.421117e-01 8.161933e-01 
       9.407252e-01 9.407252e-01 8.114522e-01 
       9.393347e-01 9.393347e-01 8.066564e-01 
       9.379398e-01 9.379398e-01 8.018005e-01 
       9.365449e-01 9.365449e-01 7.969445e-01 
       9.351500e-01 9.351500e-01 7.920886e-01 
       9.337515e-01 9.337515e-01 7.871794e-01 
       9.323482e-01 9.323482e-01 7.821992e-01 
       9.309449e-01 9.309449e-01 7.772189e-01 
       9.295416e-01 9.295416e-01 7.722387e-01 
       9.281350e-01 9.281350e-01 7.672074e-01 
       9.267231e-01 9.267231e-01 7.620930e-01 
       9.253112e-01 9.253112e-01 7.569787e-01 
       9.238992e-01 9.238992e-01 7.518643e-01 
       9.224844e-01 9.224844e-01 7.467015e-01 
       9.210638e-01 9.210638e-01 7.414418e-01 
       9.196432e-01 9.196432e-01 7.361822e-01 
       9.182226e-01 9.182226e-01 7.309226e-01 
       9.167994e-01 9.167994e-01 7.256175e-01 
       9.153697e-01 9.153697e-01 7.201990e-01 
       9.139400e-01 9.139400e-01 7.147805e-01 
       9.125102e-01 9.125102e-01 7.093620e-01 
       9.110783e-01 9.106252e-01 7.047902e-01 
       9.096394e-01 9.072837e-01 7.029266e-01 
       9.082006e-01 9.039422e-01 7.010630e-01 
       9.067617e-01 9.006008e-01 6.991995e-01 
       9.053210e-01 8.972496e-01 6.973320e-01 
       9.038728e-01 8.938569e-01 6.954482e-01 
       9.024245e-01 8.904643e-01 6.935644e-01 
       9.009763e-01 8.870717e-01 6.916806e-01 
       8.995267e-01 8.836715e-01 6.897937e-01 
       8.980690e-01 8.802255e-01 6.878886e-01 
       8.966114e-01 8.767795e-01 6.859836e-01 
       8.951537e-01 8.733335e-01 6.840785e-01 
       8.936951e-01 8.698822e-01 6.821713e-01 
       8.922279e-01 8.663799e-01 6.802445e-01 
       8.907606e-01 8.628776e-01 6.783177e-01 
       8.892933e-01 8.593752e-01 6.763909e-01 
       8.878255e-01 8.558701e-01 6.744630e-01 
       8.863484e-01 8.523088e-01 6.725140e-01 
       8.848712e-01 8.487474e-01 6.705649e-01 
       8.833940e-01 8.451861e-01 6.686159e-01 
       8.819169e-01 8.416247e-01 6.666668e-01 
       8.804296e-01 8.380016e-01 6.646941e-01 
       8.789423e-01 8.343784e-01 6.627213e-01 
       8.774550e-01 8.307553e-01 6.607485e-01 
       8.759677e-01 8.271322e-01 6.587758e-01 
       8.744705e-01 8.234465e-01 6.567802e-01 
       8.729728e-01 8.197577e-01 6.547834e-01 
       8.714752e-01 8.160688e-01 6.527867e-01 
       8.699775e-01 8.123800e-01 6.507900e-01 
       8.684704e-01 8.086288e-01 6.487704e-01 
       8.669624e-01 8.048710e-01 6.467485e-01 
       8.654543e-01 8.011132e-01 6.447266e-01 
       8.639463e-01 7.973555e-01 6.427047e-01 
       8.624291e-01 7.935350e-01 6.406603e-01 
       8.609105e-01 7.897041e-01 6.386122e-01 
       8.593918e-01 7.858732e-01 6.365640e-01 
       8.578731e-01 7.820423e-01 6.345159e-01 
       8.563454e-01 7.781486e-01 6.324460e-01 
       8.548157e-01 7.742401e-01 6.303709e-01 
       8.532859e-01 7.703317e-01 6.282959e-01 
       8.517561e-01 7.664232e-01 6.262208e-01 
       8.502176e-01 7.624516e-01 6.241241e-01 
       8.486765e-01 7.584604e-01 6.220207e-01 
       8.471353e-01 7.544692e-01 6.199172e-01 
       8.455942e-01 7.504779e-01 6.178138e-01 
       8.440449e-01 7.464240e-01 6.156895e-01 
       8.424924e-01 7.423451e-01 6.135569e-01 
       8.409398e-01 7.382661e-01 6.114242e-01 
       8.393873e-01 7.341872e-01 6.092916e-01 
       8.378271e-01 7.300455e-01 6.071384e-01 
       8.362629e-01 7.258724e-01 6.049749e-01 
       8.346988e-01 7.216993e-01 6.028114e-01 
       8.331347e-01 7.175263e-01 6.006479e-01 
       8.315632e-01 7.132908e-01 5.984646e-01 
       8.299872e-01 7.090169e-01 5.962689e-01 
       8.284112e-01 7.047430e-01 5.940733e-01 
       8.268352e-01 7.004691e-01 5.918777e-01 
       8.252520e-01 6.961333e-01 5.896629e-01 
       8.236635e-01 6.917509e-01 5.874337e-01 
       8.220749e-01 6.873686e-01 5.852045e-01 
       8.204863e-01 6.829863e-01 5.829753e-01 
       8.188913e-01 6.785426e-01 5.807279e-01 
       8.172904e-01 6.740432e-01 5.784640e-01 
       8.156896e-01 6.695438e-01 5.762000e-01 
       8.140887e-01 6.650444e-01 5.739361e-01 
       8.124817e-01 6.604842e-01 5.716545e-01 
       8.108679e-01 6.558570e-01 5.693534e-01 
       8.092542e-01 6.512298e-01 5.670523e-01 
       8.076404e-01 6.466027e-01 5.647512e-01 
       8.060209e-01 6.419162e-01 5.624336e-01 
       8.043937e-01 6.371507e-01 5.600939e-01 
       8.027666e-01 6.323852e-01 5.577543e-01 
       8.011395e-01 6.276196e-01 5.554146e-01 
       7.995073e-01 6.227963e-01 5.530595e-01 
       7.978668e-01 6.178788e-01 5.506790e-01 
       7.962263e-01 6.129613e-01 5.482986e-01 
       7.945858e-01 6.080439e-01 5.459182e-01 
       7.929408e-01 6.030706e-01 5.435235e-01 
       7.912864e-01 5.979856e-01 5.411001e-01 
       7.896321e-01 5.929006e-01 5.386767e-01 
       7.879778e-01 5.878157e-01 5.362533e-01 
       7.863194e-01 5.826776e-01 5.338170e-01 
       7.846508e-01 5.774069e-01 5.313487e-01 
       7.829822e-01 5.721361e-01 5.288803e-01 
       7.813135e-01 5.668654e-01 5.264119e-01 
       7.796414e-01 5.615452e-01 5.239320e-01 
       7.779582e-01 5.560666e-01 5.214152e-01 
       7.762750e-01 5.505881e-01 5.188984e-01 
       7.745918e-01 5.451096e-01 5.163817e-01 
       7.729057e-01 5.395863e-01 5.138553e-01 
       7.712077e-01 5.338731e-01 5.112881e-01 
       7.695097e-01 5.281599e-01 5.087209e-01 
       7.678116e-01 5.224466e-01 5.061537e-01 
       7.661114e-01 5.166952e-01 5.035787e-01 
       7.643980e-01 5.107147e-01 5.009572e-01 
       7.626847e-01 5.047341e-01 4.983357e-01 
       7.609713e-01 4.987535e-01 4.957141e-01 
       7.590382e-01 4.930871e-01 4.930871e-01 
       7.550143e-01 4.904080e-01 4.904080e-01 
       7.509904e-01 4.877289e-01 4.877289e-01 
       7.469666e-01 4.850498e-01 4.850498e-01 
       7.429385e-01 4.823677e-01 4.823677e-01 
       7.388247e-01 4.796271e-01 4.796271e-01 
       7.347109e-01 4.768865e-01 4.768865e-01 
       7.305971e-01 4.741459e-01 4.741459e-01 
