function piyg = piyg()
piyg = [ ... 
       5.568627e-01 3.921569e-03 3.215686e-01 
       5.653210e-01 7.920031e-03 3.281815e-01 
       5.737793e-01 1.191849e-02 3.347943e-01 
       5.822376e-01 1.591696e-02 3.414072e-01 
       5.906959e-01 1.991542e-02 3.480200e-01 
       5.991542e-01 2.391388e-02 3.546328e-01 
       6.076125e-01 2.791234e-02 3.612457e-01 
       6.160707e-01 3.191080e-02 3.678585e-01 
       6.245290e-01 3.590927e-02 3.744714e-01 
       6.329873e-01 3.990773e-02 3.810842e-01 
       6.414456e-01 4.390619e-02 3.876970e-01 
       6.499039e-01 4.790465e-02 3.943099e-01 
       6.583622e-01 5.190311e-02 4.009227e-01 
       6.668205e-01 5.590158e-02 4.075356e-01 
       6.752787e-01 5.990004e-02 4.141484e-01 
       6.837370e-01 6.389850e-02 4.207612e-01 
       6.921953e-01 6.789696e-02 4.273741e-01 
       7.006536e-01 7.189542e-02 4.339869e-01 
       7.091119e-01 7.589389e-02 4.405998e-01 
       7.175702e-01 7.989235e-02 4.472126e-01 
       7.260285e-01 8.389081e-02 4.538255e-01 
       7.344867e-01 8.788927e-02 4.604383e-01 
       7.429450e-01 9.188774e-02 4.670511e-01 
       7.514033e-01 9.588620e-02 4.736640e-01 
       7.598616e-01 9.988466e-02 4.802768e-01 
       7.683199e-01 1.038831e-01 4.868897e-01 
       7.744714e-01 1.129566e-01 4.939639e-01 
       7.783160e-01 1.271050e-01 5.014994e-01 
       7.821607e-01 1.412534e-01 5.090350e-01 
       7.860054e-01 1.554018e-01 5.165705e-01 
       7.898501e-01 1.695502e-01 5.241061e-01 
       7.936947e-01 1.836986e-01 5.316417e-01 
       7.975394e-01 1.978470e-01 5.391772e-01 
       8.013841e-01 2.119954e-01 5.467128e-01 
       8.052288e-01 2.261438e-01 5.542484e-01 
       8.090734e-01 2.402922e-01 5.617839e-01 
       8.129181e-01 2.544406e-01 5.693195e-01 
       8.167628e-01 2.685890e-01 5.768551e-01 
       8.206075e-01 2.827374e-01 5.843906e-01 
       8.244521e-01 2.968858e-01 5.919262e-01 
       8.282968e-01 3.110342e-01 5.994617e-01 
       8.321415e-01 3.251826e-01 6.069973e-01 
       8.359862e-01 3.393310e-01 6.145329e-01 
       8.398308e-01 3.534794e-01 6.220684e-01 
       8.436755e-01 3.676278e-01 6.296040e-01 
       8.475202e-01 3.817762e-01 6.371396e-01 
       8.513649e-01 3.959246e-01 6.446751e-01 
       8.552095e-01 4.100730e-01 6.522107e-01 
       8.590542e-01 4.242215e-01 6.597463e-01 
       8.628989e-01 4.383699e-01 6.672818e-01 
       8.667436e-01 4.525183e-01 6.748174e-01 
       8.705882e-01 4.666667e-01 6.823529e-01 
       8.735102e-01 4.763552e-01 6.891196e-01 
       8.764321e-01 4.860438e-01 6.958862e-01 
       8.793541e-01 4.957324e-01 7.026528e-01 
       8.822760e-01 5.054210e-01 7.094195e-01 
       8.851980e-01 5.151096e-01 7.161861e-01 
       8.881200e-01 5.247982e-01 7.229527e-01 
       8.910419e-01 5.344867e-01 7.297193e-01 
       8.939639e-01 5.441753e-01 7.364860e-01 
       8.968858e-01 5.538639e-01 7.432526e-01 
       8.998078e-01 5.635525e-01 7.500192e-01 
       9.027297e-01 5.732411e-01 7.567859e-01 
       9.056517e-01 5.829296e-01 7.635525e-01 
       9.085736e-01 5.926182e-01 7.703191e-01 
       9.114956e-01 6.023068e-01 7.770857e-01 
       9.144175e-01 6.119954e-01 7.838524e-01 
       9.173395e-01 6.216840e-01 7.906190e-01 
       9.202614e-01 6.313725e-01 7.973856e-01 
       9.231834e-01 6.410611e-01 8.041522e-01 
       9.261053e-01 6.507497e-01 8.109189e-01 
       9.290273e-01 6.604383e-01 8.176855e-01 
       9.319493e-01 6.701269e-01 8.244521e-01 
       9.348712e-01 6.798155e-01 8.312188e-01 
       9.377932e-01 6.895040e-01 8.379854e-01 
       9.407151e-01 6.991926e-01 8.447520e-01 
       9.436371e-01 7.088812e-01 8.515186e-01 
       9.460208e-01 7.169550e-01 8.565167e-01 
       9.478662e-01 7.234141e-01 8.597463e-01 
       9.497116e-01 7.298731e-01 8.629758e-01 
       9.515571e-01 7.363322e-01 8.662053e-01 
       9.534025e-01 7.427912e-01 8.694348e-01 
       9.552480e-01 7.492503e-01 8.726644e-01 
       9.570934e-01 7.557093e-01 8.758939e-01 
       9.589389e-01 7.621684e-01 8.791234e-01 
       9.607843e-01 7.686275e-01 8.823529e-01 
       9.626298e-01 7.750865e-01 8.855825e-01 
       9.644752e-01 7.815456e-01 8.888120e-01 
       9.663206e-01 7.880046e-01 8.920415e-01 
       9.681661e-01 7.944637e-01 8.952710e-01 
       9.700115e-01 8.009227e-01 8.985006e-01 
       9.718570e-01 8.073818e-01 9.017301e-01 
       9.737024e-01 8.138408e-01 9.049596e-01 
       9.755479e-01 8.202999e-01 9.081892e-01 
       9.773933e-01 8.267589e-01 9.114187e-01 
       9.792388e-01 8.332180e-01 9.146482e-01 
       9.810842e-01 8.396770e-01 9.178777e-01 
       9.829296e-01 8.461361e-01 9.211073e-01 
       9.847751e-01 8.525952e-01 9.243368e-01 
       9.866205e-01 8.590542e-01 9.275663e-01 
       9.884660e-01 8.655133e-01 9.307958e-01 
       9.903114e-01 8.719723e-01 9.340254e-01 
       9.921569e-01 8.784314e-01 9.372549e-01 
       9.912341e-01 8.819685e-01 9.384852e-01 
       9.903114e-01 8.855056e-01 9.397155e-01 
       9.893887e-01 8.890427e-01 9.409458e-01 
       9.884660e-01 8.925798e-01 9.421761e-01 
       9.875433e-01 8.961169e-01 9.434064e-01 
       9.866205e-01 8.996540e-01 9.446367e-01 
       9.856978e-01 9.031911e-01 9.458670e-01 
       9.847751e-01 9.067282e-01 9.470973e-01 
       9.838524e-01 9.102653e-01 9.483276e-01 
       9.829296e-01 9.138024e-01 9.495579e-01 
       9.820069e-01 9.173395e-01 9.507882e-01 
       9.810842e-01 9.208766e-01 9.520185e-01 
       9.801615e-01 9.244137e-01 9.532488e-01 
       9.792388e-01 9.279508e-01 9.544790e-01 
       9.783160e-01 9.314879e-01 9.557093e-01 
       9.773933e-01 9.350250e-01 9.569396e-01 
       9.764706e-01 9.385621e-01 9.581699e-01 
       9.755479e-01 9.420992e-01 9.594002e-01 
       9.746251e-01 9.456363e-01 9.606305e-01 
       9.737024e-01 9.491734e-01 9.618608e-01 
       9.727797e-01 9.527105e-01 9.630911e-01 
       9.718570e-01 9.562476e-01 9.643214e-01 
       9.709343e-01 9.597847e-01 9.655517e-01 
       9.700115e-01 9.633218e-01 9.667820e-01 
       9.690888e-01 9.668589e-01 9.680123e-01 
       9.673203e-01 9.684737e-01 9.656286e-01 
       9.647059e-01 9.681661e-01 9.596309e-01 
       9.620915e-01 9.678585e-01 9.536332e-01 
       9.594771e-01 9.675509e-01 9.476355e-01 
       9.568627e-01 9.672434e-01 9.416378e-01 
       9.542484e-01 9.669358e-01 9.356401e-01 
       9.516340e-01 9.666282e-01 9.296424e-01 
       9.490196e-01 9.663206e-01 9.236448e-01 
       9.464052e-01 9.660131e-01 9.176471e-01 
       9.437908e-01 9.657055e-01 9.116494e-01 
       9.411765e-01 9.653979e-01 9.056517e-01 
       9.385621e-01 9.650903e-01 8.996540e-01 
       9.359477e-01 9.647828e-01 8.936563e-01 
       9.333333e-01 9.644752e-01 8.876586e-01 
       9.307190e-01 9.641676e-01 8.816609e-01 
       9.281046e-01 9.638601e-01 8.756632e-01 
       9.254902e-01 9.635525e-01 8.696655e-01 
       9.228758e-01 9.632449e-01 8.636678e-01 
       9.202614e-01 9.629373e-01 8.576701e-01 
       9.176471e-01 9.626298e-01 8.516724e-01 
       9.150327e-01 9.623222e-01 8.456747e-01 
       9.124183e-01 9.620146e-01 8.396770e-01 
       9.098039e-01 9.617070e-01 8.336794e-01 
       9.071895e-01 9.613995e-01 8.276817e-01 
       9.045752e-01 9.610919e-01 8.216840e-01 
       9.019608e-01 9.607843e-01 8.156863e-01 
       8.948866e-01 9.577086e-01 8.043060e-01 
       8.878124e-01 9.546328e-01 7.929258e-01 
       8.807382e-01 9.515571e-01 7.815456e-01 
       8.736640e-01 9.484814e-01 7.701653e-01 
       8.665898e-01 9.454056e-01 7.587851e-01 
       8.595156e-01 9.423299e-01 7.474048e-01 
       8.524414e-01 9.392541e-01 7.360246e-01 
       8.453672e-01 9.361784e-01 7.246444e-01 
       8.382930e-01 9.331027e-01 7.132641e-01 
       8.312188e-01 9.300269e-01 7.018839e-01 
       8.241446e-01 9.269512e-01 6.905037e-01 
       8.170704e-01 9.238754e-01 6.791234e-01 
       8.099962e-01 9.207997e-01 6.677432e-01 
       8.029220e-01 9.177240e-01 6.563629e-01 
       7.958478e-01 9.146482e-01 6.449827e-01 
