function plasma_r = plasma_r()
plasma_r = [ ... 
       9.400150e-01 9.751580e-01 1.313260e-01 
       9.418960e-01 9.685900e-01 1.409560e-01 
       9.441520e-01 9.619160e-01 1.468610e-01 
       9.466020e-01 9.551900e-01 1.503280e-01 
       9.491510e-01 9.484350e-01 1.521780e-01 
       9.517260e-01 9.416710e-01 1.529250e-01 
       9.542870e-01 9.349080e-01 1.529210e-01 
       9.568080e-01 9.281520e-01 1.524090e-01 
       9.592760e-01 9.214070e-01 1.515660e-01 
       9.616810e-01 9.146720e-01 1.505200e-01 
       9.640210e-01 9.079500e-01 1.493700e-01 
       9.662710e-01 9.012490e-01 1.481800e-01 
       9.684430e-01 8.945640e-01 1.470140e-01 
       9.705330e-01 8.878960e-01 1.459190e-01 
       9.725300e-01 8.812500e-01 1.449230e-01 
       9.744430e-01 8.746220e-01 1.440610e-01 
       9.762650e-01 8.680160e-01 1.433510e-01 
       9.779950e-01 8.614320e-01 1.428080e-01 
       9.796440e-01 8.548660e-01 1.424530e-01 
       9.811900e-01 8.483290e-01 1.422790e-01 
       9.826530e-01 8.418120e-01 1.423030e-01 
       9.840310e-01 8.353150e-01 1.425280e-01 
       9.853140e-01 8.288460e-01 1.429450e-01 
       9.865090e-01 8.224010e-01 1.435570e-01 
       9.876210e-01 8.159780e-01 1.443630e-01 
       9.886480e-01 8.095790e-01 1.453570e-01 
       9.895870e-01 8.032050e-01 1.465290e-01 
       9.904390e-01 7.968590e-01 1.478700e-01 
       9.912090e-01 7.905370e-01 1.493770e-01 
       9.918970e-01 7.842390e-01 1.510420e-01 
       9.925050e-01 7.779670e-01 1.528550e-01 
       9.930330e-01 7.717200e-01 1.548080e-01 
       9.934820e-01 7.654990e-01 1.568910e-01 
       9.938510e-01 7.593040e-01 1.590920e-01 
       9.941410e-01 7.531370e-01 1.614040e-01 
       9.943550e-01 7.469950e-01 1.638210e-01 
       9.944950e-01 7.408800e-01 1.663350e-01 
       9.945610e-01 7.347910e-01 1.689380e-01 
       9.945530e-01 7.287280e-01 1.716220e-01 
       9.944740e-01 7.226910e-01 1.743810e-01 
       9.943240e-01 7.166810e-01 1.772080e-01 
       9.941030e-01 7.106980e-01 1.800970e-01 
       9.938140e-01 7.047410e-01 1.830430e-01 
       9.934560e-01 6.988100e-01 1.860410e-01 
       9.930320e-01 6.929070e-01 1.890840e-01 
       9.925410e-01 6.870300e-01 1.921700e-01 
       9.919850e-01 6.811790e-01 1.952950e-01 
       9.913650e-01 6.753550e-01 1.984530e-01 
       9.906810e-01 6.695580e-01 2.016420e-01 
       9.899350e-01 6.637870e-01 2.048590e-01 
       9.891280e-01 6.580430e-01 2.081000e-01 
       9.882600e-01 6.523250e-01 2.113640e-01 
       9.873320e-01 6.466330e-01 2.146480e-01 
       9.863450e-01 6.409690e-01 2.179480e-01 
       9.853010e-01 6.353300e-01 2.212650e-01 
       9.841990e-01 6.297180e-01 2.245950e-01 
       9.830410e-01 6.241310e-01 2.279370e-01 
       9.818260e-01 6.185720e-01 2.312870e-01 
       9.805560e-01 6.130390e-01 2.346460e-01 
       9.792330e-01 6.075320e-01 2.380130e-01 
       9.778560e-01 6.020510e-01 2.413870e-01 
       9.764280e-01 5.965950e-01 2.447670e-01 
       9.749470e-01 5.911650e-01 2.481510e-01 
       9.734160e-01 5.857610e-01 2.515400e-01 
       9.718350e-01 5.803820e-01 2.549310e-01 
       9.702050e-01 5.750280e-01 2.583250e-01 
       9.685260e-01 5.697000e-01 2.617210e-01 
       9.667980e-01 5.643960e-01 2.651180e-01 
       9.650240e-01 5.591180e-01 2.685130e-01 
       9.632030e-01 5.538650e-01 2.719090e-01 
       9.613360e-01 5.486360e-01 2.753050e-01 
       9.594240e-01 5.434310e-01 2.787010e-01 
       9.574690e-01 5.382500e-01 2.820960e-01 
       9.554700e-01 5.330930e-01 2.854900e-01 
       9.534280e-01 5.279600e-01 2.888830e-01 
       9.513440e-01 5.228500e-01 2.922750e-01 
       9.492170e-01 5.177630e-01 2.956620e-01 
       9.470510e-01 5.126990e-01 2.990490e-01 
       9.448440e-01 5.076580e-01 3.024330e-01 
       9.425980e-01 5.026390e-01 3.058160e-01 
       9.403130e-01 4.976420e-01 3.091970e-01 
       9.379900e-01 4.926670e-01 3.125750e-01 
       9.356300e-01 4.877120e-01 3.159520e-01 
       9.332320e-01 4.827800e-01 3.193250e-01 
       9.307980e-01 4.778670e-01 3.226970e-01 
       9.283290e-01 4.729750e-01 3.260670e-01 
       9.258250e-01 4.681030e-01 3.294350e-01 
       9.232870e-01 4.632510e-01 3.328010e-01 
       9.207140e-01 4.584170e-01 3.361660e-01 
       9.181090e-01 4.536030e-01 3.395290e-01 
       9.154710e-01 4.488070e-01 3.428900e-01 
       9.128000e-01 4.440290e-01 3.462510e-01 
       9.100980e-01 4.392680e-01 3.496100e-01 
       9.073650e-01 4.345240e-01 3.529700e-01 
       9.046010e-01 4.297970e-01 3.563290e-01 
       9.018070e-01 4.250870e-01 3.596880e-01 
       8.989840e-01 4.203920e-01 3.630470e-01 
       8.961310e-01 4.157120e-01 3.664070e-01 
       8.932500e-01 4.110480e-01 3.697680e-01 
       8.903400e-01 4.063980e-01 3.731300e-01 
       8.874020e-01 4.017620e-01 3.764940e-01 
       8.844360e-01 3.971390e-01 3.798600e-01 
       8.814430e-01 3.925290e-01 3.832290e-01 
       8.784230e-01 3.879320e-01 3.866000e-01 
       8.753760e-01 3.833470e-01 3.899760e-01 
       8.723030e-01 3.787740e-01 3.933550e-01 
       8.692030e-01 3.742120e-01 3.967380e-01 
       8.660780e-01 3.696600e-01 4.001260e-01 
       8.629270e-01 3.651190e-01 4.035190e-01 
       8.597500e-01 3.605880e-01 4.069170e-01 
       8.565470e-01 3.560660e-01 4.103220e-01 
       8.533190e-01 3.515530e-01 4.137340e-01 
       8.500660e-01 3.470480e-01 4.171530e-01 
       8.467880e-01 3.425510e-01 4.205790e-01 
       8.434840e-01 3.380620e-01 4.240130e-01 
       8.401550e-01 3.335800e-01 4.274550e-01 
       8.368010e-01 3.291050e-01 4.309050e-01 
       8.334220e-01 3.246350e-01 4.343660e-01 
       8.300180e-01 3.201720e-01 4.378360e-01 
       8.265880e-01 3.157140e-01 4.413160e-01 
       8.231320e-01 3.112610e-01 4.448060e-01 
       8.196510e-01 3.068120e-01 4.483060e-01 
       8.161440e-01 3.023680e-01 4.518160e-01 
       8.126120e-01 2.979280e-01 4.553380e-01 
       8.090520e-01 2.934910e-01 4.588700e-01 
       8.054670e-01 2.890570e-01 4.624150e-01 
       8.018550e-01 2.846260e-01 4.659710e-01 
       7.982160e-01 2.801970e-01 4.695380e-01 
       7.945490e-01 2.757700e-01 4.731170e-01 
       7.908550e-01 2.713450e-01 4.767060e-01 
       7.871330e-01 2.669220e-01 4.803070e-01 
       7.833830e-01 2.625000e-01 4.839180e-01 
       7.796040e-01 2.580780e-01 4.875390e-01 
       7.757960e-01 2.536580e-01 4.911710e-01 
       7.719580e-01 2.492370e-01 4.948130e-01 
       7.680900e-01 2.448170e-01 4.984650e-01 
       7.641930e-01 2.403960e-01 5.021260e-01 
       7.602640e-01 2.359760e-01 5.057940e-01 
       7.563040e-01 2.315550e-01 5.094680e-01 
       7.523120e-01 2.271330e-01 5.131490e-01 
       7.482890e-01 2.227110e-01 5.168340e-01 
       7.442320e-01 2.182880e-01 5.205240e-01 
       7.401430e-01 2.138640e-01 5.242160e-01 
       7.360190e-01 2.094390e-01 5.279080e-01 
       7.318620e-01 2.050130e-01 5.316010e-01 
       7.276700e-01 2.005860e-01 5.352930e-01 
       7.234440e-01 1.961580e-01 5.389810e-01 
       7.191810e-01 1.917290e-01 5.426630e-01 
       7.148830e-01 1.872990e-01 5.463380e-01 
       7.105490e-01 1.828680e-01 5.500040e-01 
       7.061780e-01 1.784370e-01 5.536570e-01 
       7.017690e-01 1.740050e-01 5.572960e-01 
       6.973240e-01 1.695730e-01 5.609190e-01 
       6.928400e-01 1.651410e-01 5.645220e-01 
       6.883180e-01 1.607090e-01 5.681030e-01 
       6.837580e-01 1.562780e-01 5.716600e-01 
       6.791600e-01 1.518480e-01 5.751890e-01 
       6.745220e-01 1.474190e-01 5.786880e-01 
       6.698450e-01 1.429920e-01 5.821540e-01 
       6.651290e-01 1.385660e-01 5.855820e-01 
       6.603740e-01 1.341440e-01 5.889710e-01 
       6.555800e-01 1.297250e-01 5.923170e-01 
       6.507460e-01 1.253090e-01 5.956170e-01 
       6.458720e-01 1.208980e-01 5.988670e-01 
       6.409590e-01 1.164920e-01 6.020650e-01 
       6.360080e-01 1.120920e-01 6.052050e-01 
       6.310170e-01 1.076990e-01 6.082870e-01 
       6.259870e-01 1.033120e-01 6.113050e-01 
       6.209190e-01 9.893400e-02 6.142570e-01 
