function prgn_r = prgn_r()
prgn_r = [ ... 
       0 2.666667e-01 1.058824e-01 
       4.152249e-03 2.746636e-01 1.101884e-01 
       8.304498e-03 2.826605e-01 1.144944e-01 
       1.245675e-02 2.906574e-01 1.188005e-01 
       1.660900e-02 2.986544e-01 1.231065e-01 
       2.076125e-02 3.066513e-01 1.274125e-01 
       2.491349e-02 3.146482e-01 1.317186e-01 
       2.906574e-02 3.226451e-01 1.360246e-01 
       3.321799e-02 3.306421e-01 1.403306e-01 
       3.737024e-02 3.386390e-01 1.446367e-01 
       4.152249e-02 3.466359e-01 1.489427e-01 
       4.567474e-02 3.546328e-01 1.532488e-01 
       4.982699e-02 3.626298e-01 1.575548e-01 
       5.397924e-02 3.706267e-01 1.618608e-01 
       5.813149e-02 3.786236e-01 1.661669e-01 
       6.228374e-02 3.866205e-01 1.704729e-01 
       6.643599e-02 3.946175e-01 1.747789e-01 
       7.058824e-02 4.026144e-01 1.790850e-01 
       7.474048e-02 4.106113e-01 1.833910e-01 
       7.889273e-02 4.186082e-01 1.876970e-01 
       8.304498e-02 4.266052e-01 1.920031e-01 
       8.719723e-02 4.346021e-01 1.963091e-01 
       9.134948e-02 4.425990e-01 2.006151e-01 
       9.550173e-02 4.505959e-01 2.049212e-01 
       9.965398e-02 4.585928e-01 2.092272e-01 
       1.038062e-01 4.665898e-01 2.135333e-01 
       1.107266e-01 4.747405e-01 2.189158e-01 
       1.204152e-01 4.830450e-01 2.253749e-01 
       1.301038e-01 4.913495e-01 2.318339e-01 
       1.397924e-01 4.996540e-01 2.382930e-01 
       1.494810e-01 5.079585e-01 2.447520e-01 
       1.591696e-01 5.162630e-01 2.512111e-01 
       1.688581e-01 5.245675e-01 2.576701e-01 
       1.785467e-01 5.328720e-01 2.641292e-01 
       1.882353e-01 5.411765e-01 2.705882e-01 
       1.979239e-01 5.494810e-01 2.770473e-01 
       2.076125e-01 5.577855e-01 2.835063e-01 
       2.173010e-01 5.660900e-01 2.899654e-01 
       2.269896e-01 5.743945e-01 2.964245e-01 
       2.366782e-01 5.826990e-01 3.028835e-01 
       2.463668e-01 5.910035e-01 3.093426e-01 
       2.560554e-01 5.993080e-01 3.158016e-01 
       2.657439e-01 6.076125e-01 3.222607e-01 
       2.754325e-01 6.159170e-01 3.287197e-01 
       2.851211e-01 6.242215e-01 3.351788e-01 
       2.948097e-01 6.325260e-01 3.416378e-01 
       3.044983e-01 6.408304e-01 3.480969e-01 
       3.141869e-01 6.491349e-01 3.545559e-01 
       3.238754e-01 6.574394e-01 3.610150e-01 
       3.335640e-01 6.657439e-01 3.674740e-01 
       3.432526e-01 6.740484e-01 3.739331e-01 
       3.529412e-01 6.823529e-01 3.803922e-01 
       3.646290e-01 6.892734e-01 3.900807e-01 
       3.763168e-01 6.961938e-01 3.997693e-01 
       3.880046e-01 7.031142e-01 4.094579e-01 
       3.996924e-01 7.100346e-01 4.191465e-01 
       4.113802e-01 7.169550e-01 4.288351e-01 
       4.230681e-01 7.238754e-01 4.385236e-01 
       4.347559e-01 7.307958e-01 4.482122e-01 
       4.464437e-01 7.377163e-01 4.579008e-01 
       4.581315e-01 7.446367e-01 4.675894e-01 
       4.698193e-01 7.515571e-01 4.772780e-01 
       4.815071e-01 7.584775e-01 4.869666e-01 
       4.931949e-01 7.653979e-01 4.966551e-01 
       5.048827e-01 7.723183e-01 5.063437e-01 
       5.165705e-01 7.792388e-01 5.160323e-01 
       5.282584e-01 7.861592e-01 5.257209e-01 
       5.399462e-01 7.930796e-01 5.354095e-01 
       5.516340e-01 8.000000e-01 5.450980e-01 
       5.633218e-01 8.069204e-01 5.547866e-01 
       5.750096e-01 8.138408e-01 5.644752e-01 
       5.866974e-01 8.207612e-01 5.741638e-01 
       5.983852e-01 8.276817e-01 5.838524e-01 
       6.100730e-01 8.346021e-01 5.935409e-01 
       6.217609e-01 8.415225e-01 6.032295e-01 
       6.334487e-01 8.484429e-01 6.129181e-01 
       6.451365e-01 8.553633e-01 6.226067e-01 
       6.549020e-01 8.604383e-01 6.313725e-01 
       6.627451e-01 8.636678e-01 6.392157e-01 
       6.705882e-01 8.668973e-01 6.470588e-01 
       6.784314e-01 8.701269e-01 6.549020e-01 
       6.862745e-01 8.733564e-01 6.627451e-01 
       6.941176e-01 8.765859e-01 6.705882e-01 
       7.019608e-01 8.798155e-01 6.784314e-01 
       7.098039e-01 8.830450e-01 6.862745e-01 
       7.176471e-01 8.862745e-01 6.941176e-01 
       7.254902e-01 8.895040e-01 7.019608e-01 
       7.333333e-01 8.927336e-01 7.098039e-01 
       7.411765e-01 8.959631e-01 7.176471e-01 
       7.490196e-01 8.991926e-01 7.254902e-01 
       7.568627e-01 9.024221e-01 7.333333e-01 
       7.647059e-01 9.056517e-01 7.411765e-01 
       7.725490e-01 9.088812e-01 7.490196e-01 
       7.803922e-01 9.121107e-01 7.568627e-01 
       7.882353e-01 9.153403e-01 7.647059e-01 
       7.960784e-01 9.185698e-01 7.725490e-01 
       8.039216e-01 9.217993e-01 7.803922e-01 
       8.117647e-01 9.250288e-01 7.882353e-01 
       8.196078e-01 9.282584e-01 7.960784e-01 
       8.274510e-01 9.314879e-01 8.039216e-01 
       8.352941e-01 9.347174e-01 8.117647e-01 
       8.431373e-01 9.379469e-01 8.196078e-01 
       8.509804e-01 9.411765e-01 8.274510e-01 
       8.555940e-01 9.422530e-01 8.329873e-01 
       8.602076e-01 9.433295e-01 8.385236e-01 
       8.648212e-01 9.444060e-01 8.440600e-01 
       8.694348e-01 9.454825e-01 8.495963e-01 
       8.740484e-01 9.465590e-01 8.551326e-01 
       8.786621e-01 9.476355e-01 8.606690e-01 
       8.832757e-01 9.487120e-01 8.662053e-01 
       8.878893e-01 9.497885e-01 8.717416e-01 
       8.925029e-01 9.508651e-01 8.772780e-01 
       8.971165e-01 9.519416e-01 8.828143e-01 
       9.017301e-01 9.530181e-01 8.883506e-01 
       9.063437e-01 9.540946e-01 8.938870e-01 
       9.109573e-01 9.551711e-01 8.994233e-01 
       9.155709e-01 9.562476e-01 9.049596e-01 
       9.201845e-01 9.573241e-01 9.104960e-01 
       9.247982e-01 9.584006e-01 9.160323e-01 
       9.294118e-01 9.594771e-01 9.215686e-01 
       9.340254e-01 9.605536e-01 9.271050e-01 
       9.386390e-01 9.616301e-01 9.326413e-01 
       9.432526e-01 9.627067e-01 9.381776e-01 
       9.478662e-01 9.637832e-01 9.437140e-01 
       9.524798e-01 9.648597e-01 9.492503e-01 
       9.570934e-01 9.659362e-01 9.547866e-01 
       9.617070e-01 9.670127e-01 9.603230e-01 
       9.663206e-01 9.680892e-01 9.658593e-01 
       9.673972e-01 9.659362e-01 9.674740e-01 
       9.649366e-01 9.605536e-01 9.651672e-01 
       9.624760e-01 9.551711e-01 9.628604e-01 
       9.600154e-01 9.497885e-01 9.605536e-01 
       9.575548e-01 9.444060e-01 9.582468e-01 
       9.550942e-01 9.390235e-01 9.559400e-01 
       9.526336e-01 9.336409e-01 9.536332e-01 
       9.501730e-01 9.282584e-01 9.513264e-01 
       9.477124e-01 9.228758e-01 9.490196e-01 
       9.452518e-01 9.174933e-01 9.467128e-01 
       9.427912e-01 9.121107e-01 9.444060e-01 
       9.403306e-01 9.067282e-01 9.420992e-01 
       9.378700e-01 9.013456e-01 9.397924e-01 
       9.354095e-01 8.959631e-01 9.374856e-01 
       9.329489e-01 8.905805e-01 9.351788e-01 
       9.304883e-01 8.851980e-01 9.328720e-01 
       9.280277e-01 8.798155e-01 9.305652e-01 
       9.255671e-01 8.744329e-01 9.282584e-01 
       9.231065e-01 8.690504e-01 9.259516e-01 
       9.206459e-01 8.636678e-01 9.236448e-01 
       9.181853e-01 8.582853e-01 9.213379e-01 
       9.157247e-01 8.529027e-01 9.190311e-01 
       9.132641e-01 8.475202e-01 9.167243e-01 
       9.108035e-01 8.421376e-01 9.144175e-01 
       9.083429e-01 8.367551e-01 9.121107e-01 
       9.058824e-01 8.313725e-01 9.098039e-01 
       9.001922e-01 8.241446e-01 9.059592e-01 
       8.945021e-01 8.169166e-01 9.021146e-01 
       8.888120e-01 8.096886e-01 8.982699e-01 
       8.831219e-01 8.024606e-01 8.944252e-01 
       8.774318e-01 7.952326e-01 8.905805e-01 
       8.717416e-01 7.880046e-01 8.867359e-01 
       8.660515e-01 7.807766e-01 8.828912e-01 
       8.603614e-01 7.735486e-01 8.790465e-01 
       8.546713e-01 7.663206e-01 8.752018e-01 
       8.489812e-01 7.590927e-01 8.713572e-01 
       8.432910e-01 7.518647e-01 8.675125e-01 
       8.376009e-01 7.446367e-01 8.636678e-01 
       8.319108e-01 7.374087e-01 8.598231e-01 
       8.262207e-01 7.301807e-01 8.559785e-01 
       8.205306e-01 7.229527e-01 8.521338e-01 
