function prism_r = prism_r()
prism_r = [ ... 
       3.295071e-01 9.982549e-01 0 
       5.109044e-01 1 0 
       7.027915e-01 1 0 
       8.925165e-01 1 0 
       1 9.659545e-01 0 
       1 8.437470e-01 0 
       1 6.876660e-01 0 
       1 5.080026e-01 0 
       1 3.166027e-01 0 
       1 1.260862e-01 0 
       1 0 0 
       1 0 5.420765e-03 
       1 0 2.853554e-01 
       8.667905e-01 0 5.464753e-01 
       6.760059e-01 0 7.715638e-01 
       4.848254e-01 0 9.457798e-01 
       3.058541e-01 0 1 
       1.508926e-01 0 1 
       3.015806e-02 0 1 
       0 1.145534e-01 9.684715e-01 
       0 3.045949e-01 8.037184e-01 
       0 4.963115e-01 5.859728e-01 
       5.133399e-03 6.770625e-01 3.295914e-01 
       1.154322e-01 8.349302e-01 5.147867e-02 
       2.622960e-01 9.595057e-01 0 
       4.360414e-01 1 0 
       6.252128e-01 1 0 
       8.173371e-01 1 0 
       9.997469e-01 1 0 
       1 8.974443e-01 0 
       1 7.538523e-01 0 
       1 5.823139e-01 0 
       1 3.941394e-01 0 
       1 2.017359e-01 0 
       1 1.778941e-02 0 
       1 0 0 
       1 0 1.740854e-01 
       9.405004e-01 0 4.449329e-01 
       7.534487e-01 0 6.864441e-01 
       5.608948e-01 0 8.826951e-01 
       3.755347e-01 0 1 
       2.095900e-01 0 1 
       7.400201e-02 0 1 
       0 4.149418e-02 1 
       0 2.272979e-01 8.770016e-01 
       0 4.198733e-01 6.790060e-01 
       0 6.065229e-01 4.362407e-01 
       6.623828e-02 7.749402e-01 1.647122e-01 
       1.994473e-01 9.140207e-01 0 
       3.636819e-01 1 0 
       5.481133e-01 1 0 
       7.405812e-01 1 0 
       9.283955e-01 1 0 
       1 9.450698e-01 0 
       1 8.155033e-01 0 
       1 6.539254e-01 0 
       1 4.709898e-01 0 
       1 2.787581e-01 0 
       1 8.990496e-02 0 
       1 0 0 
       1 0 6.095262e-02 
       1 0 3.386296e-01 
       8.299985e-01 0 5.939792e-01 
       6.381317e-01 0 8.101653e-01 
       4.483661e-01 0 9.729337e-01 
       2.732138e-01 0 1 
       1.242232e-01 0 1 
       1.121812e-02 0 1 
       0 1.510999e-01 9.409007e-01 
       0 3.424734e-01 7.647738e-01 
       0 5.330245e-01 5.382222e-01 
       2.350473e-02 7.101893e-01 2.761833e-01 
       1.416336e-01 8.622866e-01 0 
       2.946000e-01 9.792879e-01 0 
       4.723180e-01 1 0 
       6.630701e-01 1 0 
       8.542791e-01 1 0 
       1 9.861140e-01 0 
       1 8.719593e-01 0 
       1 7.220709e-01 0 
       1 5.463315e-01 0 
       1 3.563285e-01 0 
       1 1.645896e-01 0 
       1 0 0 
       1 0 0 
       1 0 2.287029e-01 
       9.048363e-01 0 4.951587e-01 
       7.157095e-01 0 7.289666e-01 
       5.235690e-01 0 9.147107e-01 
       3.410832e-01 0 1 
       1.802844e-01 0 1 
       5.177455e-02 0 1 
       0 7.681612e-02 9.947320e-01 
       0 2.649400e-01 8.423584e-01 
       0 4.573536e-01 6.344446e-01 
       0 6.413702e-01 3.846992e-01 
       8.947356e-02 8.048569e-01 1.095888e-01 
       2.295349e-01 9.370342e-01 0 
       3.986380e-01 1 0 
       5.856331e-01 1 0 
       7.781910e-01 1 0 
       9.636153e-01 1 0 
       1 9.226163e-01 0 
       1 7.860211e-01 0 
       1 6.193585e-01 0 
       1 4.336173e-01 0 
       1 2.410441e-01 0 
       1 5.433619e-02 0 
       1 0 0 
       1 0 1.163290e-01 
       9.771613e-01 0 3.910399e-01 
       7.927983e-01 0 6.399679e-01 
       6.003387e-01 0 8.467001e-01 
       4.124722e-01 0 9.976057e-01 
       2.415855e-01 0 1 
       9.894609e-02 0 1 
       0 5.241450e-03 1 
       0 1.881028e-01 9.109297e-01 
       0 3.803201e-01 7.238784e-01 
       0 5.692195e-01 4.890987e-01 
       4.352522e-02 7.423462e-01 2.220707e-01 
       1.691829e-01 8.882851e-01 0 
       3.278616e-01 9.974139e-01 0 
       5.090989e-01 1 0 
       7.009451e-01 1 0 
       8.907510e-01 1 0 
       1 9.669321e-01 0 
       1 8.450918e-01 0 
       1 6.892893e-01 0 
       1 5.097973e-01 0 
       1 3.184505e-01 0 
       1 1.278652e-01 0 
       1 0 0 
       1 0 2.710391e-03 
       1 0 2.827369e-01 
       8.685731e-01 0 5.441214e-01 
       6.778538e-01 0 7.696297e-01 
       4.866167e-01 0 9.443930e-01 
       3.074708e-01 0 1 
       1.522280e-01 0 1 
       3.112412e-02 0 1 
       0 1.127839e-01 9.697538e-01 
       0 3.027481e-01 8.055665e-01 
       0 4.945091e-01 5.882648e-01 
       4.280258e-03 6.754233e-01 3.321763e-01 
       1.141897e-01 8.335622e-01 5.418594e-02 
       2.607461e-01 9.584992e-01 0 
       4.342864e-01 1 0 
       6.233682e-01 1 0 
       8.155247e-01 1 0 
       9.980861e-01 1 0 
       1 8.986510e-01 0 
       1 7.553756e-01 0 
       1 5.840534e-01 0 
       1 3.959804e-01 0 
       1 2.035571e-01 0 
       1 1.947062e-02 0 
       1 0 0 
       1 0 1.714086e-01 
       9.422232e-01 0 4.424528e-01 
       7.552849e-01 0 6.843241e-01 
       5.627235e-01 0 8.810750e-01 
       3.772352e-01 0 1 
       2.110502e-01 0 1 
       7.512565e-02 0 1 
       0 3.978927e-02 1 
       0 2.254677e-01 8.786350e-01 
       0 4.180383e-01 6.811364e-01 
       0 6.048043e-01 4.387275e-01 
       6.514378e-02 7.734512e-01 1.673915e-01 
       1.980097e-01 9.128595e-01 0 
       3.619960e-01 1 0 
       5.462902e-01 1 0 
       7.387412e-01 1 0 
       9.266598e-01 1 0 
       1 9.461255e-01 0 
       1 8.169104e-01 0 
       1 6.555912e-01 0 
       1 4.728044e-01 0 
       1 2.806019e-01 0 
       1 9.165644e-02 0 
       1 0 0 
       1 0 5.824621e-02 
       1 0 3.360498e-01 
       8.318034e-01 0 5.916961e-01 
       6.399781e-01 0 8.083295e-01 
       4.501322e-01 0 9.716662e-01 
       2.747832e-01 0 1 
       1.254924e-01 0 1 
       1.210340e-02 0 1 
       0 1.493058e-01 9.423019e-01 
       0 3.406256e-01 7.667197e-01 
       0 5.312448e-01 5.405844e-01 
       2.256991e-02 7.085951e-01 2.788060e-01 
       1.403237e-01 8.609830e-01 0 
       2.930013e-01 9.783610e-01 0 
       4.705360e-01 1 0 
       6.612222e-01 1 0 
       8.524872e-01 1 0 
       1 9.870073e-01 0 
       1 8.732351e-01 0 
       1 7.236451e-01 0 
       1 5.481003e-01 0 
       1 3.581753e-01 0 
       1 1.663926e-01 0 
       1 0 0 
       1 0 0 
       1 0 2.260510e-01 
       9.065906e-01 0 4.927369e-01 
       7.175540e-01 0 7.269346e-01 
       5.253819e-01 0 9.132024e-01 
       3.427450e-01 0 1 
       1.816855e-01 0 1 
       5.282267e-02 0 1 
       0 7.507738e-02 9.958860e-01 
       0 2.630992e-01 8.440989e-01 
       0 4.555321e-01 6.366568e-01 
       0 6.396881e-01 3.872372e-01 
       8.830528e-02 8.034250e-01 1.122854e-01 
       2.280405e-01 9.359470e-01 0 
       3.969160e-01 1 0 
       5.837971e-01 1 0 
       7.763620e-01 1 0 
       9.619139e-01 1 0 
       1 9.237471e-01 0 
       1 7.874869e-01 0 
       1 6.210625e-01 0 
       1 4.354472e-01 0 
       1 2.428793e-01 0 
       1 5.605567e-02 0 
       1 0 0 
       1 0 1.136334e-01 
       9.788463e-01 0 3.885054e-01 
       7.946210e-01 0 6.377615e-01 
       6.021789e-01 0 8.449673e-01 
       4.142086e-01 0 9.964608e-01 
       2.431037e-01 0 1 
       1.001458e-01 0 1 
       0 3.576675e-03 1 
       0 1.862886e-01 9.124462e-01 
       0 3.784761e-01 7.259170e-01 
       0 5.674673e-01 4.915249e-01 
       4.251110e-02 7.408013e-01 2.247246e-01 
       1.678088e-01 8.870494e-01 0 
       3.262181e-01 9.965688e-01 0 
       5.072944e-01 1 0 
       6.990986e-01 1 0 
       8.889842e-01 1 0 
       1 9.679059e-01 0 
       1 8.464335e-01 0 
       1 6.909103e-01 0 
       1 5.115908e-01 0 
       1 3.202983e-01 0 
       1 1.296454e-01 0 
       1 0 0 
       1 0 0 ] ; 
