function pubu_r = pubu_r()
pubu_r = [ ... 
       7.843137e-03 2.196078e-01 3.450980e-01 
       8.089196e-03 2.237908e-01 3.516186e-01 
       8.335256e-03 2.279739e-01 3.581392e-01 
       8.581315e-03 2.321569e-01 3.646597e-01 
       8.827374e-03 2.363399e-01 3.711803e-01 
       9.073433e-03 2.405229e-01 3.777009e-01 
       9.319493e-03 2.447059e-01 3.842215e-01 
       9.565552e-03 2.488889e-01 3.907420e-01 
       9.811611e-03 2.530719e-01 3.972626e-01 
       1.005767e-02 2.572549e-01 4.037832e-01 
       1.030373e-02 2.614379e-01 4.103037e-01 
       1.054979e-02 2.656209e-01 4.168243e-01 
       1.079585e-02 2.698039e-01 4.233449e-01 
       1.104191e-02 2.739869e-01 4.298654e-01 
       1.128797e-02 2.781699e-01 4.363860e-01 
       1.153403e-02 2.823529e-01 4.429066e-01 
       1.178008e-02 2.865359e-01 4.494271e-01 
       1.202614e-02 2.907190e-01 4.559477e-01 
       1.227220e-02 2.949020e-01 4.624683e-01 
       1.251826e-02 2.990850e-01 4.689889e-01 
       1.276432e-02 3.032680e-01 4.755094e-01 
       1.301038e-02 3.074510e-01 4.820300e-01 
       1.325644e-02 3.116340e-01 4.885506e-01 
       1.350250e-02 3.158170e-01 4.950711e-01 
       1.374856e-02 3.200000e-01 5.015917e-01 
       1.399462e-02 3.241830e-01 5.081123e-01 
       1.424068e-02 3.283660e-01 5.146328e-01 
       1.448674e-02 3.325490e-01 5.211534e-01 
       1.473280e-02 3.367320e-01 5.276740e-01 
       1.497885e-02 3.409150e-01 5.341945e-01 
       1.522491e-02 3.450980e-01 5.407151e-01 
       1.547097e-02 3.492810e-01 5.472357e-01 
       1.570165e-02 3.532795e-01 5.534794e-01 
       1.582468e-02 3.559862e-01 5.577855e-01 
       1.594771e-02 3.586928e-01 5.620915e-01 
       1.607074e-02 3.613995e-01 5.663975e-01 
       1.619377e-02 3.641061e-01 5.707036e-01 
       1.631680e-02 3.668128e-01 5.750096e-01 
       1.643983e-02 3.695194e-01 5.793156e-01 
       1.656286e-02 3.722261e-01 5.836217e-01 
       1.668589e-02 3.749327e-01 5.879277e-01 
       1.680892e-02 3.776394e-01 5.922338e-01 
       1.693195e-02 3.803460e-01 5.965398e-01 
       1.705498e-02 3.830527e-01 6.008458e-01 
       1.717801e-02 3.857593e-01 6.051519e-01 
       1.730104e-02 3.884660e-01 6.094579e-01 
       1.742407e-02 3.911726e-01 6.137639e-01 
       1.754710e-02 3.938793e-01 6.180700e-01 
       1.767013e-02 3.965859e-01 6.223760e-01 
       1.779316e-02 3.992926e-01 6.266820e-01 
       1.791619e-02 4.019992e-01 6.309881e-01 
       1.803922e-02 4.047059e-01 6.352941e-01 
       1.816225e-02 4.074125e-01 6.396002e-01 
       1.828527e-02 4.101192e-01 6.439062e-01 
       1.840830e-02 4.128258e-01 6.482122e-01 
       1.853133e-02 4.155325e-01 6.525183e-01 
       1.865436e-02 4.182391e-01 6.568243e-01 
       1.877739e-02 4.209458e-01 6.611303e-01 
       1.890042e-02 4.236524e-01 6.654364e-01 
       1.902345e-02 4.263591e-01 6.697424e-01 
       1.914648e-02 4.290657e-01 6.740484e-01 
       1.926951e-02 4.317724e-01 6.783545e-01 
       1.939254e-02 4.344790e-01 6.826605e-01 
       1.951557e-02 4.371857e-01 6.869666e-01 
       2.111496e-02 4.401999e-01 6.906882e-01 
       2.714341e-02 4.441369e-01 6.926567e-01 
       3.317186e-02 4.480738e-01 6.946251e-01 
       3.920031e-02 4.520108e-01 6.965936e-01 
       4.522876e-02 4.559477e-01 6.985621e-01 
       5.125721e-02 4.598847e-01 7.005306e-01 
       5.728566e-02 4.638216e-01 7.024990e-01 
       6.331411e-02 4.677586e-01 7.044675e-01 
       6.934256e-02 4.716955e-01 7.064360e-01 
       7.537101e-02 4.756324e-01 7.084045e-01 
       8.139946e-02 4.795694e-01 7.103729e-01 
       8.742791e-02 4.835063e-01 7.123414e-01 
       9.345636e-02 4.874433e-01 7.143099e-01 
       9.948481e-02 4.913802e-01 7.162784e-01 
       1.055133e-01 4.953172e-01 7.182468e-01 
       1.115417e-01 4.992541e-01 7.202153e-01 
       1.175702e-01 5.031911e-01 7.221838e-01 
       1.235986e-01 5.071280e-01 7.241522e-01 
       1.296271e-01 5.110650e-01 7.261207e-01 
       1.356555e-01 5.150019e-01 7.280892e-01 
       1.416840e-01 5.189389e-01 7.300577e-01 
       1.477124e-01 5.228758e-01 7.320261e-01 
       1.537409e-01 5.268128e-01 7.339946e-01 
       1.597693e-01 5.307497e-01 7.359631e-01 
       1.657978e-01 5.346867e-01 7.379316e-01 
       1.718262e-01 5.386236e-01 7.399000e-01 
       1.778547e-01 5.425606e-01 7.418685e-01 
       1.838831e-01 5.464975e-01 7.438370e-01 
       1.899116e-01 5.504344e-01 7.458055e-01 
       1.959400e-01 5.543714e-01 7.477739e-01 
       2.019685e-01 5.583083e-01 7.497424e-01 
       2.079969e-01 5.622453e-01 7.517109e-01 
       2.146251e-01 5.658593e-01 7.536332e-01 
       2.222530e-01 5.689350e-01 7.554787e-01 
       2.298808e-01 5.720108e-01 7.573241e-01 
       2.375087e-01 5.750865e-01 7.591696e-01 
       2.451365e-01 5.781622e-01 7.610150e-01 
       2.527643e-01 5.812380e-01 7.628604e-01 
       2.603922e-01 5.843137e-01 7.647059e-01 
       2.680200e-01 5.873895e-01 7.665513e-01 
       2.756478e-01 5.904652e-01 7.683968e-01 
       2.832757e-01 5.935409e-01 7.702422e-01 
       2.909035e-01 5.966167e-01 7.720877e-01 
       2.985313e-01 5.996924e-01 7.739331e-01 
       3.061592e-01 6.027682e-01 7.757785e-01 
       3.137870e-01 6.058439e-01 7.776240e-01 
       3.214148e-01 6.089196e-01 7.794694e-01 
       3.290427e-01 6.119954e-01 7.813149e-01 
       3.366705e-01 6.150711e-01 7.831603e-01 
       3.442983e-01 6.181469e-01 7.850058e-01 
       3.519262e-01 6.212226e-01 7.868512e-01 
       3.595540e-01 6.242983e-01 7.886967e-01 
       3.671819e-01 6.273741e-01 7.905421e-01 
       3.748097e-01 6.304498e-01 7.923875e-01 
       3.824375e-01 6.335256e-01 7.942330e-01 
       3.900654e-01 6.366013e-01 7.960784e-01 
       3.976932e-01 6.396770e-01 7.979239e-01 
       4.053210e-01 6.427528e-01 7.997693e-01 
       4.129489e-01 6.458285e-01 8.016148e-01 
       4.205767e-01 6.489043e-01 8.034602e-01 
       4.282045e-01 6.519800e-01 8.053057e-01 
       4.358324e-01 6.550557e-01 8.071511e-01 
       4.434602e-01 6.581315e-01 8.089965e-01 
       4.510880e-01 6.612072e-01 8.108420e-01 
       4.579777e-01 6.639754e-01 8.125029e-01 
       4.641292e-01 6.664360e-01 8.139792e-01 
       4.702807e-01 6.688966e-01 8.154556e-01 
       4.764321e-01 6.713572e-01 8.169319e-01 
       4.825836e-01 6.738178e-01 8.184083e-01 
       4.887351e-01 6.762784e-01 8.198847e-01 
       4.948866e-01 6.787389e-01 8.213610e-01 
       5.010381e-01 6.811995e-01 8.228374e-01 
       5.071895e-01 6.836601e-01 8.243137e-01 
       5.133410e-01 6.861207e-01 8.257901e-01 
       5.194925e-01 6.885813e-01 8.272664e-01 
       5.256440e-01 6.910419e-01 8.287428e-01 
       5.317955e-01 6.935025e-01 8.302191e-01 
       5.379469e-01 6.959631e-01 8.316955e-01 
       5.440984e-01 6.984237e-01 8.331719e-01 
       5.502499e-01 7.008843e-01 8.346482e-01 
       5.564014e-01 7.033449e-01 8.361246e-01 
       5.625529e-01 7.058055e-01 8.376009e-01 
       5.687043e-01 7.082661e-01 8.390773e-01 
       5.748558e-01 7.107266e-01 8.405536e-01 
       5.810073e-01 7.131872e-01 8.420300e-01 
       5.871588e-01 7.156478e-01 8.435063e-01 
       5.933103e-01 7.181084e-01 8.449827e-01 
       5.994617e-01 7.205690e-01 8.464591e-01 
       6.056132e-01 7.230296e-01 8.479354e-01 
       6.117647e-01 7.254902e-01 8.494118e-01 
       6.179162e-01 7.279508e-01 8.508881e-01 
       6.240677e-01 7.304114e-01 8.523645e-01 
       6.302191e-01 7.328720e-01 8.538408e-01 
       6.363706e-01 7.353326e-01 8.553172e-01 
       6.425221e-01 7.377932e-01 8.567935e-01 
       6.486736e-01 7.402537e-01 8.582699e-01 
       6.542099e-01 7.427143e-01 8.596694e-01 
       6.593772e-01 7.451749e-01 8.610227e-01 
       6.645444e-01 7.476355e-01 8.623760e-01 
       6.697116e-01 7.500961e-01 8.637293e-01 
       6.748789e-01 7.525567e-01 8.650827e-01 
       6.800461e-01 7.550173e-01 8.664360e-01 
       6.852134e-01 7.574779e-01 8.677893e-01 
       6.903806e-01 7.599385e-01 8.691426e-01 
       6.955479e-01 7.623991e-01 8.704960e-01 
