function pubugn = pubugn()
pubugn = [ ... 
       1 9.686275e-01 9.843137e-01 
       9.976624e-01 9.660438e-01 9.829604e-01 
       9.953249e-01 9.634602e-01 9.816071e-01 
       9.929873e-01 9.608766e-01 9.802537e-01 
       9.906498e-01 9.582930e-01 9.789004e-01 
       9.883122e-01 9.557093e-01 9.775471e-01 
       9.859746e-01 9.531257e-01 9.761938e-01 
       9.836371e-01 9.505421e-01 9.748404e-01 
       9.812995e-01 9.479585e-01 9.734871e-01 
       9.789619e-01 9.453749e-01 9.721338e-01 
       9.766244e-01 9.427912e-01 9.707805e-01 
       9.742868e-01 9.402076e-01 9.694271e-01 
       9.719493e-01 9.376240e-01 9.680738e-01 
       9.696117e-01 9.350404e-01 9.667205e-01 
       9.672741e-01 9.324567e-01 9.653672e-01 
       9.649366e-01 9.298731e-01 9.640138e-01 
       9.625990e-01 9.272895e-01 9.626605e-01 
       9.602614e-01 9.247059e-01 9.613072e-01 
       9.579239e-01 9.221223e-01 9.599539e-01 
       9.555863e-01 9.195386e-01 9.586005e-01 
       9.532488e-01 9.169550e-01 9.572472e-01 
       9.509112e-01 9.143714e-01 9.558939e-01 
       9.485736e-01 9.117878e-01 9.545406e-01 
       9.462361e-01 9.092042e-01 9.531872e-01 
       9.438985e-01 9.066205e-01 9.518339e-01 
       9.415609e-01 9.040369e-01 9.504806e-01 
       9.392234e-01 9.014533e-01 9.491273e-01 
       9.368858e-01 8.988697e-01 9.477739e-01 
       9.345483e-01 8.962860e-01 9.464206e-01 
       9.322107e-01 8.937024e-01 9.450673e-01 
       9.298731e-01 8.911188e-01 9.437140e-01 
       9.275356e-01 8.885352e-01 9.423606e-01 
       9.250596e-01 8.860131e-01 9.410227e-01 
       9.216148e-01 8.839216e-01 9.397924e-01 
       9.181699e-01 8.818301e-01 9.385621e-01 
       9.147251e-01 8.797386e-01 9.373318e-01 
       9.112803e-01 8.776471e-01 9.361015e-01 
       9.078354e-01 8.755556e-01 9.348712e-01 
       9.043906e-01 8.734641e-01 9.336409e-01 
       9.009458e-01 8.713725e-01 9.324106e-01 
       8.975010e-01 8.692810e-01 9.311803e-01 
       8.940561e-01 8.671895e-01 9.299500e-01 
       8.906113e-01 8.650980e-01 9.287197e-01 
       8.871665e-01 8.630065e-01 9.274894e-01 
       8.837216e-01 8.609150e-01 9.262591e-01 
       8.802768e-01 8.588235e-01 9.250288e-01 
       8.768320e-01 8.567320e-01 9.237985e-01 
       8.733872e-01 8.546405e-01 9.225682e-01 
       8.699423e-01 8.525490e-01 9.213379e-01 
       8.664975e-01 8.504575e-01 9.201077e-01 
       8.630527e-01 8.483660e-01 9.188774e-01 
       8.596078e-01 8.462745e-01 9.176471e-01 
       8.561630e-01 8.441830e-01 9.164168e-01 
       8.527182e-01 8.420915e-01 9.151865e-01 
       8.492734e-01 8.400000e-01 9.139562e-01 
       8.458285e-01 8.379085e-01 9.127259e-01 
       8.423837e-01 8.358170e-01 9.114956e-01 
       8.389389e-01 8.337255e-01 9.102653e-01 
       8.354940e-01 8.316340e-01 9.090350e-01 
       8.320492e-01 8.295425e-01 9.078047e-01 
       8.286044e-01 8.274510e-01 9.065744e-01 
       8.251596e-01 8.253595e-01 9.053441e-01 
       8.217147e-01 8.232680e-01 9.041138e-01 
       8.182699e-01 8.211765e-01 9.028835e-01 
       8.143945e-01 8.189927e-01 9.016225e-01 
       8.092272e-01 8.165321e-01 9.002691e-01 
       8.040600e-01 8.140715e-01 8.989158e-01 
       7.988927e-01 8.116109e-01 8.975625e-01 
       7.937255e-01 8.091503e-01 8.962092e-01 
       7.885582e-01 8.066897e-01 8.948558e-01 
       7.833910e-01 8.042291e-01 8.935025e-01 
       7.782238e-01 8.017686e-01 8.921492e-01 
       7.730565e-01 7.993080e-01 8.907958e-01 
       7.678893e-01 7.968474e-01 8.894425e-01 
       7.627220e-01 7.943868e-01 8.880892e-01 
       7.575548e-01 7.919262e-01 8.867359e-01 
       7.523875e-01 7.894656e-01 8.853825e-01 
       7.472203e-01 7.870050e-01 8.840292e-01 
       7.420531e-01 7.845444e-01 8.826759e-01 
       7.368858e-01 7.820838e-01 8.813226e-01 
       7.317186e-01 7.796232e-01 8.799692e-01 
       7.265513e-01 7.771626e-01 8.786159e-01 
       7.213841e-01 7.747020e-01 8.772626e-01 
       7.162168e-01 7.722414e-01 8.759093e-01 
       7.110496e-01 7.697809e-01 8.745559e-01 
       7.058824e-01 7.673203e-01 8.732026e-01 
       7.007151e-01 7.648597e-01 8.718493e-01 
       6.955479e-01 7.623991e-01 8.704960e-01 
       6.903806e-01 7.599385e-01 8.691426e-01 
       6.852134e-01 7.574779e-01 8.677893e-01 
       6.800461e-01 7.550173e-01 8.664360e-01 
       6.748789e-01 7.525567e-01 8.650827e-01 
       6.697116e-01 7.500961e-01 8.637293e-01 
       6.645444e-01 7.476355e-01 8.623760e-01 
       6.593772e-01 7.451749e-01 8.610227e-01 
       6.542099e-01 7.427143e-01 8.596694e-01 
       6.480738e-01 7.402537e-01 8.582699e-01 
       6.403230e-01 7.377932e-01 8.567935e-01 
       6.325721e-01 7.353326e-01 8.553172e-01 
       6.248212e-01 7.328720e-01 8.538408e-01 
       6.170704e-01 7.304114e-01 8.523645e-01 
       6.093195e-01 7.279508e-01 8.508881e-01 
       6.015686e-01 7.254902e-01 8.494118e-01 
       5.938178e-01 7.230296e-01 8.479354e-01 
       5.860669e-01 7.205690e-01 8.464591e-01 
       5.783160e-01 7.181084e-01 8.449827e-01 
       5.705652e-01 7.156478e-01 8.435063e-01 
       5.628143e-01 7.131872e-01 8.420300e-01 
       5.550634e-01 7.107266e-01 8.405536e-01 
       5.473126e-01 7.082661e-01 8.390773e-01 
       5.395617e-01 7.058055e-01 8.376009e-01 
       5.318108e-01 7.033449e-01 8.361246e-01 
       5.240600e-01 7.008843e-01 8.346482e-01 
       5.163091e-01 6.984237e-01 8.331719e-01 
       5.085582e-01 6.959631e-01 8.316955e-01 
       5.008074e-01 6.935025e-01 8.302191e-01 
       4.930565e-01 6.910419e-01 8.287428e-01 
       4.853057e-01 6.885813e-01 8.272664e-01 
       4.775548e-01 6.861207e-01 8.257901e-01 
       4.698039e-01 6.836601e-01 8.243137e-01 
       4.620531e-01 6.811995e-01 8.228374e-01 
       4.543022e-01 6.787389e-01 8.213610e-01 
       4.465513e-01 6.762784e-01 8.198847e-01 
       4.388005e-01 6.738178e-01 8.184083e-01 
       4.310496e-01 6.713572e-01 8.169319e-01 
       4.232987e-01 6.688966e-01 8.154556e-01 
       4.155479e-01 6.664360e-01 8.139792e-01 
       4.077970e-01 6.639754e-01 8.125029e-01 
       4.009073e-01 6.612072e-01 8.108420e-01 
       3.948789e-01 6.581315e-01 8.089965e-01 
       3.888504e-01 6.550557e-01 8.071511e-01 
       3.828220e-01 6.519800e-01 8.053057e-01 
       3.767935e-01 6.489043e-01 8.034602e-01 
       3.707651e-01 6.458285e-01 8.016148e-01 
       3.647366e-01 6.427528e-01 7.997693e-01 
       3.587082e-01 6.396770e-01 7.979239e-01 
       3.526797e-01 6.366013e-01 7.960784e-01 
       3.466513e-01 6.335256e-01 7.942330e-01 
       3.406228e-01 6.304498e-01 7.923875e-01 
       3.345944e-01 6.273741e-01 7.905421e-01 
       3.285659e-01 6.242983e-01 7.886967e-01 
       3.225375e-01 6.212226e-01 7.868512e-01 
       3.165090e-01 6.181469e-01 7.850058e-01 
       3.104806e-01 6.150711e-01 7.831603e-01 
       3.044521e-01 6.119954e-01 7.813149e-01 
       2.984237e-01 6.089196e-01 7.794694e-01 
       2.923952e-01 6.058439e-01 7.776240e-01 
       2.863668e-01 6.027682e-01 7.757785e-01 
       2.803383e-01 5.996924e-01 7.739331e-01 
       2.743099e-01 5.966167e-01 7.720877e-01 
       2.682814e-01 5.935409e-01 7.702422e-01 
       2.622530e-01 5.904652e-01 7.683968e-01 
       2.562245e-01 5.873895e-01 7.665513e-01 
       2.501961e-01 5.843137e-01 7.647059e-01 
       2.441676e-01 5.812380e-01 7.628604e-01 
       2.381392e-01 5.781622e-01 7.610150e-01 
       2.321107e-01 5.750865e-01 7.591696e-01 
       2.260823e-01 5.720108e-01 7.573241e-01 
       2.200538e-01 5.689350e-01 7.554787e-01 
       2.140254e-01 5.658593e-01 7.536332e-01 
       2.077662e-01 5.635525e-01 7.487889e-01 
       2.013687e-01 5.617070e-01 7.421453e-01 
       1.949712e-01 5.598616e-01 7.355017e-01 
       1.885736e-01 5.580161e-01 7.288581e-01 
       1.821761e-01 5.561707e-01 7.222145e-01 
       1.757785e-01 5.543253e-01 7.155709e-01 
       1.693810e-01 5.524798e-01 7.089273e-01 
       1.629835e-01 5.506344e-01 7.022837e-01 
       1.565859e-01 5.487889e-01 6.956401e-01 
