function puor_r = puor_r()
puor_r = [ ... 
       1.764706e-01 0 2.941176e-01 
       1.824683e-01 5.997693e-03 3.034987e-01 
       1.884660e-01 1.199539e-02 3.128797e-01 
       1.944637e-01 1.799308e-02 3.222607e-01 
       2.004614e-01 2.399077e-02 3.316417e-01 
       2.064591e-01 2.998847e-02 3.410227e-01 
       2.124567e-01 3.598616e-02 3.504037e-01 
       2.184544e-01 4.198385e-02 3.597847e-01 
       2.244521e-01 4.798155e-02 3.691657e-01 
       2.304498e-01 5.397924e-02 3.785467e-01 
       2.364475e-01 5.997693e-02 3.879277e-01 
       2.424452e-01 6.597463e-02 3.973087e-01 
       2.484429e-01 7.197232e-02 4.066897e-01 
       2.544406e-01 7.797001e-02 4.160707e-01 
       2.604383e-01 8.396770e-02 4.254517e-01 
       2.664360e-01 8.996540e-02 4.348328e-01 
       2.724337e-01 9.596309e-02 4.442138e-01 
       2.784314e-01 1.019608e-01 4.535948e-01 
       2.844291e-01 1.079585e-01 4.629758e-01 
       2.904268e-01 1.139562e-01 4.723568e-01 
       2.964245e-01 1.199539e-01 4.817378e-01 
       3.024221e-01 1.259516e-01 4.911188e-01 
       3.084198e-01 1.319493e-01 5.004998e-01 
       3.144175e-01 1.379469e-01 5.098808e-01 
       3.204152e-01 1.439446e-01 5.192618e-01 
       3.264129e-01 1.499423e-01 5.286428e-01 
       3.327951e-01 1.587851e-01 5.361015e-01 
       3.395617e-01 1.704729e-01 5.416378e-01 
       3.463283e-01 1.821607e-01 5.471742e-01 
       3.530950e-01 1.938485e-01 5.527105e-01 
       3.598616e-01 2.055363e-01 5.582468e-01 
       3.666282e-01 2.172241e-01 5.637832e-01 
       3.733948e-01 2.289120e-01 5.693195e-01 
       3.801615e-01 2.405998e-01 5.748558e-01 
       3.869281e-01 2.522876e-01 5.803922e-01 
       3.936947e-01 2.639754e-01 5.859285e-01 
       4.004614e-01 2.756632e-01 5.914648e-01 
       4.072280e-01 2.873510e-01 5.970012e-01 
       4.139946e-01 2.990388e-01 6.025375e-01 
       4.207612e-01 3.107266e-01 6.080738e-01 
       4.275279e-01 3.224145e-01 6.136101e-01 
       4.342945e-01 3.341023e-01 6.191465e-01 
       4.410611e-01 3.457901e-01 6.246828e-01 
       4.478278e-01 3.574779e-01 6.302191e-01 
       4.545944e-01 3.691657e-01 6.357555e-01 
       4.613610e-01 3.808535e-01 6.412918e-01 
       4.681276e-01 3.925413e-01 6.468281e-01 
       4.748943e-01 4.042291e-01 6.523645e-01 
       4.816609e-01 4.159170e-01 6.579008e-01 
       4.884275e-01 4.276048e-01 6.634371e-01 
       4.951942e-01 4.392926e-01 6.689735e-01 
       5.019608e-01 4.509804e-01 6.745098e-01 
       5.096501e-01 4.595925e-01 6.803537e-01 
       5.173395e-01 4.682045e-01 6.861976e-01 
       5.250288e-01 4.768166e-01 6.920415e-01 
       5.327182e-01 4.854287e-01 6.978854e-01 
       5.404075e-01 4.940408e-01 7.037293e-01 
       5.480969e-01 5.026528e-01 7.095732e-01 
       5.557862e-01 5.112649e-01 7.154171e-01 
       5.634756e-01 5.198770e-01 7.212611e-01 
       5.711649e-01 5.284890e-01 7.271050e-01 
       5.788543e-01 5.371011e-01 7.329489e-01 
       5.865436e-01 5.457132e-01 7.387928e-01 
       5.942330e-01 5.543253e-01 7.446367e-01 
       6.019223e-01 5.629373e-01 7.504806e-01 
       6.096117e-01 5.715494e-01 7.563245e-01 
       6.173010e-01 5.801615e-01 7.621684e-01 
       6.249904e-01 5.887735e-01 7.680123e-01 
       6.326797e-01 5.973856e-01 7.738562e-01 
       6.403691e-01 6.059977e-01 7.797001e-01 
       6.480584e-01 6.146098e-01 7.855440e-01 
       6.557478e-01 6.232218e-01 7.913879e-01 
       6.634371e-01 6.318339e-01 7.972318e-01 
       6.711265e-01 6.404460e-01 8.030757e-01 
       6.788158e-01 6.490581e-01 8.089196e-01 
       6.865052e-01 6.576701e-01 8.147636e-01 
       6.941945e-01 6.662822e-01 8.206075e-01 
       7.009612e-01 6.742022e-01 8.254517e-01 
       7.068051e-01 6.814302e-01 8.292964e-01 
       7.126490e-01 6.886582e-01 8.331411e-01 
       7.184929e-01 6.958862e-01 8.369858e-01 
       7.243368e-01 7.031142e-01 8.408304e-01 
       7.301807e-01 7.103422e-01 8.446751e-01 
       7.360246e-01 7.175702e-01 8.485198e-01 
       7.418685e-01 7.247982e-01 8.523645e-01 
       7.477124e-01 7.320261e-01 8.562092e-01 
       7.535563e-01 7.392541e-01 8.600538e-01 
       7.594002e-01 7.464821e-01 8.638985e-01 
       7.652441e-01 7.537101e-01 8.677432e-01 
       7.710880e-01 7.609381e-01 8.715879e-01 
       7.769319e-01 7.681661e-01 8.754325e-01 
       7.827759e-01 7.753941e-01 8.792772e-01 
       7.886198e-01 7.826221e-01 8.831219e-01 
       7.944637e-01 7.898501e-01 8.869666e-01 
       8.003076e-01 7.970780e-01 8.908112e-01 
       8.061515e-01 8.043060e-01 8.946559e-01 
       8.119954e-01 8.115340e-01 8.985006e-01 
       8.178393e-01 8.187620e-01 9.023453e-01 
       8.236832e-01 8.259900e-01 9.061899e-01 
       8.295271e-01 8.332180e-01 9.100346e-01 
       8.353710e-01 8.404460e-01 9.138793e-01 
       8.412149e-01 8.476740e-01 9.177240e-01 
       8.470588e-01 8.549020e-01 9.215686e-01 
       8.518262e-01 8.593618e-01 9.234141e-01 
       8.565936e-01 8.638216e-01 9.252595e-01 
       8.613610e-01 8.682814e-01 9.271050e-01 
       8.661284e-01 8.727413e-01 9.289504e-01 
       8.708958e-01 8.772011e-01 9.307958e-01 
       8.756632e-01 8.816609e-01 9.326413e-01 
       8.804306e-01 8.861207e-01 9.344867e-01 
       8.851980e-01 8.905805e-01 9.363322e-01 
       8.899654e-01 8.950404e-01 9.381776e-01 
       8.947328e-01 8.995002e-01 9.400231e-01 
       8.995002e-01 9.039600e-01 9.418685e-01 
       9.042676e-01 9.084198e-01 9.437140e-01 
       9.090350e-01 9.128797e-01 9.455594e-01 
       9.138024e-01 9.173395e-01 9.474048e-01 
       9.185698e-01 9.217993e-01 9.492503e-01 
       9.233372e-01 9.262591e-01 9.510957e-01 
       9.281046e-01 9.307190e-01 9.529412e-01 
       9.328720e-01 9.351788e-01 9.547866e-01 
       9.376394e-01 9.396386e-01 9.566321e-01 
       9.424068e-01 9.440984e-01 9.584775e-01 
       9.471742e-01 9.485582e-01 9.603230e-01 
       9.519416e-01 9.530181e-01 9.621684e-01 
       9.567090e-01 9.574779e-01 9.640138e-01 
       9.614764e-01 9.619377e-01 9.658593e-01 
       9.662438e-01 9.663975e-01 9.677047e-01 
       9.691657e-01 9.668589e-01 9.636294e-01 
       9.702422e-01 9.633218e-01 9.536332e-01 
       9.713187e-01 9.597847e-01 9.436371e-01 
       9.723952e-01 9.562476e-01 9.336409e-01 
       9.734717e-01 9.527105e-01 9.236448e-01 
       9.745483e-01 9.491734e-01 9.136486e-01 
       9.756248e-01 9.456363e-01 9.036524e-01 
       9.767013e-01 9.420992e-01 8.936563e-01 
       9.777778e-01 9.385621e-01 8.836601e-01 
       9.788543e-01 9.350250e-01 8.736640e-01 
       9.799308e-01 9.314879e-01 8.636678e-01 
       9.810073e-01 9.279508e-01 8.536717e-01 
       9.820838e-01 9.244137e-01 8.436755e-01 
       9.831603e-01 9.208766e-01 8.336794e-01 
       9.842368e-01 9.173395e-01 8.236832e-01 
       9.853133e-01 9.138024e-01 8.136870e-01 
       9.863899e-01 9.102653e-01 8.036909e-01 
       9.874664e-01 9.067282e-01 7.936947e-01 
       9.885429e-01 9.031911e-01 7.836986e-01 
       9.896194e-01 8.996540e-01 7.737024e-01 
       9.906959e-01 8.961169e-01 7.637063e-01 
       9.917724e-01 8.925798e-01 7.537101e-01 
       9.928489e-01 8.890427e-01 7.437140e-01 
       9.939254e-01 8.855056e-01 7.337178e-01 
       9.950019e-01 8.819685e-01 7.237216e-01 
       9.960784e-01 8.784314e-01 7.137255e-01 
       9.959246e-01 8.722799e-01 7.009612e-01 
       9.957709e-01 8.661284e-01 6.881968e-01 
       9.956171e-01 8.599769e-01 6.754325e-01 
       9.954633e-01 8.538255e-01 6.626682e-01 
       9.953095e-01 8.476740e-01 6.499039e-01 
       9.951557e-01 8.415225e-01 6.371396e-01 
       9.950019e-01 8.353710e-01 6.243752e-01 
       9.948481e-01 8.292195e-01 6.116109e-01 
       9.946943e-01 8.230681e-01 5.988466e-01 
       9.945406e-01 8.169166e-01 5.860823e-01 
       9.943868e-01 8.107651e-01 5.733180e-01 
       9.942330e-01 8.046136e-01 5.605536e-01 
       9.940792e-01 7.984621e-01 5.477893e-01 
       9.939254e-01 7.923106e-01 5.350250e-01 
       9.937716e-01 7.861592e-01 5.222607e-01 
