function purd = purd()
purd = [ ... 
       9.686275e-01 9.568627e-01 9.764706e-01 
       9.666590e-01 9.545252e-01 9.752403e-01 
       9.646905e-01 9.521876e-01 9.740100e-01 
       9.627220e-01 9.498501e-01 9.727797e-01 
       9.607536e-01 9.475125e-01 9.715494e-01 
       9.587851e-01 9.451749e-01 9.703191e-01 
       9.568166e-01 9.428374e-01 9.690888e-01 
       9.548481e-01 9.404998e-01 9.678585e-01 
       9.528797e-01 9.381622e-01 9.666282e-01 
       9.509112e-01 9.358247e-01 9.653979e-01 
       9.489427e-01 9.334871e-01 9.641676e-01 
       9.469742e-01 9.311496e-01 9.629373e-01 
       9.450058e-01 9.288120e-01 9.617070e-01 
       9.430373e-01 9.264744e-01 9.604767e-01 
       9.410688e-01 9.241369e-01 9.592464e-01 
       9.391003e-01 9.217993e-01 9.580161e-01 
       9.371319e-01 9.194617e-01 9.567859e-01 
       9.351634e-01 9.171242e-01 9.555556e-01 
       9.331949e-01 9.147866e-01 9.543253e-01 
       9.312265e-01 9.124491e-01 9.530950e-01 
       9.292580e-01 9.101115e-01 9.518647e-01 
       9.272895e-01 9.077739e-01 9.506344e-01 
       9.253210e-01 9.054364e-01 9.494041e-01 
       9.233526e-01 9.030988e-01 9.481738e-01 
       9.213841e-01 9.007612e-01 9.469435e-01 
       9.194156e-01 8.984237e-01 9.457132e-01 
       9.174471e-01 8.960861e-01 9.444829e-01 
       9.154787e-01 8.937486e-01 9.432526e-01 
       9.135102e-01 8.914110e-01 9.420223e-01 
       9.115417e-01 8.890734e-01 9.407920e-01 
       9.095732e-01 8.867359e-01 9.395617e-01 
       9.076048e-01 8.843983e-01 9.383314e-01 
       9.055902e-01 8.817378e-01 9.369319e-01 
       9.032526e-01 8.768166e-01 9.343483e-01 
       9.009150e-01 8.718954e-01 9.317647e-01 
       8.985775e-01 8.669742e-01 9.291811e-01 
       8.962399e-01 8.620531e-01 9.265975e-01 
       8.939023e-01 8.571319e-01 9.240138e-01 
       8.915648e-01 8.522107e-01 9.214302e-01 
       8.892272e-01 8.472895e-01 9.188466e-01 
       8.868897e-01 8.423683e-01 9.162630e-01 
       8.845521e-01 8.374471e-01 9.136794e-01 
       8.822145e-01 8.325260e-01 9.110957e-01 
       8.798770e-01 8.276048e-01 9.085121e-01 
       8.775394e-01 8.226836e-01 9.059285e-01 
       8.752018e-01 8.177624e-01 9.033449e-01 
       8.728643e-01 8.128412e-01 9.007612e-01 
       8.705267e-01 8.079200e-01 8.981776e-01 
       8.681892e-01 8.029988e-01 8.955940e-01 
       8.658516e-01 7.980777e-01 8.930104e-01 
       8.635140e-01 7.931565e-01 8.904268e-01 
       8.611765e-01 7.882353e-01 8.878431e-01 
       8.588389e-01 7.833141e-01 8.852595e-01 
       8.565013e-01 7.783929e-01 8.826759e-01 
       8.541638e-01 7.734717e-01 8.800923e-01 
       8.518262e-01 7.685506e-01 8.775087e-01 
       8.494887e-01 7.636294e-01 8.749250e-01 
       8.471511e-01 7.587082e-01 8.723414e-01 
       8.448135e-01 7.537870e-01 8.697578e-01 
       8.424760e-01 7.488658e-01 8.671742e-01 
       8.401384e-01 7.439446e-01 8.645905e-01 
       8.378008e-01 7.390235e-01 8.620069e-01 
       8.354633e-01 7.341023e-01 8.594233e-01 
       8.331257e-01 7.291811e-01 8.568397e-01 
       8.310342e-01 7.243522e-01 8.543176e-01 
       8.296809e-01 7.198001e-01 8.519800e-01 
       8.283276e-01 7.152480e-01 8.496424e-01 
       8.269742e-01 7.106959e-01 8.473049e-01 
       8.256209e-01 7.061438e-01 8.449673e-01 
       8.242676e-01 7.015917e-01 8.426298e-01 
       8.229143e-01 6.970396e-01 8.402922e-01 
       8.215609e-01 6.924875e-01 8.379546e-01 
       8.202076e-01 6.879354e-01 8.356171e-01 
       8.188543e-01 6.833833e-01 8.332795e-01 
       8.175010e-01 6.788312e-01 8.309419e-01 
       8.161476e-01 6.742791e-01 8.286044e-01 
       8.147943e-01 6.697270e-01 8.262668e-01 
       8.134410e-01 6.651749e-01 8.239293e-01 
       8.120877e-01 6.606228e-01 8.215917e-01 
       8.107343e-01 6.560707e-01 8.192541e-01 
       8.093810e-01 6.515186e-01 8.169166e-01 
       8.080277e-01 6.469666e-01 8.145790e-01 
       8.066744e-01 6.424145e-01 8.122414e-01 
       8.053210e-01 6.378624e-01 8.099039e-01 
       8.039677e-01 6.333103e-01 8.075663e-01 
       8.026144e-01 6.287582e-01 8.052288e-01 
       8.012611e-01 6.242061e-01 8.028912e-01 
       7.999077e-01 6.196540e-01 8.005536e-01 
       7.985544e-01 6.151019e-01 7.982161e-01 
       7.972011e-01 6.105498e-01 7.958785e-01 
       7.958478e-01 6.059977e-01 7.935409e-01 
       7.944944e-01 6.014456e-01 7.912034e-01 
       7.931411e-01 5.968935e-01 7.888658e-01 
       7.917878e-01 5.923414e-01 7.865283e-01 
       7.904344e-01 5.877893e-01 7.841907e-01 
       7.890811e-01 5.832372e-01 7.818531e-01 
       7.892503e-01 5.782238e-01 7.793310e-01 
       7.919569e-01 5.724414e-01 7.765013e-01 
       7.946636e-01 5.666590e-01 7.736717e-01 
       7.973702e-01 5.608766e-01 7.708420e-01 
       8.000769e-01 5.550942e-01 7.680123e-01 
       8.027835e-01 5.493118e-01 7.651826e-01 
       8.054902e-01 5.435294e-01 7.623529e-01 
       8.081968e-01 5.377470e-01 7.595233e-01 
       8.109035e-01 5.319646e-01 7.566936e-01 
       8.136101e-01 5.261822e-01 7.538639e-01 
       8.163168e-01 5.203998e-01 7.510342e-01 
       8.190235e-01 5.146175e-01 7.482045e-01 
       8.217301e-01 5.088351e-01 7.453749e-01 
       8.244368e-01 5.030527e-01 7.425452e-01 
       8.271434e-01 4.972703e-01 7.397155e-01 
       8.298501e-01 4.914879e-01 7.368858e-01 
       8.325567e-01 4.857055e-01 7.340561e-01 
       8.352634e-01 4.799231e-01 7.312265e-01 
       8.379700e-01 4.741407e-01 7.283968e-01 
       8.406767e-01 4.683583e-01 7.255671e-01 
       8.433833e-01 4.625759e-01 7.227374e-01 
       8.460900e-01 4.567935e-01 7.199077e-01 
       8.487966e-01 4.510111e-01 7.170780e-01 
       8.515033e-01 4.452288e-01 7.142484e-01 
       8.542099e-01 4.394464e-01 7.114187e-01 
       8.569166e-01 4.336640e-01 7.085890e-01 
       8.596232e-01 4.278816e-01 7.057593e-01 
       8.623299e-01 4.220992e-01 7.029296e-01 
       8.650365e-01 4.163168e-01 7.001000e-01 
       8.677432e-01 4.105344e-01 6.972703e-01 
       8.704498e-01 4.047520e-01 6.944406e-01 
       8.731565e-01 3.989696e-01 6.916109e-01 
       8.750019e-01 3.923875e-01 6.878585e-01 
       8.759862e-01 3.850058e-01 6.831834e-01 
       8.769704e-01 3.776240e-01 6.785083e-01 
       8.779546e-01 3.702422e-01 6.738331e-01 
       8.789389e-01 3.628604e-01 6.691580e-01 
       8.799231e-01 3.554787e-01 6.644829e-01 
       8.809073e-01 3.480969e-01 6.598078e-01 
       8.818916e-01 3.407151e-01 6.551326e-01 
       8.828758e-01 3.333333e-01 6.504575e-01 
       8.838601e-01 3.259516e-01 6.457824e-01 
       8.848443e-01 3.185698e-01 6.411073e-01 
       8.858285e-01 3.111880e-01 6.364321e-01 
       8.868128e-01 3.038062e-01 6.317570e-01 
       8.877970e-01 2.964245e-01 6.270819e-01 
       8.887812e-01 2.890427e-01 6.224068e-01 
       8.897655e-01 2.816609e-01 6.177316e-01 
       8.907497e-01 2.742791e-01 6.130565e-01 
       8.917339e-01 2.668973e-01 6.083814e-01 
       8.927182e-01 2.595156e-01 6.037063e-01 
       8.937024e-01 2.521338e-01 5.990311e-01 
       8.946867e-01 2.447520e-01 5.943560e-01 
       8.956709e-01 2.373702e-01 5.896809e-01 
       8.966551e-01 2.299885e-01 5.850058e-01 
       8.976394e-01 2.226067e-01 5.803306e-01 
       8.986236e-01 2.152249e-01 5.756555e-01 
       8.996078e-01 2.078431e-01 5.709804e-01 
       9.005921e-01 2.004614e-01 5.663053e-01 
       9.015763e-01 1.930796e-01 5.616301e-01 
       9.025606e-01 1.856978e-01 5.569550e-01 
       9.035448e-01 1.783160e-01 5.522799e-01 
       9.045290e-01 1.709343e-01 5.476048e-01 
       9.055133e-01 1.635525e-01 5.429296e-01 
       9.039600e-01 1.590158e-01 5.371780e-01 
       9.008843e-01 1.561861e-01 5.307805e-01 
       8.978085e-01 1.533564e-01 5.243829e-01 
       8.947328e-01 1.505267e-01 5.179854e-01 
       8.916571e-01 1.476970e-01 5.115879e-01 
       8.885813e-01 1.448674e-01 5.051903e-01 
       8.855056e-01 1.420377e-01 4.987928e-01 
       8.824298e-01 1.392080e-01 4.923952e-01 
       8.793541e-01 1.363783e-01 4.859977e-01 
