function purples = purples()
purples = [ ... 
       9.882353e-01 9.843137e-01 9.921569e-01 
       9.866359e-01 9.825913e-01 9.911726e-01 
       9.850365e-01 9.808689e-01 9.901884e-01 
       9.834371e-01 9.791465e-01 9.892042e-01 
       9.818378e-01 9.774241e-01 9.882199e-01 
       9.802384e-01 9.757017e-01 9.872357e-01 
       9.786390e-01 9.739792e-01 9.862514e-01 
       9.770396e-01 9.722568e-01 9.852672e-01 
       9.754402e-01 9.705344e-01 9.842830e-01 
       9.738408e-01 9.688120e-01 9.832987e-01 
       9.722414e-01 9.670896e-01 9.823145e-01 
       9.706421e-01 9.653672e-01 9.813303e-01 
       9.690427e-01 9.636448e-01 9.803460e-01 
       9.674433e-01 9.619223e-01 9.793618e-01 
       9.658439e-01 9.601999e-01 9.783775e-01 
       9.642445e-01 9.584775e-01 9.773933e-01 
       9.626451e-01 9.567551e-01 9.764091e-01 
       9.610458e-01 9.550327e-01 9.754248e-01 
       9.594464e-01 9.533103e-01 9.744406e-01 
       9.578470e-01 9.515879e-01 9.734564e-01 
       9.562476e-01 9.498654e-01 9.724721e-01 
       9.546482e-01 9.481430e-01 9.714879e-01 
       9.530488e-01 9.464206e-01 9.705037e-01 
       9.514494e-01 9.446982e-01 9.695194e-01 
       9.498501e-01 9.429758e-01 9.685352e-01 
       9.482507e-01 9.412534e-01 9.675509e-01 
       9.466513e-01 9.395309e-01 9.665667e-01 
       9.450519e-01 9.378085e-01 9.655825e-01 
       9.434525e-01 9.360861e-01 9.645982e-01 
       9.418531e-01 9.343637e-01 9.636140e-01 
       9.402537e-01 9.326413e-01 9.626298e-01 
       9.386544e-01 9.309189e-01 9.616455e-01 
       9.369319e-01 9.291196e-01 9.606305e-01 
       9.343483e-01 9.267820e-01 9.594002e-01 
       9.317647e-01 9.244444e-01 9.581699e-01 
       9.291811e-01 9.221069e-01 9.569396e-01 
       9.265975e-01 9.197693e-01 9.557093e-01 
       9.240138e-01 9.174318e-01 9.544790e-01 
       9.214302e-01 9.150942e-01 9.532488e-01 
       9.188466e-01 9.127566e-01 9.520185e-01 
       9.162630e-01 9.104191e-01 9.507882e-01 
       9.136794e-01 9.080815e-01 9.495579e-01 
       9.110957e-01 9.057439e-01 9.483276e-01 
       9.085121e-01 9.034064e-01 9.470973e-01 
       9.059285e-01 9.010688e-01 9.458670e-01 
       9.033449e-01 8.987313e-01 9.446367e-01 
       9.007612e-01 8.963937e-01 9.434064e-01 
       8.981776e-01 8.940561e-01 9.421761e-01 
       8.955940e-01 8.917186e-01 9.409458e-01 
       8.930104e-01 8.893810e-01 9.397155e-01 
       8.904268e-01 8.870434e-01 9.384852e-01 
       8.878431e-01 8.847059e-01 9.372549e-01 
       8.852595e-01 8.823683e-01 9.360246e-01 
       8.826759e-01 8.800308e-01 9.347943e-01 
       8.800923e-01 8.776932e-01 9.335640e-01 
       8.775087e-01 8.753556e-01 9.323337e-01 
       8.749250e-01 8.730181e-01 9.311034e-01 
       8.723414e-01 8.706805e-01 9.298731e-01 
       8.697578e-01 8.683429e-01 9.286428e-01 
       8.671742e-01 8.660054e-01 9.274125e-01 
       8.645905e-01 8.636678e-01 9.261822e-01 
       8.620069e-01 8.613303e-01 9.249519e-01 
       8.594233e-01 8.589927e-01 9.237216e-01 
       8.568397e-01 8.566551e-01 9.224913e-01 
       8.539792e-01 8.540100e-01 9.211073e-01 
       8.502884e-01 8.504421e-01 9.192618e-01 
       8.465975e-01 8.468743e-01 9.174164e-01 
       8.429066e-01 8.433064e-01 9.155709e-01 
       8.392157e-01 8.397386e-01 9.137255e-01 
       8.355248e-01 8.361707e-01 9.118800e-01 
       8.318339e-01 8.326028e-01 9.100346e-01 
       8.281430e-01 8.290350e-01 9.081892e-01 
       8.244521e-01 8.254671e-01 9.063437e-01 
       8.207612e-01 8.218993e-01 9.044983e-01 
       8.170704e-01 8.183314e-01 9.026528e-01 
       8.133795e-01 8.147636e-01 9.008074e-01 
       8.096886e-01 8.111957e-01 8.989619e-01 
       8.059977e-01 8.076278e-01 8.971165e-01 
       8.023068e-01 8.040600e-01 8.952710e-01 
       7.986159e-01 8.004921e-01 8.934256e-01 
       7.949250e-01 7.969243e-01 8.915802e-01 
       7.912341e-01 7.933564e-01 8.897347e-01 
       7.875433e-01 7.897885e-01 8.878893e-01 
       7.838524e-01 7.862207e-01 8.860438e-01 
       7.801615e-01 7.826528e-01 8.841984e-01 
       7.764706e-01 7.790850e-01 8.823529e-01 
       7.727797e-01 7.755171e-01 8.805075e-01 
       7.690888e-01 7.719493e-01 8.786621e-01 
       7.653979e-01 7.683814e-01 8.768166e-01 
       7.617070e-01 7.648135e-01 8.749712e-01 
       7.580161e-01 7.612457e-01 8.731257e-01 
       7.543253e-01 7.576778e-01 8.712803e-01 
       7.506344e-01 7.541100e-01 8.694348e-01 
       7.469435e-01 7.505421e-01 8.675894e-01 
       7.432526e-01 7.469742e-01 8.657439e-01 
       7.395617e-01 7.434064e-01 8.638985e-01 
       7.358708e-01 7.395617e-01 8.618224e-01 
       7.321799e-01 7.352557e-01 8.593618e-01 
       7.284890e-01 7.309496e-01 8.569012e-01 
       7.247982e-01 7.266436e-01 8.544406e-01 
       7.211073e-01 7.223376e-01 8.519800e-01 
       7.174164e-01 7.180315e-01 8.495194e-01 
       7.137255e-01 7.137255e-01 8.470588e-01 
       7.100346e-01 7.094195e-01 8.445982e-01 
       7.063437e-01 7.051134e-01 8.421376e-01 
       7.026528e-01 7.008074e-01 8.396770e-01 
       6.989619e-01 6.965013e-01 8.372165e-01 
       6.952710e-01 6.921953e-01 8.347559e-01 
       6.915802e-01 6.878893e-01 8.322953e-01 
       6.878893e-01 6.835832e-01 8.298347e-01 
       6.841984e-01 6.792772e-01 8.273741e-01 
       6.805075e-01 6.749712e-01 8.249135e-01 
       6.768166e-01 6.706651e-01 8.224529e-01 
       6.731257e-01 6.663591e-01 8.199923e-01 
       6.694348e-01 6.620531e-01 8.175317e-01 
       6.657439e-01 6.577470e-01 8.150711e-01 
       6.620531e-01 6.534410e-01 8.126105e-01 
       6.583622e-01 6.491349e-01 8.101499e-01 
       6.546713e-01 6.448289e-01 8.076894e-01 
       6.509804e-01 6.405229e-01 8.052288e-01 
       6.472895e-01 6.362168e-01 8.027682e-01 
       6.435986e-01 6.319108e-01 8.003076e-01 
       6.399077e-01 6.276048e-01 7.978470e-01 
       6.362168e-01 6.232987e-01 7.953864e-01 
       6.325260e-01 6.189927e-01 7.929258e-01 
       6.288351e-01 6.146867e-01 7.904652e-01 
       6.251442e-01 6.103806e-01 7.880046e-01 
       6.214533e-01 6.060746e-01 7.855440e-01 
       6.177624e-01 6.021376e-01 7.834525e-01 
       6.140715e-01 5.985698e-01 7.817301e-01 
       6.103806e-01 5.950019e-01 7.800077e-01 
       6.066897e-01 5.914341e-01 7.782853e-01 
       6.029988e-01 5.878662e-01 7.765629e-01 
       5.993080e-01 5.842983e-01 7.748404e-01 
       5.956171e-01 5.807305e-01 7.731180e-01 
       5.919262e-01 5.771626e-01 7.713956e-01 
       5.882353e-01 5.735948e-01 7.696732e-01 
       5.845444e-01 5.700269e-01 7.679508e-01 
       5.808535e-01 5.664591e-01 7.662284e-01 
       5.771626e-01 5.628912e-01 7.645060e-01 
       5.734717e-01 5.593233e-01 7.627835e-01 
       5.697809e-01 5.557555e-01 7.610611e-01 
       5.660900e-01 5.521876e-01 7.593387e-01 
       5.623991e-01 5.486198e-01 7.576163e-01 
       5.587082e-01 5.450519e-01 7.558939e-01 
       5.550173e-01 5.414840e-01 7.541715e-01 
       5.513264e-01 5.379162e-01 7.524491e-01 
       5.476355e-01 5.343483e-01 7.507266e-01 
       5.439446e-01 5.307805e-01 7.490042e-01 
       5.402537e-01 5.272126e-01 7.472818e-01 
       5.365629e-01 5.236448e-01 7.455594e-01 
       5.328720e-01 5.200769e-01 7.438370e-01 
       5.291811e-01 5.165090e-01 7.421146e-01 
       5.254902e-01 5.129412e-01 7.403922e-01 
       5.217993e-01 5.093733e-01 7.386697e-01 
       5.181084e-01 5.058055e-01 7.369473e-01 
       5.144175e-01 5.022376e-01 7.352249e-01 
       5.107266e-01 4.986697e-01 7.335025e-01 
       5.070358e-01 4.951019e-01 7.317801e-01 
       5.033449e-01 4.915340e-01 7.300577e-01 
       5.002691e-01 4.868128e-01 7.276432e-01 
       4.975625e-01 4.813995e-01 7.248135e-01 
       4.948558e-01 4.759862e-01 7.219839e-01 
       4.921492e-01 4.705729e-01 7.191542e-01 
       4.894425e-01 4.651596e-01 7.163245e-01 
       4.867359e-01 4.597463e-01 7.134948e-01 
       4.840292e-01 4.543329e-01 7.106651e-01 
       4.813226e-01 4.489196e-01 7.078354e-01 
       4.786159e-01 4.435063e-01 7.050058e-01 
