function rainbow_r = rainbow_r()
rainbow_r = [ ... 
       1 1.224647e-16 6.123234e-17 
       1 1.231966e-02 6.159947e-03 
       1 2.463745e-02 1.231966e-02 
       1 3.695150e-02 1.847890e-02 
       1 4.925994e-02 2.463745e-02 
       1 6.156091e-02 3.079506e-02 
       1 7.385253e-02 3.695150e-02 
       1 8.613294e-02 4.310654e-02 
       1 9.840028e-02 4.925994e-02 
       1 1.106527e-01 5.541147e-02 
       1 1.228883e-01 6.156091e-02 
       1 1.351052e-01 6.770800e-02 
       1 1.473017e-01 7.385253e-02 
       1 1.594758e-01 7.999425e-02 
       1 1.716257e-01 8.613294e-02 
       1 1.837495e-01 9.226836e-02 
       1 1.958455e-01 9.840028e-02 
       1 2.079117e-01 1.045285e-01 
       1 2.199464e-01 1.106527e-01 
       1 2.319476e-01 1.167727e-01 
       1 2.439137e-01 1.228883e-01 
       1 2.558428e-01 1.289992e-01 
       1 2.677330e-01 1.351052e-01 
       1 2.795826e-01 1.412062e-01 
       1 2.913897e-01 1.473017e-01 
       1 3.031527e-01 1.533917e-01 
       1 3.148696e-01 1.594758e-01 
       1 3.265387e-01 1.655539e-01 
       1 3.381583e-01 1.716257e-01 
       1 3.497265e-01 1.776910e-01 
       1 3.612417e-01 1.837495e-01 
       1 3.727020e-01 1.898011e-01 
       1 3.841057e-01 1.958455e-01 
       1 3.954512e-01 2.018824e-01 
       1 4.067366e-01 2.079117e-01 
       1 4.179603e-01 2.139331e-01 
       1 4.291206e-01 2.199464e-01 
       1 4.402157e-01 2.259513e-01 
       1 4.512441e-01 2.319476e-01 
       1 4.622039e-01 2.379352e-01 
       1 4.730936e-01 2.439137e-01 
       1 4.839114e-01 2.498830e-01 
       1 4.946558e-01 2.558428e-01 
       1 5.053252e-01 2.617929e-01 
       1 5.159178e-01 2.677330e-01 
       1 5.264322e-01 2.736630e-01 
       1 5.368666e-01 2.795826e-01 
       1 5.472195e-01 2.854916e-01 
       1 5.574894e-01 2.913897e-01 
       1 5.676747e-01 2.972769e-01 
       1 5.777738e-01 3.031527e-01 
       1 5.877853e-01 3.090170e-01 
       1 5.977075e-01 3.148696e-01 
       1 6.075389e-01 3.207102e-01 
       1 6.172782e-01 3.265387e-01 
       1 6.269238e-01 3.323548e-01 
       1 6.364742e-01 3.381583e-01 
       1 6.459281e-01 3.439489e-01 
       1 6.552839e-01 3.497265e-01 
       1 6.645402e-01 3.554908e-01 
       1 6.736956e-01 3.612417e-01 
       1 6.827489e-01 3.669788e-01 
       1 6.916984e-01 3.727020e-01 
       1 7.005430e-01 3.784111e-01 
       9.980392e-01 7.092813e-01 3.841057e-01 
       9.901961e-01 7.179119e-01 3.897859e-01 
       9.823529e-01 7.264336e-01 3.954512e-01 
       9.745098e-01 7.348450e-01 4.011015e-01 
       9.666667e-01 7.431448e-01 4.067366e-01 
       9.588235e-01 7.513319e-01 4.123563e-01 
       9.509804e-01 7.594049e-01 4.179603e-01 
       9.431373e-01 7.673627e-01 4.235485e-01 
       9.352941e-01 7.752040e-01 4.291206e-01 
       9.274510e-01 7.829276e-01 4.346764e-01 
       9.196078e-01 7.905324e-01 4.402157e-01 
       9.117647e-01 7.980172e-01 4.457384e-01 
       9.039216e-01 8.053809e-01 4.512441e-01 
       8.960784e-01 8.126224e-01 4.567326e-01 
       8.882353e-01 8.197405e-01 4.622039e-01 
       8.803922e-01 8.267342e-01 4.676576e-01 
       8.725490e-01 8.336024e-01 4.730936e-01 
       8.647059e-01 8.403441e-01 4.785116e-01 
       8.568627e-01 8.469582e-01 4.839114e-01 
       8.490196e-01 8.534438e-01 4.892929e-01 
       8.411765e-01 8.597999e-01 4.946558e-01 
       8.333333e-01 8.660254e-01 5.000000e-01 
       8.254902e-01 8.721195e-01 5.053252e-01 
       8.176471e-01 8.780812e-01 5.106312e-01 
       8.098039e-01 8.839097e-01 5.159178e-01 
       8.019608e-01 8.896040e-01 5.211849e-01 
       7.941176e-01 8.951633e-01 5.264322e-01 
       7.862745e-01 9.005867e-01 5.316595e-01 
       7.784314e-01 9.058734e-01 5.368666e-01 
       7.705882e-01 9.110226e-01 5.420534e-01 
       7.627451e-01 9.160336e-01 5.472195e-01 
       7.549020e-01 9.209055e-01 5.523650e-01 
       7.470588e-01 9.256377e-01 5.574894e-01 
       7.392157e-01 9.302293e-01 5.625928e-01 
       7.313725e-01 9.346798e-01 5.676747e-01 
       7.235294e-01 9.389884e-01 5.727351e-01 
       7.156863e-01 9.431544e-01 5.777738e-01 
       7.078431e-01 9.471774e-01 5.827906e-01 
       7.000000e-01 9.510565e-01 5.877853e-01 
       6.921569e-01 9.547913e-01 5.927576e-01 
       6.843137e-01 9.583812e-01 5.977075e-01 
       6.764706e-01 9.618256e-01 6.026346e-01 
       6.686275e-01 9.651241e-01 6.075389e-01 
       6.607843e-01 9.682760e-01 6.124202e-01 
       6.529412e-01 9.712810e-01 6.172782e-01 
       6.450980e-01 9.741386e-01 6.221128e-01 
       6.372549e-01 9.768483e-01 6.269238e-01 
       6.294118e-01 9.794098e-01 6.317110e-01 
       6.215686e-01 9.818226e-01 6.364742e-01 
       6.137255e-01 9.840863e-01 6.412133e-01 
       6.058824e-01 9.862007e-01 6.459281e-01 
       5.980392e-01 9.881655e-01 6.506183e-01 
       5.901961e-01 9.899802e-01 6.552839e-01 
       5.823529e-01 9.916447e-01 6.599245e-01 
       5.745098e-01 9.931587e-01 6.645402e-01 
       5.666667e-01 9.945219e-01 6.691306e-01 
       5.588235e-01 9.957342e-01 6.736956e-01 
       5.509804e-01 9.967953e-01 6.782351e-01 
       5.431373e-01 9.977052e-01 6.827489e-01 
       5.352941e-01 9.984636e-01 6.872367e-01 
       5.274510e-01 9.990705e-01 6.916984e-01 
       5.196078e-01 9.995257e-01 6.961339e-01 
       5.117647e-01 9.998293e-01 7.005430e-01 
       5.039216e-01 9.999810e-01 7.049255e-01 
       4.960784e-01 9.999810e-01 7.092813e-01 
       4.882353e-01 9.998293e-01 7.136102e-01 
       4.803922e-01 9.995257e-01 7.179119e-01 
       4.725490e-01 9.990705e-01 7.221865e-01 
       4.647059e-01 9.984636e-01 7.264336e-01 
       4.568627e-01 9.977052e-01 7.306531e-01 
       4.490196e-01 9.967953e-01 7.348450e-01 
       4.411765e-01 9.957342e-01 7.390089e-01 
       4.333333e-01 9.945219e-01 7.431448e-01 
       4.254902e-01 9.931587e-01 7.472525e-01 
       4.176471e-01 9.916447e-01 7.513319e-01 
       4.098039e-01 9.899802e-01 7.553827e-01 
       4.019608e-01 9.881655e-01 7.594049e-01 
       3.941176e-01 9.862007e-01 7.633983e-01 
       3.862745e-01 9.840863e-01 7.673627e-01 
       3.784314e-01 9.818226e-01 7.712980e-01 
       3.705882e-01 9.794098e-01 7.752040e-01 
       3.627451e-01 9.768483e-01 7.790806e-01 
       3.549020e-01 9.741386e-01 7.829276e-01 
       3.470588e-01 9.712810e-01 7.867449e-01 
       3.392157e-01 9.682760e-01 7.905324e-01 
       3.313725e-01 9.651241e-01 7.942899e-01 
       3.235294e-01 9.618256e-01 7.980172e-01 
       3.156863e-01 9.583812e-01 8.017143e-01 
       3.078431e-01 9.547913e-01 8.053809e-01 
       3.000000e-01 9.510565e-01 8.090170e-01 
       2.921569e-01 9.471774e-01 8.126224e-01 
       2.843137e-01 9.431544e-01 8.161969e-01 
       2.764706e-01 9.389884e-01 8.197405e-01 
       2.686275e-01 9.346798e-01 8.232529e-01 
       2.607843e-01 9.302293e-01 8.267342e-01 
       2.529412e-01 9.256377e-01 8.301840e-01 
       2.450980e-01 9.209055e-01 8.336024e-01 
       2.372549e-01 9.160336e-01 8.369891e-01 
       2.294118e-01 9.110226e-01 8.403441e-01 
       2.215686e-01 9.058734e-01 8.436671e-01 
       2.137255e-01 9.005867e-01 8.469582e-01 
       2.058824e-01 8.951633e-01 8.502171e-01 
       1.980392e-01 8.896040e-01 8.534438e-01 
       1.901961e-01 8.839097e-01 8.566381e-01 
       1.823529e-01 8.780812e-01 8.597999e-01 
       1.745098e-01 8.721195e-01 8.629290e-01 
       1.666667e-01 8.660254e-01 8.660254e-01 
       1.588235e-01 8.597999e-01 8.690889e-01 
       1.509804e-01 8.534438e-01 8.721195e-01 
       1.431373e-01 8.469582e-01 8.751170e-01 
       1.352941e-01 8.403441e-01 8.780812e-01 
       1.274510e-01 8.336024e-01 8.810122e-01 
       1.196078e-01 8.267342e-01 8.839097e-01 
       1.117647e-01 8.197405e-01 8.867737e-01 
       1.039216e-01 8.126224e-01 8.896040e-01 
       9.607843e-02 8.053809e-01 8.924006e-01 
       8.823529e-02 7.980172e-01 8.951633e-01 
       8.039216e-02 7.905324e-01 8.978920e-01 
       7.254902e-02 7.829276e-01 9.005867e-01 
       6.470588e-02 7.752040e-01 9.032472e-01 
