function rdbu = rdbu()
rdbu = [ ... 
       4.039216e-01 0 1.215686e-01 
       4.154556e-01 3.690888e-03 1.234141e-01 
       4.269896e-01 7.381776e-03 1.252595e-01 
       4.385236e-01 1.107266e-02 1.271050e-01 
       4.500577e-01 1.476355e-02 1.289504e-01 
       4.615917e-01 1.845444e-02 1.307958e-01 
       4.731257e-01 2.214533e-02 1.326413e-01 
       4.846597e-01 2.583622e-02 1.344867e-01 
       4.961938e-01 2.952710e-02 1.363322e-01 
       5.077278e-01 3.321799e-02 1.381776e-01 
       5.192618e-01 3.690888e-02 1.400231e-01 
       5.307958e-01 4.059977e-02 1.418685e-01 
       5.423299e-01 4.429066e-02 1.437140e-01 
       5.538639e-01 4.798155e-02 1.455594e-01 
       5.653979e-01 5.167243e-02 1.474048e-01 
       5.769319e-01 5.536332e-02 1.492503e-01 
       5.884660e-01 5.905421e-02 1.510957e-01 
       6.000000e-01 6.274510e-02 1.529412e-01 
       6.115340e-01 6.643599e-02 1.547866e-01 
       6.230681e-01 7.012687e-02 1.566321e-01 
       6.346021e-01 7.381776e-02 1.584775e-01 
       6.461361e-01 7.750865e-02 1.603230e-01 
       6.576701e-01 8.119954e-02 1.621684e-01 
       6.692042e-01 8.489043e-02 1.640138e-01 
       6.807382e-01 8.858131e-02 1.658593e-01 
       6.922722e-01 9.227220e-02 1.677047e-01 
       7.008074e-01 9.965398e-02 1.712418e-01 
       7.063437e-01 1.107266e-01 1.764706e-01 
       7.118800e-01 1.217993e-01 1.816993e-01 
       7.174164e-01 1.328720e-01 1.869281e-01 
       7.229527e-01 1.439446e-01 1.921569e-01 
       7.284890e-01 1.550173e-01 1.973856e-01 
       7.340254e-01 1.660900e-01 2.026144e-01 
       7.395617e-01 1.771626e-01 2.078431e-01 
       7.450980e-01 1.882353e-01 2.130719e-01 
       7.506344e-01 1.993080e-01 2.183007e-01 
       7.561707e-01 2.103806e-01 2.235294e-01 
       7.617070e-01 2.214533e-01 2.287582e-01 
       7.672434e-01 2.325260e-01 2.339869e-01 
       7.727797e-01 2.435986e-01 2.392157e-01 
       7.783160e-01 2.546713e-01 2.444444e-01 
       7.838524e-01 2.657439e-01 2.496732e-01 
       7.893887e-01 2.768166e-01 2.549020e-01 
       7.949250e-01 2.878893e-01 2.601307e-01 
       8.004614e-01 2.989619e-01 2.653595e-01 
       8.059977e-01 3.100346e-01 2.705882e-01 
       8.115340e-01 3.211073e-01 2.758170e-01 
       8.170704e-01 3.321799e-01 2.810458e-01 
       8.226067e-01 3.432526e-01 2.862745e-01 
       8.281430e-01 3.543253e-01 2.915033e-01 
       8.336794e-01 3.653979e-01 2.967320e-01 
       8.392157e-01 3.764706e-01 3.019608e-01 
       8.438293e-01 3.870819e-01 3.101115e-01 
       8.484429e-01 3.976932e-01 3.182622e-01 
       8.530565e-01 4.083045e-01 3.264129e-01 
       8.576701e-01 4.189158e-01 3.345636e-01 
       8.622837e-01 4.295271e-01 3.427143e-01 
       8.668973e-01 4.401384e-01 3.508651e-01 
       8.715110e-01 4.507497e-01 3.590158e-01 
       8.761246e-01 4.613610e-01 3.671665e-01 
       8.807382e-01 4.719723e-01 3.753172e-01 
       8.853518e-01 4.825836e-01 3.834679e-01 
       8.899654e-01 4.931949e-01 3.916186e-01 
       8.945790e-01 5.038062e-01 3.997693e-01 
       8.991926e-01 5.144175e-01 4.079200e-01 
       9.038062e-01 5.250288e-01 4.160707e-01 
       9.084198e-01 5.356401e-01 4.242215e-01 
       9.130334e-01 5.462514e-01 4.323722e-01 
       9.176471e-01 5.568627e-01 4.405229e-01 
       9.222607e-01 5.674740e-01 4.486736e-01 
       9.268743e-01 5.780854e-01 4.568243e-01 
       9.314879e-01 5.886967e-01 4.649750e-01 
       9.361015e-01 5.993080e-01 4.731257e-01 
       9.407151e-01 6.099193e-01 4.812764e-01 
       9.453287e-01 6.205306e-01 4.894271e-01 
       9.499423e-01 6.311419e-01 4.975779e-01 
       9.545559e-01 6.417532e-01 5.057286e-01 
       9.575548e-01 6.512111e-01 5.151096e-01 
       9.589389e-01 6.595156e-01 5.257209e-01 
       9.603230e-01 6.678201e-01 5.363322e-01 
       9.617070e-01 6.761246e-01 5.469435e-01 
       9.630911e-01 6.844291e-01 5.575548e-01 
       9.644752e-01 6.927336e-01 5.681661e-01 
       9.658593e-01 7.010381e-01 5.787774e-01 
       9.672434e-01 7.093426e-01 5.893887e-01 
       9.686275e-01 7.176471e-01 6.000000e-01 
       9.700115e-01 7.259516e-01 6.106113e-01 
       9.713956e-01 7.342561e-01 6.212226e-01 
       9.727797e-01 7.425606e-01 6.318339e-01 
       9.741638e-01 7.508651e-01 6.424452e-01 
       9.755479e-01 7.591696e-01 6.530565e-01 
       9.769319e-01 7.674740e-01 6.636678e-01 
       9.783160e-01 7.757785e-01 6.742791e-01 
       9.797001e-01 7.840830e-01 6.848904e-01 
       9.810842e-01 7.923875e-01 6.955017e-01 
       9.824683e-01 8.006920e-01 7.061130e-01 
       9.838524e-01 8.089965e-01 7.167243e-01 
       9.852364e-01 8.173010e-01 7.273356e-01 
       9.866205e-01 8.256055e-01 7.379469e-01 
       9.880046e-01 8.339100e-01 7.485582e-01 
       9.893887e-01 8.422145e-01 7.591696e-01 
       9.907728e-01 8.505190e-01 7.697809e-01 
       9.921569e-01 8.588235e-01 7.803922e-01 
       9.912341e-01 8.631296e-01 7.877739e-01 
       9.903114e-01 8.674356e-01 7.951557e-01 
       9.893887e-01 8.717416e-01 8.025375e-01 
       9.884660e-01 8.760477e-01 8.099193e-01 
       9.875433e-01 8.803537e-01 8.173010e-01 
       9.866205e-01 8.846597e-01 8.246828e-01 
       9.856978e-01 8.889658e-01 8.320646e-01 
       9.847751e-01 8.932718e-01 8.394464e-01 
       9.838524e-01 8.975779e-01 8.468281e-01 
       9.829296e-01 9.018839e-01 8.542099e-01 
       9.820069e-01 9.061899e-01 8.615917e-01 
       9.810842e-01 9.104960e-01 8.689735e-01 
       9.801615e-01 9.148020e-01 8.763552e-01 
       9.792388e-01 9.191080e-01 8.837370e-01 
       9.783160e-01 9.234141e-01 8.911188e-01 
       9.773933e-01 9.277201e-01 8.985006e-01 
       9.764706e-01 9.320261e-01 9.058824e-01 
       9.755479e-01 9.363322e-01 9.132641e-01 
       9.746251e-01 9.406382e-01 9.206459e-01 
       9.737024e-01 9.449443e-01 9.280277e-01 
       9.727797e-01 9.492503e-01 9.354095e-01 
       9.718570e-01 9.535563e-01 9.427912e-01 
       9.709343e-01 9.578624e-01 9.501730e-01 
       9.700115e-01 9.621684e-01 9.575548e-01 
       9.690888e-01 9.664744e-01 9.649366e-01 
       9.657055e-01 9.672434e-01 9.680892e-01 
       9.598616e-01 9.644752e-01 9.670127e-01 
       9.540177e-01 9.617070e-01 9.659362e-01 
       9.481738e-01 9.589389e-01 9.648597e-01 
       9.423299e-01 9.561707e-01 9.637832e-01 
       9.364860e-01 9.534025e-01 9.627067e-01 
       9.306421e-01 9.506344e-01 9.616301e-01 
       9.247982e-01 9.478662e-01 9.605536e-01 
       9.189542e-01 9.450980e-01 9.594771e-01 
       9.131103e-01 9.423299e-01 9.584006e-01 
       9.072664e-01 9.395617e-01 9.573241e-01 
       9.014225e-01 9.367935e-01 9.562476e-01 
       8.955786e-01 9.340254e-01 9.551711e-01 
       8.897347e-01 9.312572e-01 9.540946e-01 
       8.838908e-01 9.284890e-01 9.530181e-01 
       8.780469e-01 9.257209e-01 9.519416e-01 
       8.722030e-01 9.229527e-01 9.508651e-01 
       8.663591e-01 9.201845e-01 9.497885e-01 
       8.605152e-01 9.174164e-01 9.487120e-01 
       8.546713e-01 9.146482e-01 9.476355e-01 
       8.488274e-01 9.118800e-01 9.465590e-01 
       8.429835e-01 9.091119e-01 9.454825e-01 
       8.371396e-01 9.063437e-01 9.444060e-01 
       8.312957e-01 9.035755e-01 9.433295e-01 
       8.254517e-01 9.008074e-01 9.422530e-01 
       8.196078e-01 8.980392e-01 9.411765e-01 
       8.099193e-01 8.931180e-01 9.384083e-01 
       8.002307e-01 8.881968e-01 9.356401e-01 
       7.905421e-01 8.832757e-01 9.328720e-01 
       7.808535e-01 8.783545e-01 9.301038e-01 
       7.711649e-01 8.734333e-01 9.273356e-01 
       7.614764e-01 8.685121e-01 9.245675e-01 
       7.517878e-01 8.635909e-01 9.217993e-01 
       7.420992e-01 8.586697e-01 9.190311e-01 
       7.324106e-01 8.537486e-01 9.162630e-01 
       7.227220e-01 8.488274e-01 9.134948e-01 
       7.130334e-01 8.439062e-01 9.107266e-01 
       7.033449e-01 8.389850e-01 9.079585e-01 
       6.936563e-01 8.340638e-01 9.051903e-01 
       6.839677e-01 8.291426e-01 9.024221e-01 
       6.742791e-01 8.242215e-01 8.996540e-01 
