function rdgy_r = rdgy_r()
rdgy_r = [ ... 
       1.019608e-01 1.019608e-01 1.019608e-01 
       1.098039e-01 1.098039e-01 1.098039e-01 
       1.176471e-01 1.176471e-01 1.176471e-01 
       1.254902e-01 1.254902e-01 1.254902e-01 
       1.333333e-01 1.333333e-01 1.333333e-01 
       1.411765e-01 1.411765e-01 1.411765e-01 
       1.490196e-01 1.490196e-01 1.490196e-01 
       1.568627e-01 1.568627e-01 1.568627e-01 
       1.647059e-01 1.647059e-01 1.647059e-01 
       1.725490e-01 1.725490e-01 1.725490e-01 
       1.803922e-01 1.803922e-01 1.803922e-01 
       1.882353e-01 1.882353e-01 1.882353e-01 
       1.960784e-01 1.960784e-01 1.960784e-01 
       2.039216e-01 2.039216e-01 2.039216e-01 
       2.117647e-01 2.117647e-01 2.117647e-01 
       2.196078e-01 2.196078e-01 2.196078e-01 
       2.274510e-01 2.274510e-01 2.274510e-01 
       2.352941e-01 2.352941e-01 2.352941e-01 
       2.431373e-01 2.431373e-01 2.431373e-01 
       2.509804e-01 2.509804e-01 2.509804e-01 
       2.588235e-01 2.588235e-01 2.588235e-01 
       2.666667e-01 2.666667e-01 2.666667e-01 
       2.745098e-01 2.745098e-01 2.745098e-01 
       2.823529e-01 2.823529e-01 2.823529e-01 
       2.901961e-01 2.901961e-01 2.901961e-01 
       2.980392e-01 2.980392e-01 2.980392e-01 
       3.064206e-01 3.064206e-01 3.064206e-01 
       3.153403e-01 3.153403e-01 3.153403e-01 
       3.242599e-01 3.242599e-01 3.242599e-01 
       3.331795e-01 3.331795e-01 3.331795e-01 
       3.420992e-01 3.420992e-01 3.420992e-01 
       3.510188e-01 3.510188e-01 3.510188e-01 
       3.599385e-01 3.599385e-01 3.599385e-01 
       3.688581e-01 3.688581e-01 3.688581e-01 
       3.777778e-01 3.777778e-01 3.777778e-01 
       3.866974e-01 3.866974e-01 3.866974e-01 
       3.956171e-01 3.956171e-01 3.956171e-01 
       4.045367e-01 4.045367e-01 4.045367e-01 
       4.134564e-01 4.134564e-01 4.134564e-01 
       4.223760e-01 4.223760e-01 4.223760e-01 
       4.312957e-01 4.312957e-01 4.312957e-01 
       4.402153e-01 4.402153e-01 4.402153e-01 
       4.491349e-01 4.491349e-01 4.491349e-01 
       4.580546e-01 4.580546e-01 4.580546e-01 
       4.669742e-01 4.669742e-01 4.669742e-01 
       4.758939e-01 4.758939e-01 4.758939e-01 
       4.848135e-01 4.848135e-01 4.848135e-01 
       4.937332e-01 4.937332e-01 4.937332e-01 
       5.026528e-01 5.026528e-01 5.026528e-01 
       5.115725e-01 5.115725e-01 5.115725e-01 
       5.204921e-01 5.204921e-01 5.204921e-01 
       5.294118e-01 5.294118e-01 5.294118e-01 
       5.372549e-01 5.372549e-01 5.372549e-01 
       5.450980e-01 5.450980e-01 5.450980e-01 
       5.529412e-01 5.529412e-01 5.529412e-01 
       5.607843e-01 5.607843e-01 5.607843e-01 
       5.686275e-01 5.686275e-01 5.686275e-01 
       5.764706e-01 5.764706e-01 5.764706e-01 
       5.843137e-01 5.843137e-01 5.843137e-01 
       5.921569e-01 5.921569e-01 5.921569e-01 
       6.000000e-01 6.000000e-01 6.000000e-01 
       6.078431e-01 6.078431e-01 6.078431e-01 
       6.156863e-01 6.156863e-01 6.156863e-01 
       6.235294e-01 6.235294e-01 6.235294e-01 
       6.313725e-01 6.313725e-01 6.313725e-01 
       6.392157e-01 6.392157e-01 6.392157e-01 
       6.470588e-01 6.470588e-01 6.470588e-01 
       6.549020e-01 6.549020e-01 6.549020e-01 
       6.627451e-01 6.627451e-01 6.627451e-01 
       6.705882e-01 6.705882e-01 6.705882e-01 
       6.784314e-01 6.784314e-01 6.784314e-01 
       6.862745e-01 6.862745e-01 6.862745e-01 
       6.941176e-01 6.941176e-01 6.941176e-01 
       7.019608e-01 7.019608e-01 7.019608e-01 
       7.098039e-01 7.098039e-01 7.098039e-01 
       7.176471e-01 7.176471e-01 7.176471e-01 
       7.254902e-01 7.254902e-01 7.254902e-01 
       7.323337e-01 7.323337e-01 7.323337e-01 
       7.381776e-01 7.381776e-01 7.381776e-01 
       7.440215e-01 7.440215e-01 7.440215e-01 
       7.498654e-01 7.498654e-01 7.498654e-01 
       7.557093e-01 7.557093e-01 7.557093e-01 
       7.615532e-01 7.615532e-01 7.615532e-01 
       7.673972e-01 7.673972e-01 7.673972e-01 
       7.732411e-01 7.732411e-01 7.732411e-01 
       7.790850e-01 7.790850e-01 7.790850e-01 
       7.849289e-01 7.849289e-01 7.849289e-01 
       7.907728e-01 7.907728e-01 7.907728e-01 
       7.966167e-01 7.966167e-01 7.966167e-01 
       8.024606e-01 8.024606e-01 8.024606e-01 
       8.083045e-01 8.083045e-01 8.083045e-01 
       8.141484e-01 8.141484e-01 8.141484e-01 
       8.199923e-01 8.199923e-01 8.199923e-01 
       8.258362e-01 8.258362e-01 8.258362e-01 
       8.316801e-01 8.316801e-01 8.316801e-01 
       8.375240e-01 8.375240e-01 8.375240e-01 
       8.433679e-01 8.433679e-01 8.433679e-01 
       8.492118e-01 8.492118e-01 8.492118e-01 
       8.550557e-01 8.550557e-01 8.550557e-01 
       8.608997e-01 8.608997e-01 8.608997e-01 
       8.667436e-01 8.667436e-01 8.667436e-01 
       8.725875e-01 8.725875e-01 8.725875e-01 
       8.784314e-01 8.784314e-01 8.784314e-01 
       8.831988e-01 8.831988e-01 8.831988e-01 
       8.879662e-01 8.879662e-01 8.879662e-01 
       8.927336e-01 8.927336e-01 8.927336e-01 
       8.975010e-01 8.975010e-01 8.975010e-01 
       9.022684e-01 9.022684e-01 9.022684e-01 
       9.070358e-01 9.070358e-01 9.070358e-01 
       9.118032e-01 9.118032e-01 9.118032e-01 
       9.165705e-01 9.165705e-01 9.165705e-01 
       9.213379e-01 9.213379e-01 9.213379e-01 
       9.261053e-01 9.261053e-01 9.261053e-01 
       9.308727e-01 9.308727e-01 9.308727e-01 
       9.356401e-01 9.356401e-01 9.356401e-01 
       9.404075e-01 9.404075e-01 9.404075e-01 
       9.451749e-01 9.451749e-01 9.451749e-01 
       9.499423e-01 9.499423e-01 9.499423e-01 
       9.547097e-01 9.547097e-01 9.547097e-01 
       9.594771e-01 9.594771e-01 9.594771e-01 
       9.642445e-01 9.642445e-01 9.642445e-01 
       9.690119e-01 9.690119e-01 9.690119e-01 
       9.737793e-01 9.737793e-01 9.737793e-01 
       9.785467e-01 9.785467e-01 9.785467e-01 
       9.833141e-01 9.833141e-01 9.833141e-01 
       9.880815e-01 9.880815e-01 9.880815e-01 
       9.928489e-01 9.928489e-01 9.928489e-01 
       9.976163e-01 9.976163e-01 9.976163e-01 
       9.998462e-01 9.972318e-01 9.956940e-01 
       9.995386e-01 9.916955e-01 9.870819e-01 
       9.992311e-01 9.861592e-01 9.784698e-01 
       9.989235e-01 9.806228e-01 9.698577e-01 
       9.986159e-01 9.750865e-01 9.612457e-01 
       9.983083e-01 9.695502e-01 9.526336e-01 
       9.980008e-01 9.640138e-01 9.440215e-01 
       9.976932e-01 9.584775e-01 9.354095e-01 
       9.973856e-01 9.529412e-01 9.267974e-01 
       9.970780e-01 9.474048e-01 9.181853e-01 
       9.967705e-01 9.418685e-01 9.095732e-01 
       9.964629e-01 9.363322e-01 9.009612e-01 
       9.961553e-01 9.307958e-01 8.923491e-01 
       9.958478e-01 9.252595e-01 8.837370e-01 
       9.955402e-01 9.197232e-01 8.751250e-01 
       9.952326e-01 9.141869e-01 8.665129e-01 
       9.949250e-01 9.086505e-01 8.579008e-01 
       9.946175e-01 9.031142e-01 8.492887e-01 
       9.943099e-01 8.975779e-01 8.406767e-01 
       9.940023e-01 8.920415e-01 8.320646e-01 
       9.936947e-01 8.865052e-01 8.234525e-01 
       9.933872e-01 8.809689e-01 8.148404e-01 
       9.930796e-01 8.754325e-01 8.062284e-01 
       9.927720e-01 8.698962e-01 7.976163e-01 
       9.924644e-01 8.643599e-01 7.890042e-01 
       9.921569e-01 8.588235e-01 7.803922e-01 
       9.907728e-01 8.505190e-01 7.697809e-01 
       9.893887e-01 8.422145e-01 7.591696e-01 
       9.880046e-01 8.339100e-01 7.485582e-01 
       9.866205e-01 8.256055e-01 7.379469e-01 
       9.852364e-01 8.173010e-01 7.273356e-01 
       9.838524e-01 8.089965e-01 7.167243e-01 
       9.824683e-01 8.006920e-01 7.061130e-01 
       9.810842e-01 7.923875e-01 6.955017e-01 
       9.797001e-01 7.840830e-01 6.848904e-01 
       9.783160e-01 7.757785e-01 6.742791e-01 
       9.769319e-01 7.674740e-01 6.636678e-01 
       9.755479e-01 7.591696e-01 6.530565e-01 
       9.741638e-01 7.508651e-01 6.424452e-01 
       9.727797e-01 7.425606e-01 6.318339e-01 
       9.713956e-01 7.342561e-01 6.212226e-01 
