function rdpu = rdpu()
rdpu = [ ... 
       1 9.686275e-01 9.529412e-01 
       9.997539e-01 9.657978e-01 9.502345e-01 
       9.995079e-01 9.629681e-01 9.475279e-01 
       9.992618e-01 9.601384e-01 9.448212e-01 
       9.990158e-01 9.573087e-01 9.421146e-01 
       9.987697e-01 9.544790e-01 9.394079e-01 
       9.985236e-01 9.516494e-01 9.367013e-01 
       9.982776e-01 9.488197e-01 9.339946e-01 
       9.980315e-01 9.459900e-01 9.312880e-01 
       9.977855e-01 9.431603e-01 9.285813e-01 
       9.975394e-01 9.403306e-01 9.258747e-01 
       9.972933e-01 9.375010e-01 9.231680e-01 
       9.970473e-01 9.346713e-01 9.204614e-01 
       9.968012e-01 9.318416e-01 9.177547e-01 
       9.965552e-01 9.290119e-01 9.150481e-01 
       9.963091e-01 9.261822e-01 9.123414e-01 
       9.960631e-01 9.233526e-01 9.096348e-01 
       9.958170e-01 9.205229e-01 9.069281e-01 
       9.955709e-01 9.176932e-01 9.042215e-01 
       9.953249e-01 9.148635e-01 9.015148e-01 
       9.950788e-01 9.120338e-01 8.988082e-01 
       9.948328e-01 9.092042e-01 8.961015e-01 
       9.945867e-01 9.063745e-01 8.933948e-01 
       9.943406e-01 9.035448e-01 8.906882e-01 
       9.940946e-01 9.007151e-01 8.879815e-01 
       9.938485e-01 8.978854e-01 8.852749e-01 
       9.936025e-01 8.950557e-01 8.825682e-01 
       9.933564e-01 8.922261e-01 8.798616e-01 
       9.931103e-01 8.893964e-01 8.771549e-01 
       9.928643e-01 8.865667e-01 8.744483e-01 
       9.926182e-01 8.837370e-01 8.717416e-01 
       9.923722e-01 8.809073e-01 8.690350e-01 
       9.921415e-01 8.780161e-01 8.662207e-01 
       9.920185e-01 8.746943e-01 8.626528e-01 
       9.918954e-01 8.713725e-01 8.590850e-01 
       9.917724e-01 8.680507e-01 8.555171e-01 
       9.916494e-01 8.647290e-01 8.519493e-01 
       9.915263e-01 8.614072e-01 8.483814e-01 
       9.914033e-01 8.580854e-01 8.448135e-01 
       9.912803e-01 8.547636e-01 8.412457e-01 
       9.911572e-01 8.514418e-01 8.376778e-01 
       9.910342e-01 8.481200e-01 8.341100e-01 
       9.909112e-01 8.447982e-01 8.305421e-01 
       9.907882e-01 8.414764e-01 8.269742e-01 
       9.906651e-01 8.381546e-01 8.234064e-01 
       9.905421e-01 8.348328e-01 8.198385e-01 
       9.904191e-01 8.315110e-01 8.162707e-01 
       9.902960e-01 8.281892e-01 8.127028e-01 
       9.901730e-01 8.248674e-01 8.091349e-01 
       9.900500e-01 8.215456e-01 8.055671e-01 
       9.899270e-01 8.182238e-01 8.019992e-01 
       9.898039e-01 8.149020e-01 7.984314e-01 
       9.896809e-01 8.115802e-01 7.948635e-01 
       9.895579e-01 8.082584e-01 7.912957e-01 
       9.894348e-01 8.049366e-01 7.877278e-01 
       9.893118e-01 8.016148e-01 7.841599e-01 
       9.891888e-01 7.982930e-01 7.805921e-01 
       9.890657e-01 7.949712e-01 7.770242e-01 
       9.889427e-01 7.916494e-01 7.734564e-01 
       9.888197e-01 7.883276e-01 7.698885e-01 
       9.886967e-01 7.850058e-01 7.663206e-01 
       9.885736e-01 7.816840e-01 7.627528e-01 
       9.884506e-01 7.783622e-01 7.591849e-01 
       9.883276e-01 7.750404e-01 7.556171e-01 
       9.881738e-01 7.713802e-01 7.526028e-01 
       9.879277e-01 7.667051e-01 7.512495e-01 
       9.876817e-01 7.620300e-01 7.498962e-01 
       9.874356e-01 7.573549e-01 7.485429e-01 
       9.871895e-01 7.526797e-01 7.471895e-01 
       9.869435e-01 7.480046e-01 7.458362e-01 
       9.866974e-01 7.433295e-01 7.444829e-01 
       9.864514e-01 7.386544e-01 7.431296e-01 
       9.862053e-01 7.339792e-01 7.417762e-01 
       9.859592e-01 7.293041e-01 7.404229e-01 
       9.857132e-01 7.246290e-01 7.390696e-01 
       9.854671e-01 7.199539e-01 7.377163e-01 
       9.852211e-01 7.152787e-01 7.363629e-01 
       9.849750e-01 7.106036e-01 7.350096e-01 
       9.847290e-01 7.059285e-01 7.336563e-01 
       9.844829e-01 7.012534e-01 7.323030e-01 
       9.842368e-01 6.965782e-01 7.309496e-01 
       9.839908e-01 6.919031e-01 7.295963e-01 
       9.837447e-01 6.872280e-01 7.282430e-01 
       9.834987e-01 6.825529e-01 7.268897e-01 
       9.832526e-01 6.778777e-01 7.255363e-01 
       9.830065e-01 6.732026e-01 7.241830e-01 
       9.827605e-01 6.685275e-01 7.228297e-01 
       9.825144e-01 6.638524e-01 7.214764e-01 
       9.822684e-01 6.591772e-01 7.201230e-01 
       9.820223e-01 6.545021e-01 7.187697e-01 
       9.817762e-01 6.498270e-01 7.174164e-01 
       9.815302e-01 6.451519e-01 7.160631e-01 
       9.812841e-01 6.404767e-01 7.147097e-01 
       9.810381e-01 6.358016e-01 7.133564e-01 
       9.807920e-01 6.311265e-01 7.120031e-01 
       9.805459e-01 6.264514e-01 7.106498e-01 
       9.802537e-01 6.209919e-01 7.088812e-01 
       9.798847e-01 6.142253e-01 7.064206e-01 
       9.795156e-01 6.074587e-01 7.039600e-01 
       9.791465e-01 6.006920e-01 7.014994e-01 
       9.787774e-01 5.939254e-01 6.990388e-01 
       9.784083e-01 5.871588e-01 6.965782e-01 
       9.780392e-01 5.803922e-01 6.941176e-01 
       9.776701e-01 5.736255e-01 6.916571e-01 
       9.773010e-01 5.668589e-01 6.891965e-01 
       9.769319e-01 5.600923e-01 6.867359e-01 
       9.765629e-01 5.533256e-01 6.842753e-01 
       9.761938e-01 5.465590e-01 6.818147e-01 
       9.758247e-01 5.397924e-01 6.793541e-01 
       9.754556e-01 5.330258e-01 6.768935e-01 
       9.750865e-01 5.262591e-01 6.744329e-01 
       9.747174e-01 5.194925e-01 6.719723e-01 
       9.743483e-01 5.127259e-01 6.695117e-01 
       9.739792e-01 5.059592e-01 6.670511e-01 
       9.736101e-01 4.991926e-01 6.645905e-01 
       9.732411e-01 4.924260e-01 6.621300e-01 
       9.728720e-01 4.856594e-01 6.596694e-01 
       9.725029e-01 4.788927e-01 6.572088e-01 
       9.721338e-01 4.721261e-01 6.547482e-01 
       9.717647e-01 4.653595e-01 6.522876e-01 
       9.713956e-01 4.585928e-01 6.498270e-01 
       9.710265e-01 4.518262e-01 6.473664e-01 
       9.706574e-01 4.450596e-01 6.449058e-01 
       9.702884e-01 4.382930e-01 6.424452e-01 
       9.699193e-01 4.315263e-01 6.399846e-01 
       9.695502e-01 4.247597e-01 6.375240e-01 
       9.691811e-01 4.179931e-01 6.350634e-01 
       9.688120e-01 4.112265e-01 6.326028e-01 
       9.670281e-01 4.046444e-01 6.307574e-01 
       9.638293e-01 3.982468e-01 6.295271e-01 
       9.606305e-01 3.918493e-01 6.282968e-01 
       9.574318e-01 3.854517e-01 6.270665e-01 
       9.542330e-01 3.790542e-01 6.258362e-01 
       9.510342e-01 3.726567e-01 6.246059e-01 
       9.478354e-01 3.662591e-01 6.233756e-01 
       9.446367e-01 3.598616e-01 6.221453e-01 
       9.414379e-01 3.534641e-01 6.209150e-01 
       9.382391e-01 3.470665e-01 6.196847e-01 
       9.350404e-01 3.406690e-01 6.184544e-01 
       9.318416e-01 3.342714e-01 6.172241e-01 
       9.286428e-01 3.278739e-01 6.159938e-01 
       9.254441e-01 3.214764e-01 6.147636e-01 
       9.222453e-01 3.150788e-01 6.135333e-01 
       9.190465e-01 3.086813e-01 6.123030e-01 
       9.158478e-01 3.022837e-01 6.110727e-01 
       9.126490e-01 2.958862e-01 6.098424e-01 
       9.094502e-01 2.894887e-01 6.086121e-01 
       9.062514e-01 2.830911e-01 6.073818e-01 
       9.030527e-01 2.766936e-01 6.061515e-01 
       8.998539e-01 2.702960e-01 6.049212e-01 
       8.966551e-01 2.638985e-01 6.036909e-01 
       8.934564e-01 2.575010e-01 6.024606e-01 
       8.902576e-01 2.511034e-01 6.012303e-01 
       8.870588e-01 2.447059e-01 6.000000e-01 
       8.838601e-01 2.383083e-01 5.987697e-01 
       8.806613e-01 2.319108e-01 5.975394e-01 
       8.774625e-01 2.255133e-01 5.963091e-01 
       8.742637e-01 2.191157e-01 5.950788e-01 
       8.710650e-01 2.127182e-01 5.938485e-01 
       8.678662e-01 2.063206e-01 5.926182e-01 
       8.630527e-01 2.000000e-01 5.902345e-01 
       8.572703e-01 1.937255e-01 5.871588e-01 
       8.514879e-01 1.874510e-01 5.840830e-01 
       8.457055e-01 1.811765e-01 5.810073e-01 
       8.399231e-01 1.749020e-01 5.779316e-01 
       8.341407e-01 1.686275e-01 5.748558e-01 
       8.283583e-01 1.623529e-01 5.717801e-01 
       8.225759e-01 1.560784e-01 5.687043e-01 
       8.167935e-01 1.498039e-01 5.656286e-01 
