function rdylbu = rdylbu()
rdylbu = [ ... 
       6.470588e-01 0 1.490196e-01 
       6.547482e-01 7.381776e-03 1.491734e-01 
       6.624375e-01 1.476355e-02 1.493272e-01 
       6.701269e-01 2.214533e-02 1.494810e-01 
       6.778162e-01 2.952710e-02 1.496348e-01 
       6.855056e-01 3.690888e-02 1.497885e-01 
       6.931949e-01 4.429066e-02 1.499423e-01 
       7.008843e-01 5.167243e-02 1.500961e-01 
       7.085736e-01 5.905421e-02 1.502499e-01 
       7.162630e-01 6.643599e-02 1.504037e-01 
       7.239523e-01 7.381776e-02 1.505575e-01 
       7.316417e-01 8.119954e-02 1.507113e-01 
       7.393310e-01 8.858131e-02 1.508651e-01 
       7.470204e-01 9.596309e-02 1.510188e-01 
       7.547097e-01 1.033449e-01 1.511726e-01 
       7.623991e-01 1.107266e-01 1.513264e-01 
       7.700884e-01 1.181084e-01 1.514802e-01 
       7.777778e-01 1.254902e-01 1.516340e-01 
       7.854671e-01 1.328720e-01 1.517878e-01 
       7.931565e-01 1.402537e-01 1.519416e-01 
       8.008458e-01 1.476355e-01 1.520953e-01 
       8.085352e-01 1.550173e-01 1.522491e-01 
       8.162245e-01 1.623991e-01 1.524029e-01 
       8.239139e-01 1.697809e-01 1.525567e-01 
       8.316032e-01 1.771626e-01 1.527105e-01 
       8.392926e-01 1.845444e-01 1.528643e-01 
       8.453672e-01 1.929258e-01 1.550942e-01 
       8.498270e-01 2.023068e-01 1.594002e-01 
       8.542868e-01 2.116878e-01 1.637063e-01 
       8.587466e-01 2.210688e-01 1.680123e-01 
       8.632065e-01 2.304498e-01 1.723183e-01 
       8.676663e-01 2.398308e-01 1.766244e-01 
       8.721261e-01 2.492118e-01 1.809304e-01 
       8.765859e-01 2.585928e-01 1.852364e-01 
       8.810458e-01 2.679739e-01 1.895425e-01 
       8.855056e-01 2.773549e-01 1.938485e-01 
       8.899654e-01 2.867359e-01 1.981546e-01 
       8.944252e-01 2.961169e-01 2.024606e-01 
       8.988850e-01 3.054979e-01 2.067666e-01 
       9.033449e-01 3.148789e-01 2.110727e-01 
       9.078047e-01 3.242599e-01 2.153787e-01 
       9.122645e-01 3.336409e-01 2.196847e-01 
       9.167243e-01 3.430219e-01 2.239908e-01 
       9.211842e-01 3.524029e-01 2.282968e-01 
       9.256440e-01 3.617839e-01 2.326028e-01 
       9.301038e-01 3.711649e-01 2.369089e-01 
       9.345636e-01 3.805459e-01 2.412149e-01 
       9.390235e-01 3.899270e-01 2.455210e-01 
       9.434833e-01 3.993080e-01 2.498270e-01 
       9.479431e-01 4.086890e-01 2.541330e-01 
       9.524029e-01 4.180700e-01 2.584391e-01 
       9.568627e-01 4.274510e-01 2.627451e-01 
       9.582468e-01 4.374471e-01 2.673587e-01 
       9.596309e-01 4.474433e-01 2.719723e-01 
       9.610150e-01 4.574394e-01 2.765859e-01 
       9.623991e-01 4.674356e-01 2.811995e-01 
       9.637832e-01 4.774318e-01 2.858131e-01 
       9.651672e-01 4.874279e-01 2.904268e-01 
       9.665513e-01 4.974241e-01 2.950404e-01 
       9.679354e-01 5.074202e-01 2.996540e-01 
       9.693195e-01 5.174164e-01 3.042676e-01 
       9.707036e-01 5.274125e-01 3.088812e-01 
       9.720877e-01 5.374087e-01 3.134948e-01 
       9.734717e-01 5.474048e-01 3.181084e-01 
       9.748558e-01 5.574010e-01 3.227220e-01 
       9.762399e-01 5.673972e-01 3.273356e-01 
       9.776240e-01 5.773933e-01 3.319493e-01 
       9.790081e-01 5.873895e-01 3.365629e-01 
       9.803922e-01 5.973856e-01 3.411765e-01 
       9.817762e-01 6.073818e-01 3.457901e-01 
       9.831603e-01 6.173779e-01 3.504037e-01 
       9.845444e-01 6.273741e-01 3.550173e-01 
       9.859285e-01 6.373702e-01 3.596309e-01 
       9.873126e-01 6.473664e-01 3.642445e-01 
       9.886967e-01 6.573626e-01 3.688581e-01 
       9.900807e-01 6.673587e-01 3.734717e-01 
       9.914648e-01 6.773549e-01 3.780854e-01 
       9.922338e-01 6.861976e-01 3.840062e-01 
       9.923875e-01 6.938870e-01 3.912341e-01 
       9.925413e-01 7.015763e-01 3.984621e-01 
       9.926951e-01 7.092657e-01 4.056901e-01 
       9.928489e-01 7.169550e-01 4.129181e-01 
       9.930027e-01 7.246444e-01 4.201461e-01 
       9.931565e-01 7.323337e-01 4.273741e-01 
       9.933103e-01 7.400231e-01 4.346021e-01 
       9.934641e-01 7.477124e-01 4.418301e-01 
       9.936178e-01 7.554018e-01 4.490581e-01 
       9.937716e-01 7.630911e-01 4.562860e-01 
       9.939254e-01 7.707805e-01 4.635140e-01 
       9.940792e-01 7.784698e-01 4.707420e-01 
       9.942330e-01 7.861592e-01 4.779700e-01 
       9.943868e-01 7.938485e-01 4.851980e-01 
       9.945406e-01 8.015379e-01 4.924260e-01 
       9.946943e-01 8.092272e-01 4.996540e-01 
       9.948481e-01 8.169166e-01 5.068820e-01 
       9.950019e-01 8.246059e-01 5.141100e-01 
       9.951557e-01 8.322953e-01 5.213379e-01 
       9.953095e-01 8.399846e-01 5.285659e-01 
       9.954633e-01 8.476740e-01 5.357939e-01 
       9.956171e-01 8.553633e-01 5.430219e-01 
       9.957709e-01 8.630527e-01 5.502499e-01 
       9.959246e-01 8.707420e-01 5.574779e-01 
       9.960784e-01 8.784314e-01 5.647059e-01 
       9.962322e-01 8.831988e-01 5.719339e-01 
       9.963860e-01 8.879662e-01 5.791619e-01 
       9.965398e-01 8.927336e-01 5.863899e-01 
       9.966936e-01 8.975010e-01 5.936178e-01 
       9.968474e-01 9.022684e-01 6.008458e-01 
       9.970012e-01 9.070358e-01 6.080738e-01 
       9.971549e-01 9.118032e-01 6.153018e-01 
       9.973087e-01 9.165705e-01 6.225298e-01 
       9.974625e-01 9.213379e-01 6.297578e-01 
       9.976163e-01 9.261053e-01 6.369858e-01 
       9.977701e-01 9.308727e-01 6.442138e-01 
       9.979239e-01 9.356401e-01 6.514418e-01 
       9.980777e-01 9.404075e-01 6.586697e-01 
       9.982314e-01 9.451749e-01 6.658977e-01 
       9.983852e-01 9.499423e-01 6.731257e-01 
       9.985390e-01 9.547097e-01 6.803537e-01 
       9.986928e-01 9.594771e-01 6.875817e-01 
       9.988466e-01 9.642445e-01 6.948097e-01 
       9.990004e-01 9.690119e-01 7.020377e-01 
       9.991542e-01 9.737793e-01 7.092657e-01 
       9.993080e-01 9.785467e-01 7.164937e-01 
       9.994617e-01 9.833141e-01 7.237216e-01 
       9.996155e-01 9.880815e-01 7.309496e-01 
       9.997693e-01 9.928489e-01 7.381776e-01 
       9.999231e-01 9.976163e-01 7.454056e-01 
       9.976163e-01 9.990773e-01 7.534025e-01 
       9.928489e-01 9.972318e-01 7.621684e-01 
       9.880815e-01 9.953864e-01 7.709343e-01 
       9.833141e-01 9.935409e-01 7.797001e-01 
       9.785467e-01 9.916955e-01 7.884660e-01 
       9.737793e-01 9.898501e-01 7.972318e-01 
       9.690119e-01 9.880046e-01 8.059977e-01 
       9.642445e-01 9.861592e-01 8.147636e-01 
       9.594771e-01 9.843137e-01 8.235294e-01 
       9.547097e-01 9.824683e-01 8.322953e-01 
       9.499423e-01 9.806228e-01 8.410611e-01 
       9.451749e-01 9.787774e-01 8.498270e-01 
       9.404075e-01 9.769319e-01 8.585928e-01 
       9.356401e-01 9.750865e-01 8.673587e-01 
       9.308727e-01 9.732411e-01 8.761246e-01 
       9.261053e-01 9.713956e-01 8.848904e-01 
       9.213379e-01 9.695502e-01 8.936563e-01 
       9.165705e-01 9.677047e-01 9.024221e-01 
       9.118032e-01 9.658593e-01 9.111880e-01 
       9.070358e-01 9.640138e-01 9.199539e-01 
       9.022684e-01 9.621684e-01 9.287197e-01 
       8.975010e-01 9.603230e-01 9.374856e-01 
       8.927336e-01 9.584775e-01 9.462514e-01 
       8.879662e-01 9.566321e-01 9.550173e-01 
       8.831988e-01 9.547866e-01 9.637832e-01 
       8.784314e-01 9.529412e-01 9.725490e-01 
       8.702807e-01 9.489427e-01 9.702422e-01 
       8.621300e-01 9.449443e-01 9.679354e-01 
       8.539792e-01 9.409458e-01 9.656286e-01 
       8.458285e-01 9.369473e-01 9.633218e-01 
       8.376778e-01 9.329489e-01 9.610150e-01 
       8.295271e-01 9.289504e-01 9.587082e-01 
       8.213764e-01 9.249519e-01 9.564014e-01 
       8.132257e-01 9.209535e-01 9.540946e-01 
       8.050750e-01 9.169550e-01 9.517878e-01 
       7.969243e-01 9.129566e-01 9.494810e-01 
       7.887735e-01 9.089581e-01 9.471742e-01 
       7.806228e-01 9.049596e-01 9.448674e-01 
       7.724721e-01 9.009612e-01 9.425606e-01 
       7.643214e-01 8.969627e-01 9.402537e-01 
       7.561707e-01 8.929642e-01 9.379469e-01 
