function rdylgn = rdylgn()
rdylgn = [ ... 
       6.470588e-01 0 1.490196e-01 
       6.547482e-01 7.381776e-03 1.491734e-01 
       6.624375e-01 1.476355e-02 1.493272e-01 
       6.701269e-01 2.214533e-02 1.494810e-01 
       6.778162e-01 2.952710e-02 1.496348e-01 
       6.855056e-01 3.690888e-02 1.497885e-01 
       6.931949e-01 4.429066e-02 1.499423e-01 
       7.008843e-01 5.167243e-02 1.500961e-01 
       7.085736e-01 5.905421e-02 1.502499e-01 
       7.162630e-01 6.643599e-02 1.504037e-01 
       7.239523e-01 7.381776e-02 1.505575e-01 
       7.316417e-01 8.119954e-02 1.507113e-01 
       7.393310e-01 8.858131e-02 1.508651e-01 
       7.470204e-01 9.596309e-02 1.510188e-01 
       7.547097e-01 1.033449e-01 1.511726e-01 
       7.623991e-01 1.107266e-01 1.513264e-01 
       7.700884e-01 1.181084e-01 1.514802e-01 
       7.777778e-01 1.254902e-01 1.516340e-01 
       7.854671e-01 1.328720e-01 1.517878e-01 
       7.931565e-01 1.402537e-01 1.519416e-01 
       8.008458e-01 1.476355e-01 1.520953e-01 
       8.085352e-01 1.550173e-01 1.522491e-01 
       8.162245e-01 1.623991e-01 1.524029e-01 
       8.239139e-01 1.697809e-01 1.525567e-01 
       8.316032e-01 1.771626e-01 1.527105e-01 
       8.392926e-01 1.845444e-01 1.528643e-01 
       8.453672e-01 1.929258e-01 1.550942e-01 
       8.498270e-01 2.023068e-01 1.594002e-01 
       8.542868e-01 2.116878e-01 1.637063e-01 
       8.587466e-01 2.210688e-01 1.680123e-01 
       8.632065e-01 2.304498e-01 1.723183e-01 
       8.676663e-01 2.398308e-01 1.766244e-01 
       8.721261e-01 2.492118e-01 1.809304e-01 
       8.765859e-01 2.585928e-01 1.852364e-01 
       8.810458e-01 2.679739e-01 1.895425e-01 
       8.855056e-01 2.773549e-01 1.938485e-01 
       8.899654e-01 2.867359e-01 1.981546e-01 
       8.944252e-01 2.961169e-01 2.024606e-01 
       8.988850e-01 3.054979e-01 2.067666e-01 
       9.033449e-01 3.148789e-01 2.110727e-01 
       9.078047e-01 3.242599e-01 2.153787e-01 
       9.122645e-01 3.336409e-01 2.196847e-01 
       9.167243e-01 3.430219e-01 2.239908e-01 
       9.211842e-01 3.524029e-01 2.282968e-01 
       9.256440e-01 3.617839e-01 2.326028e-01 
       9.301038e-01 3.711649e-01 2.369089e-01 
       9.345636e-01 3.805459e-01 2.412149e-01 
       9.390235e-01 3.899270e-01 2.455210e-01 
       9.434833e-01 3.993080e-01 2.498270e-01 
       9.479431e-01 4.086890e-01 2.541330e-01 
       9.524029e-01 4.180700e-01 2.584391e-01 
       9.568627e-01 4.274510e-01 2.627451e-01 
       9.582468e-01 4.374471e-01 2.673587e-01 
       9.596309e-01 4.474433e-01 2.719723e-01 
       9.610150e-01 4.574394e-01 2.765859e-01 
       9.623991e-01 4.674356e-01 2.811995e-01 
       9.637832e-01 4.774318e-01 2.858131e-01 
       9.651672e-01 4.874279e-01 2.904268e-01 
       9.665513e-01 4.974241e-01 2.950404e-01 
       9.679354e-01 5.074202e-01 2.996540e-01 
       9.693195e-01 5.174164e-01 3.042676e-01 
       9.707036e-01 5.274125e-01 3.088812e-01 
       9.720877e-01 5.374087e-01 3.134948e-01 
       9.734717e-01 5.474048e-01 3.181084e-01 
       9.748558e-01 5.574010e-01 3.227220e-01 
       9.762399e-01 5.673972e-01 3.273356e-01 
       9.776240e-01 5.773933e-01 3.319493e-01 
       9.790081e-01 5.873895e-01 3.365629e-01 
       9.803922e-01 5.973856e-01 3.411765e-01 
       9.817762e-01 6.073818e-01 3.457901e-01 
       9.831603e-01 6.173779e-01 3.504037e-01 
       9.845444e-01 6.273741e-01 3.550173e-01 
       9.859285e-01 6.373702e-01 3.596309e-01 
       9.873126e-01 6.473664e-01 3.642445e-01 
       9.886967e-01 6.573626e-01 3.688581e-01 
       9.900807e-01 6.673587e-01 3.734717e-01 
       9.914648e-01 6.773549e-01 3.780854e-01 
       9.922338e-01 6.861976e-01 3.836217e-01 
       9.923875e-01 6.938870e-01 3.900807e-01 
       9.925413e-01 7.015763e-01 3.965398e-01 
       9.926951e-01 7.092657e-01 4.029988e-01 
       9.928489e-01 7.169550e-01 4.094579e-01 
       9.930027e-01 7.246444e-01 4.159170e-01 
       9.931565e-01 7.323337e-01 4.223760e-01 
       9.933103e-01 7.400231e-01 4.288351e-01 
       9.934641e-01 7.477124e-01 4.352941e-01 
       9.936178e-01 7.554018e-01 4.417532e-01 
       9.937716e-01 7.630911e-01 4.482122e-01 
       9.939254e-01 7.707805e-01 4.546713e-01 
       9.940792e-01 7.784698e-01 4.611303e-01 
       9.942330e-01 7.861592e-01 4.675894e-01 
       9.943868e-01 7.938485e-01 4.740484e-01 
       9.945406e-01 8.015379e-01 4.805075e-01 
       9.946943e-01 8.092272e-01 4.869666e-01 
       9.948481e-01 8.169166e-01 4.934256e-01 
       9.950019e-01 8.246059e-01 4.998847e-01 
       9.951557e-01 8.322953e-01 5.063437e-01 
       9.953095e-01 8.399846e-01 5.128028e-01 
       9.954633e-01 8.476740e-01 5.192618e-01 
       9.956171e-01 8.553633e-01 5.257209e-01 
       9.957709e-01 8.630527e-01 5.321799e-01 
       9.959246e-01 8.707420e-01 5.386390e-01 
       9.960784e-01 8.784314e-01 5.450980e-01 
       9.962322e-01 8.831988e-01 5.530950e-01 
       9.963860e-01 8.879662e-01 5.610919e-01 
       9.965398e-01 8.927336e-01 5.690888e-01 
       9.966936e-01 8.975010e-01 5.770857e-01 
       9.968474e-01 9.022684e-01 5.850827e-01 
       9.970012e-01 9.070358e-01 5.930796e-01 
       9.971549e-01 9.118032e-01 6.010765e-01 
       9.973087e-01 9.165705e-01 6.090734e-01 
       9.974625e-01 9.213379e-01 6.170704e-01 
       9.976163e-01 9.261053e-01 6.250673e-01 
       9.977701e-01 9.308727e-01 6.330642e-01 
       9.979239e-01 9.356401e-01 6.410611e-01 
       9.980777e-01 9.404075e-01 6.490581e-01 
       9.982314e-01 9.451749e-01 6.570550e-01 
       9.983852e-01 9.499423e-01 6.650519e-01 
       9.985390e-01 9.547097e-01 6.730488e-01 
       9.986928e-01 9.594771e-01 6.810458e-01 
       9.988466e-01 9.642445e-01 6.890427e-01 
       9.990004e-01 9.690119e-01 6.970396e-01 
       9.991542e-01 9.737793e-01 7.050365e-01 
       9.993080e-01 9.785467e-01 7.130334e-01 
       9.994617e-01 9.833141e-01 7.210304e-01 
       9.996155e-01 9.880815e-01 7.290273e-01 
       9.997693e-01 9.928489e-01 7.370242e-01 
       9.999231e-01 9.976163e-01 7.450211e-01 
       9.970780e-01 9.987697e-01 7.450211e-01 
       9.912341e-01 9.963091e-01 7.370242e-01 
       9.853902e-01 9.938485e-01 7.290273e-01 
       9.795463e-01 9.913879e-01 7.210304e-01 
       9.737024e-01 9.889273e-01 7.130334e-01 
       9.678585e-01 9.864667e-01 7.050365e-01 
       9.620146e-01 9.840062e-01 6.970396e-01 
       9.561707e-01 9.815456e-01 6.890427e-01 
       9.503268e-01 9.790850e-01 6.810458e-01 
       9.444829e-01 9.766244e-01 6.730488e-01 
       9.386390e-01 9.741638e-01 6.650519e-01 
       9.327951e-01 9.717032e-01 6.570550e-01 
       9.269512e-01 9.692426e-01 6.490581e-01 
       9.211073e-01 9.667820e-01 6.410611e-01 
       9.152634e-01 9.643214e-01 6.330642e-01 
       9.094195e-01 9.618608e-01 6.250673e-01 
       9.035755e-01 9.594002e-01 6.170704e-01 
       8.977316e-01 9.569396e-01 6.090734e-01 
       8.918877e-01 9.544790e-01 6.010765e-01 
       8.860438e-01 9.520185e-01 5.930796e-01 
       8.801999e-01 9.495579e-01 5.850827e-01 
       8.743560e-01 9.470973e-01 5.770857e-01 
       8.685121e-01 9.446367e-01 5.690888e-01 
       8.626682e-01 9.421761e-01 5.610919e-01 
       8.568243e-01 9.397155e-01 5.530950e-01 
       8.509804e-01 9.372549e-01 5.450980e-01 
       8.431373e-01 9.338716e-01 5.400231e-01 
       8.352941e-01 9.304883e-01 5.349481e-01 
       8.274510e-01 9.271050e-01 5.298731e-01 
       8.196078e-01 9.237216e-01 5.247982e-01 
       8.117647e-01 9.203383e-01 5.197232e-01 
       8.039216e-01 9.169550e-01 5.146482e-01 
       7.960784e-01 9.135717e-01 5.095732e-01 
       7.882353e-01 9.101884e-01 5.044983e-01 
       7.803922e-01 9.068051e-01 4.994233e-01 
       7.725490e-01 9.034218e-01 4.943483e-01 
       7.647059e-01 9.000384e-01 4.892734e-01 
       7.568627e-01 8.966551e-01 4.841984e-01 
       7.490196e-01 8.932718e-01 4.791234e-01 
       7.411765e-01 8.898885e-01 4.740484e-01 
       7.333333e-01 8.865052e-01 4.689735e-01 
