function reds_r = reds_r()
reds_r = [ ... 
       4.039216e-01 0 5.098039e-02 
       4.115494e-01 1.845444e-03 5.196463e-02 
       4.191772e-01 3.690888e-03 5.294887e-02 
       4.268051e-01 5.536332e-03 5.393310e-02 
       4.344329e-01 7.381776e-03 5.491734e-02 
       4.420607e-01 9.227220e-03 5.590158e-02 
       4.496886e-01 1.107266e-02 5.688581e-02 
       4.573164e-01 1.291811e-02 5.787005e-02 
       4.649443e-01 1.476355e-02 5.885429e-02 
       4.725721e-01 1.660900e-02 5.983852e-02 
       4.801999e-01 1.845444e-02 6.082276e-02 
       4.878278e-01 2.029988e-02 6.180700e-02 
       4.954556e-01 2.214533e-02 6.279123e-02 
       5.030834e-01 2.399077e-02 6.377547e-02 
       5.107113e-01 2.583622e-02 6.475971e-02 
       5.183391e-01 2.768166e-02 6.574394e-02 
       5.259669e-01 2.952710e-02 6.672818e-02 
       5.335948e-01 3.137255e-02 6.771242e-02 
       5.412226e-01 3.321799e-02 6.869666e-02 
       5.488504e-01 3.506344e-02 6.968089e-02 
       5.564783e-01 3.690888e-02 7.066513e-02 
       5.641061e-01 3.875433e-02 7.164937e-02 
       5.717339e-01 4.059977e-02 7.263360e-02 
       5.793618e-01 4.244521e-02 7.361784e-02 
       5.869896e-01 4.429066e-02 7.460208e-02 
       5.946175e-01 4.613610e-02 7.558631e-02 
       6.022453e-01 4.798155e-02 7.657055e-02 
       6.098731e-01 4.982699e-02 7.755479e-02 
       6.175010e-01 5.167243e-02 7.853902e-02 
       6.251288e-01 5.351788e-02 7.952326e-02 
       6.327566e-01 5.536332e-02 8.050750e-02 
       6.403845e-01 5.720877e-02 8.149173e-02 
       6.476432e-01 5.896194e-02 8.247597e-02 
       6.523183e-01 6.006920e-02 8.346021e-02 
       6.569935e-01 6.117647e-02 8.444444e-02 
       6.616686e-01 6.228374e-02 8.542868e-02 
       6.663437e-01 6.339100e-02 8.641292e-02 
       6.710188e-01 6.449827e-02 8.739715e-02 
       6.756940e-01 6.560554e-02 8.838139e-02 
       6.803691e-01 6.671280e-02 8.936563e-02 
       6.850442e-01 6.782007e-02 9.034987e-02 
       6.897193e-01 6.892734e-02 9.133410e-02 
       6.943945e-01 7.003460e-02 9.231834e-02 
       6.990696e-01 7.114187e-02 9.330258e-02 
       7.037447e-01 7.224913e-02 9.428681e-02 
       7.084198e-01 7.335640e-02 9.527105e-02 
       7.130950e-01 7.446367e-02 9.625529e-02 
       7.177701e-01 7.557093e-02 9.723952e-02 
       7.224452e-01 7.667820e-02 9.822376e-02 
       7.271203e-01 7.778547e-02 9.920800e-02 
       7.317955e-01 7.889273e-02 1.001922e-01 
       7.364706e-01 8.000000e-02 1.011765e-01 
       7.411457e-01 8.110727e-02 1.021607e-01 
       7.458208e-01 8.221453e-02 1.031449e-01 
       7.504960e-01 8.332180e-02 1.041292e-01 
       7.551711e-01 8.442907e-02 1.051134e-01 
       7.598462e-01 8.553633e-02 1.060977e-01 
       7.645213e-01 8.664360e-02 1.070819e-01 
       7.691965e-01 8.775087e-02 1.080661e-01 
       7.738716e-01 8.885813e-02 1.090504e-01 
       7.785467e-01 8.996540e-02 1.100346e-01 
       7.832218e-01 9.107266e-02 1.110188e-01 
       7.878970e-01 9.217993e-02 1.120031e-01 
       7.925721e-01 9.328720e-02 1.129873e-01 
       7.971857e-01 9.519416e-02 1.141869e-01 
       8.016148e-01 9.950019e-02 1.160323e-01 
       8.060438e-01 1.038062e-01 1.178777e-01 
       8.104729e-01 1.081123e-01 1.197232e-01 
       8.149020e-01 1.124183e-01 1.215686e-01 
       8.193310e-01 1.167243e-01 1.234141e-01 
       8.237601e-01 1.210304e-01 1.252595e-01 
       8.281892e-01 1.253364e-01 1.271050e-01 
       8.326182e-01 1.296424e-01 1.289504e-01 
       8.370473e-01 1.339485e-01 1.307958e-01 
       8.414764e-01 1.382545e-01 1.326413e-01 
       8.459054e-01 1.425606e-01 1.344867e-01 
       8.503345e-01 1.468666e-01 1.363322e-01 
       8.547636e-01 1.511726e-01 1.381776e-01 
       8.591926e-01 1.554787e-01 1.400231e-01 
       8.636217e-01 1.597847e-01 1.418685e-01 
       8.680507e-01 1.640907e-01 1.437140e-01 
       8.724798e-01 1.683968e-01 1.455594e-01 
       8.769089e-01 1.727028e-01 1.474048e-01 
       8.813379e-01 1.770088e-01 1.492503e-01 
       8.857670e-01 1.813149e-01 1.510957e-01 
       8.901961e-01 1.856209e-01 1.529412e-01 
       8.946251e-01 1.899270e-01 1.547866e-01 
       8.990542e-01 1.942330e-01 1.566321e-01 
       9.034833e-01 1.985390e-01 1.584775e-01 
       9.079123e-01 2.028451e-01 1.603230e-01 
       9.123414e-01 2.071511e-01 1.621684e-01 
       9.167705e-01 2.114571e-01 1.640138e-01 
       9.211995e-01 2.157632e-01 1.658593e-01 
       9.256286e-01 2.200692e-01 1.677047e-01 
       9.300577e-01 2.243752e-01 1.695502e-01 
       9.344867e-01 2.286813e-01 1.713956e-01 
       9.378085e-01 2.335409e-01 1.739331e-01 
       9.392849e-01 2.393233e-01 1.776240e-01 
       9.407612e-01 2.451057e-01 1.813149e-01 
       9.422376e-01 2.508881e-01 1.850058e-01 
       9.437140e-01 2.566705e-01 1.886967e-01 
       9.451903e-01 2.624529e-01 1.923875e-01 
       9.466667e-01 2.682353e-01 1.960784e-01 
       9.481430e-01 2.740177e-01 1.997693e-01 
       9.496194e-01 2.798001e-01 2.034602e-01 
       9.510957e-01 2.855825e-01 2.071511e-01 
       9.525721e-01 2.913649e-01 2.108420e-01 
       9.540484e-01 2.971473e-01 2.145329e-01 
       9.555248e-01 3.029296e-01 2.182238e-01 
       9.570012e-01 3.087120e-01 2.219146e-01 
       9.584775e-01 3.144944e-01 2.256055e-01 
       9.599539e-01 3.202768e-01 2.292964e-01 
       9.614302e-01 3.260592e-01 2.329873e-01 
       9.629066e-01 3.318416e-01 2.366782e-01 
       9.643829e-01 3.376240e-01 2.403691e-01 
       9.658593e-01 3.434064e-01 2.440600e-01 
       9.673356e-01 3.491888e-01 2.477509e-01 
       9.688120e-01 3.549712e-01 2.514418e-01 
       9.702884e-01 3.607536e-01 2.551326e-01 
       9.717647e-01 3.665359e-01 2.588235e-01 
       9.732411e-01 3.723183e-01 2.625144e-01 
       9.747174e-01 3.781007e-01 2.662053e-01 
       9.761938e-01 3.838831e-01 2.698962e-01 
       9.776701e-01 3.896655e-01 2.735871e-01 
       9.791465e-01 3.954479e-01 2.772780e-01 
       9.806228e-01 4.012303e-01 2.809689e-01 
       9.820992e-01 4.070127e-01 2.846597e-01 
       9.835755e-01 4.127951e-01 2.883506e-01 
       9.843752e-01 4.181469e-01 2.926567e-01 
       9.844983e-01 4.230681e-01 2.975779e-01 
       9.846213e-01 4.279892e-01 3.024990e-01 
       9.847443e-01 4.329104e-01 3.074202e-01 
       9.848674e-01 4.378316e-01 3.123414e-01 
       9.849904e-01 4.427528e-01 3.172626e-01 
       9.851134e-01 4.476740e-01 3.221838e-01 
       9.852364e-01 4.525952e-01 3.271050e-01 
       9.853595e-01 4.575163e-01 3.320261e-01 
       9.854825e-01 4.624375e-01 3.369473e-01 
       9.856055e-01 4.673587e-01 3.418685e-01 
       9.857286e-01 4.722799e-01 3.467897e-01 
       9.858516e-01 4.772011e-01 3.517109e-01 
       9.859746e-01 4.821223e-01 3.566321e-01 
       9.860977e-01 4.870434e-01 3.615532e-01 
       9.862207e-01 4.919646e-01 3.664744e-01 
       9.863437e-01 4.968858e-01 3.713956e-01 
       9.864667e-01 5.018070e-01 3.763168e-01 
       9.865898e-01 5.067282e-01 3.812380e-01 
       9.867128e-01 5.116494e-01 3.861592e-01 
       9.868358e-01 5.165705e-01 3.910804e-01 
       9.869589e-01 5.214917e-01 3.960015e-01 
       9.870819e-01 5.264129e-01 4.009227e-01 
       9.872049e-01 5.313341e-01 4.058439e-01 
       9.873280e-01 5.362553e-01 4.107651e-01 
       9.874510e-01 5.411765e-01 4.156863e-01 
       9.875740e-01 5.460977e-01 4.206075e-01 
       9.876970e-01 5.510188e-01 4.255286e-01 
       9.878201e-01 5.559400e-01 4.304498e-01 
       9.879431e-01 5.608612e-01 4.353710e-01 
       9.880661e-01 5.657824e-01 4.402922e-01 
       9.881892e-01 5.707036e-01 4.452134e-01 
       9.882353e-01 5.757017e-01 4.506728e-01 
       9.882353e-01 5.807459e-01 4.564552e-01 
       9.882353e-01 5.857901e-01 4.622376e-01 
       9.882353e-01 5.908343e-01 4.680200e-01 
       9.882353e-01 5.958785e-01 4.738024e-01 
       9.882353e-01 6.009227e-01 4.795848e-01 
       9.882353e-01 6.059669e-01 4.853672e-01 
       9.882353e-01 6.110111e-01 4.911496e-01 
       9.882353e-01 6.160554e-01 4.969319e-01 
