function seismic_r = seismic_r()
seismic_r = [ ... 
       5.000000e-01 0 0 
       5.078431e-01 0 0 
       5.156863e-01 0 0 
       5.235294e-01 0 0 
       5.313725e-01 0 0 
       5.392157e-01 0 0 
       5.470588e-01 0 0 
       5.549020e-01 0 0 
       5.627451e-01 0 0 
       5.705882e-01 0 0 
       5.784314e-01 0 0 
       5.862745e-01 0 0 
       5.941176e-01 0 0 
       6.019608e-01 0 0 
       6.098039e-01 0 0 
       6.176471e-01 0 0 
       6.254902e-01 0 0 
       6.333333e-01 0 0 
       6.411765e-01 0 0 
       6.490196e-01 0 0 
       6.568627e-01 0 0 
       6.647059e-01 0 0 
       6.725490e-01 0 0 
       6.803922e-01 0 0 
       6.882353e-01 0 0 
       6.960784e-01 0 0 
       7.039216e-01 0 0 
       7.117647e-01 0 0 
       7.196078e-01 0 0 
       7.274510e-01 0 0 
       7.352941e-01 0 0 
       7.431373e-01 0 0 
       7.509804e-01 0 0 
       7.588235e-01 0 0 
       7.666667e-01 0 0 
       7.745098e-01 0 0 
       7.823529e-01 0 0 
       7.901961e-01 0 0 
       7.980392e-01 0 0 
       8.058824e-01 0 0 
       8.137255e-01 0 0 
       8.215686e-01 0 0 
       8.294118e-01 0 0 
       8.372549e-01 0 0 
       8.450980e-01 0 0 
       8.529412e-01 0 0 
       8.607843e-01 0 0 
       8.686275e-01 0 0 
       8.764706e-01 0 0 
       8.843137e-01 0 0 
       8.921569e-01 0 0 
       9.000000e-01 0 0 
       9.078431e-01 0 0 
       9.156863e-01 0 0 
       9.235294e-01 0 0 
       9.313725e-01 0 0 
       9.392157e-01 0 0 
       9.470588e-01 0 0 
       9.549020e-01 0 0 
       9.627451e-01 0 0 
       9.705882e-01 0 0 
       9.784314e-01 0 0 
       9.862745e-01 0 0 
       9.941176e-01 0 0 
       1 3.921569e-03 3.921569e-03 
       1 1.960784e-02 1.960784e-02 
       1 3.529412e-02 3.529412e-02 
       1 5.098039e-02 5.098039e-02 
       1 6.666667e-02 6.666667e-02 
       1 8.235294e-02 8.235294e-02 
       1 9.803922e-02 9.803922e-02 
       1 1.137255e-01 1.137255e-01 
       1 1.294118e-01 1.294118e-01 
       1 1.450980e-01 1.450980e-01 
       1 1.607843e-01 1.607843e-01 
       1 1.764706e-01 1.764706e-01 
       1 1.921569e-01 1.921569e-01 
       1 2.078431e-01 2.078431e-01 
       1 2.235294e-01 2.235294e-01 
       1 2.392157e-01 2.392157e-01 
       1 2.549020e-01 2.549020e-01 
       1 2.705882e-01 2.705882e-01 
       1 2.862745e-01 2.862745e-01 
       1 3.019608e-01 3.019608e-01 
       1 3.176471e-01 3.176471e-01 
       1 3.333333e-01 3.333333e-01 
       1 3.490196e-01 3.490196e-01 
       1 3.647059e-01 3.647059e-01 
       1 3.803922e-01 3.803922e-01 
       1 3.960784e-01 3.960784e-01 
       1 4.117647e-01 4.117647e-01 
       1 4.274510e-01 4.274510e-01 
       1 4.431373e-01 4.431373e-01 
       1 4.588235e-01 4.588235e-01 
       1 4.745098e-01 4.745098e-01 
       1 4.901961e-01 4.901961e-01 
       1 5.058824e-01 5.058824e-01 
       1 5.215686e-01 5.215686e-01 
       1 5.372549e-01 5.372549e-01 
       1 5.529412e-01 5.529412e-01 
       1 5.686275e-01 5.686275e-01 
       1 5.843137e-01 5.843137e-01 
       1 6.000000e-01 6.000000e-01 
       1 6.156863e-01 6.156863e-01 
       1 6.313725e-01 6.313725e-01 
       1 6.470588e-01 6.470588e-01 
       1 6.627451e-01 6.627451e-01 
       1 6.784314e-01 6.784314e-01 
       1 6.941176e-01 6.941176e-01 
       1 7.098039e-01 7.098039e-01 
       1 7.254902e-01 7.254902e-01 
       1 7.411765e-01 7.411765e-01 
       1 7.568627e-01 7.568627e-01 
       1 7.725490e-01 7.725490e-01 
       1 7.882353e-01 7.882353e-01 
       1 8.039216e-01 8.039216e-01 
       1 8.196078e-01 8.196078e-01 
       1 8.352941e-01 8.352941e-01 
       1 8.509804e-01 8.509804e-01 
       1 8.666667e-01 8.666667e-01 
       1 8.823529e-01 8.823529e-01 
       1 8.980392e-01 8.980392e-01 
       1 9.137255e-01 9.137255e-01 
       1 9.294118e-01 9.294118e-01 
       1 9.450980e-01 9.450980e-01 
       1 9.607843e-01 9.607843e-01 
       1 9.764706e-01 9.764706e-01 
       1 9.921569e-01 9.921569e-01 
       9.921569e-01 9.921569e-01 1 
       9.764706e-01 9.764706e-01 1 
       9.607843e-01 9.607843e-01 1 
       9.450980e-01 9.450980e-01 1 
       9.294118e-01 9.294118e-01 1 
       9.137255e-01 9.137255e-01 1 
       8.980392e-01 8.980392e-01 1 
       8.823529e-01 8.823529e-01 1 
       8.666667e-01 8.666667e-01 1 
       8.509804e-01 8.509804e-01 1 
       8.352941e-01 8.352941e-01 1 
       8.196078e-01 8.196078e-01 1 
       8.039216e-01 8.039216e-01 1 
       7.882353e-01 7.882353e-01 1 
       7.725490e-01 7.725490e-01 1 
       7.568627e-01 7.568627e-01 1 
       7.411765e-01 7.411765e-01 1 
       7.254902e-01 7.254902e-01 1 
       7.098039e-01 7.098039e-01 1 
       6.941176e-01 6.941176e-01 1 
       6.784314e-01 6.784314e-01 1 
       6.627451e-01 6.627451e-01 1 
       6.470588e-01 6.470588e-01 1 
       6.313725e-01 6.313725e-01 1 
       6.156863e-01 6.156863e-01 1 
       6.000000e-01 6.000000e-01 1 
       5.843137e-01 5.843137e-01 1 
       5.686275e-01 5.686275e-01 1 
       5.529412e-01 5.529412e-01 1 
       5.372549e-01 5.372549e-01 1 
       5.215686e-01 5.215686e-01 1 
       5.058824e-01 5.058824e-01 1 
       4.901961e-01 4.901961e-01 1 
       4.745098e-01 4.745098e-01 1 
       4.588235e-01 4.588235e-01 1 
       4.431373e-01 4.431373e-01 1 
       4.274510e-01 4.274510e-01 1 
       4.117647e-01 4.117647e-01 1 
       3.960784e-01 3.960784e-01 1 
       3.803922e-01 3.803922e-01 1 
       3.647059e-01 3.647059e-01 1 
       3.490196e-01 3.490196e-01 1 
       3.333333e-01 3.333333e-01 1 
       3.176471e-01 3.176471e-01 1 
       3.019608e-01 3.019608e-01 1 
       2.862745e-01 2.862745e-01 1 
       2.705882e-01 2.705882e-01 1 
       2.549020e-01 2.549020e-01 1 
       2.392157e-01 2.392157e-01 1 
       2.235294e-01 2.235294e-01 1 
       2.078431e-01 2.078431e-01 1 
       1.921569e-01 1.921569e-01 1 
       1.764706e-01 1.764706e-01 1 
       1.607843e-01 1.607843e-01 1 
       1.450980e-01 1.450980e-01 1 
       1.294118e-01 1.294118e-01 1 
       1.137255e-01 1.137255e-01 1 
       9.803922e-02 9.803922e-02 1 
       8.235294e-02 8.235294e-02 1 
       6.666667e-02 6.666667e-02 1 
       5.098039e-02 5.098039e-02 1 
       3.529412e-02 3.529412e-02 1 
       1.960784e-02 1.960784e-02 1 
       3.921569e-03 3.921569e-03 1 
       0 0 9.917647e-01 
       0 0 9.807843e-01 
       0 0 9.698039e-01 
       0 0 9.588235e-01 
       0 0 9.478431e-01 
       0 0 9.368627e-01 
       0 0 9.258824e-01 
       0 0 9.149020e-01 
       0 0 9.039216e-01 
       0 0 8.929412e-01 
       0 0 8.819608e-01 
       0 0 8.709804e-01 
       0 0 8.600000e-01 
       0 0 8.490196e-01 
       0 0 8.380392e-01 
       0 0 8.270588e-01 
       0 0 8.160784e-01 
       0 0 8.050980e-01 
       0 0 7.941176e-01 
       0 0 7.831373e-01 
       0 0 7.721569e-01 
       0 0 7.611765e-01 
       0 0 7.501961e-01 
       0 0 7.392157e-01 
       0 0 7.282353e-01 
       0 0 7.172549e-01 
       0 0 7.062745e-01 
       0 0 6.952941e-01 
       0 0 6.843137e-01 
       0 0 6.733333e-01 
       0 0 6.623529e-01 
       0 0 6.513725e-01 
       0 0 6.403922e-01 
       0 0 6.294118e-01 
       0 0 6.184314e-01 
       0 0 6.074510e-01 
       0 0 5.964706e-01 
       0 0 5.854902e-01 
       0 0 5.745098e-01 
       0 0 5.635294e-01 
       0 0 5.525490e-01 
       0 0 5.415686e-01 
       0 0 5.305882e-01 
       0 0 5.196078e-01 
       0 0 5.086275e-01 
       0 0 4.976471e-01 
       0 0 4.866667e-01 
       0 0 4.756863e-01 
       0 0 4.647059e-01 
       0 0 4.537255e-01 
       0 0 4.427451e-01 
       0 0 4.317647e-01 
       0 0 4.207843e-01 
       0 0 4.098039e-01 
       0 0 3.988235e-01 
       0 0 3.878431e-01 
       0 0 3.768627e-01 
       0 0 3.658824e-01 
       0 0 3.549020e-01 
       0 0 3.439216e-01 
       0 0 3.329412e-01 
       0 0 3.219608e-01 
       0 0 3.109804e-01 
       0 0 3.000000e-01 ] ; 
