function set1 = set1()
set1 = [ ... 
       8.941176e-01 1.019608e-01 1.098039e-01 
       8.941176e-01 1.019608e-01 1.098039e-01 
       8.941176e-01 1.019608e-01 1.098039e-01 
       8.941176e-01 1.019608e-01 1.098039e-01 
       8.941176e-01 1.019608e-01 1.098039e-01 
       8.941176e-01 1.019608e-01 1.098039e-01 
       8.941176e-01 1.019608e-01 1.098039e-01 
       8.941176e-01 1.019608e-01 1.098039e-01 
       8.941176e-01 1.019608e-01 1.098039e-01 
       8.941176e-01 1.019608e-01 1.098039e-01 
       8.941176e-01 1.019608e-01 1.098039e-01 
       8.941176e-01 1.019608e-01 1.098039e-01 
       8.941176e-01 1.019608e-01 1.098039e-01 
       8.941176e-01 1.019608e-01 1.098039e-01 
       8.941176e-01 1.019608e-01 1.098039e-01 
       8.941176e-01 1.019608e-01 1.098039e-01 
       8.941176e-01 1.019608e-01 1.098039e-01 
       8.941176e-01 1.019608e-01 1.098039e-01 
       8.941176e-01 1.019608e-01 1.098039e-01 
       8.941176e-01 1.019608e-01 1.098039e-01 
       8.941176e-01 1.019608e-01 1.098039e-01 
       8.941176e-01 1.019608e-01 1.098039e-01 
       8.941176e-01 1.019608e-01 1.098039e-01 
       8.941176e-01 1.019608e-01 1.098039e-01 
       8.941176e-01 1.019608e-01 1.098039e-01 
       8.941176e-01 1.019608e-01 1.098039e-01 
       8.941176e-01 1.019608e-01 1.098039e-01 
       8.941176e-01 1.019608e-01 1.098039e-01 
       8.941176e-01 1.019608e-01 1.098039e-01 
       2.156863e-01 4.941176e-01 7.215686e-01 
       2.156863e-01 4.941176e-01 7.215686e-01 
       2.156863e-01 4.941176e-01 7.215686e-01 
       2.156863e-01 4.941176e-01 7.215686e-01 
       2.156863e-01 4.941176e-01 7.215686e-01 
       2.156863e-01 4.941176e-01 7.215686e-01 
       2.156863e-01 4.941176e-01 7.215686e-01 
       2.156863e-01 4.941176e-01 7.215686e-01 
       2.156863e-01 4.941176e-01 7.215686e-01 
       2.156863e-01 4.941176e-01 7.215686e-01 
       2.156863e-01 4.941176e-01 7.215686e-01 
       2.156863e-01 4.941176e-01 7.215686e-01 
       2.156863e-01 4.941176e-01 7.215686e-01 
       2.156863e-01 4.941176e-01 7.215686e-01 
       2.156863e-01 4.941176e-01 7.215686e-01 
       2.156863e-01 4.941176e-01 7.215686e-01 
       2.156863e-01 4.941176e-01 7.215686e-01 
       2.156863e-01 4.941176e-01 7.215686e-01 
       2.156863e-01 4.941176e-01 7.215686e-01 
       2.156863e-01 4.941176e-01 7.215686e-01 
       2.156863e-01 4.941176e-01 7.215686e-01 
       2.156863e-01 4.941176e-01 7.215686e-01 
       2.156863e-01 4.941176e-01 7.215686e-01 
       2.156863e-01 4.941176e-01 7.215686e-01 
       2.156863e-01 4.941176e-01 7.215686e-01 
       2.156863e-01 4.941176e-01 7.215686e-01 
       2.156863e-01 4.941176e-01 7.215686e-01 
       2.156863e-01 4.941176e-01 7.215686e-01 
       3.019608e-01 6.862745e-01 2.901961e-01 
       3.019608e-01 6.862745e-01 2.901961e-01 
       3.019608e-01 6.862745e-01 2.901961e-01 
       3.019608e-01 6.862745e-01 2.901961e-01 
       3.019608e-01 6.862745e-01 2.901961e-01 
       3.019608e-01 6.862745e-01 2.901961e-01 
       3.019608e-01 6.862745e-01 2.901961e-01 
       3.019608e-01 6.862745e-01 2.901961e-01 
       3.019608e-01 6.862745e-01 2.901961e-01 
       3.019608e-01 6.862745e-01 2.901961e-01 
       3.019608e-01 6.862745e-01 2.901961e-01 
       3.019608e-01 6.862745e-01 2.901961e-01 
       3.019608e-01 6.862745e-01 2.901961e-01 
       3.019608e-01 6.862745e-01 2.901961e-01 
       3.019608e-01 6.862745e-01 2.901961e-01 
       3.019608e-01 6.862745e-01 2.901961e-01 
       3.019608e-01 6.862745e-01 2.901961e-01 
       3.019608e-01 6.862745e-01 2.901961e-01 
       3.019608e-01 6.862745e-01 2.901961e-01 
       3.019608e-01 6.862745e-01 2.901961e-01 
       3.019608e-01 6.862745e-01 2.901961e-01 
       3.019608e-01 6.862745e-01 2.901961e-01 
       3.019608e-01 6.862745e-01 2.901961e-01 
       3.019608e-01 6.862745e-01 2.901961e-01 
       3.019608e-01 6.862745e-01 2.901961e-01 
       3.019608e-01 6.862745e-01 2.901961e-01 
       3.019608e-01 6.862745e-01 2.901961e-01 
       3.019608e-01 6.862745e-01 2.901961e-01 
       5.960784e-01 3.058824e-01 6.392157e-01 
       5.960784e-01 3.058824e-01 6.392157e-01 
       5.960784e-01 3.058824e-01 6.392157e-01 
       5.960784e-01 3.058824e-01 6.392157e-01 
       5.960784e-01 3.058824e-01 6.392157e-01 
       5.960784e-01 3.058824e-01 6.392157e-01 
       5.960784e-01 3.058824e-01 6.392157e-01 
       5.960784e-01 3.058824e-01 6.392157e-01 
       5.960784e-01 3.058824e-01 6.392157e-01 
       5.960784e-01 3.058824e-01 6.392157e-01 
       5.960784e-01 3.058824e-01 6.392157e-01 
       5.960784e-01 3.058824e-01 6.392157e-01 
       5.960784e-01 3.058824e-01 6.392157e-01 
       5.960784e-01 3.058824e-01 6.392157e-01 
       5.960784e-01 3.058824e-01 6.392157e-01 
       5.960784e-01 3.058824e-01 6.392157e-01 
       5.960784e-01 3.058824e-01 6.392157e-01 
       5.960784e-01 3.058824e-01 6.392157e-01 
       5.960784e-01 3.058824e-01 6.392157e-01 
       5.960784e-01 3.058824e-01 6.392157e-01 
       5.960784e-01 3.058824e-01 6.392157e-01 
       5.960784e-01 3.058824e-01 6.392157e-01 
       5.960784e-01 3.058824e-01 6.392157e-01 
       5.960784e-01 3.058824e-01 6.392157e-01 
       5.960784e-01 3.058824e-01 6.392157e-01 
       5.960784e-01 3.058824e-01 6.392157e-01 
       5.960784e-01 3.058824e-01 6.392157e-01 
       5.960784e-01 3.058824e-01 6.392157e-01 
       5.960784e-01 3.058824e-01 6.392157e-01 
       1 4.980392e-01 0 
       1 4.980392e-01 0 
       1 4.980392e-01 0 
       1 4.980392e-01 0 
       1 4.980392e-01 0 
       1 4.980392e-01 0 
       1 4.980392e-01 0 
       1 4.980392e-01 0 
       1 4.980392e-01 0 
       1 4.980392e-01 0 
       1 4.980392e-01 0 
       1 4.980392e-01 0 
       1 4.980392e-01 0 
       1 4.980392e-01 0 
       1 4.980392e-01 0 
       1 4.980392e-01 0 
       1 4.980392e-01 0 
       1 4.980392e-01 0 
       1 4.980392e-01 0 
       1 4.980392e-01 0 
       1 4.980392e-01 0 
       1 4.980392e-01 0 
       1 4.980392e-01 0 
       1 4.980392e-01 0 
       1 4.980392e-01 0 
       1 4.980392e-01 0 
       1 4.980392e-01 0 
       1 4.980392e-01 0 
       1 1 2.000000e-01 
       1 1 2.000000e-01 
       1 1 2.000000e-01 
       1 1 2.000000e-01 
       1 1 2.000000e-01 
       1 1 2.000000e-01 
       1 1 2.000000e-01 
       1 1 2.000000e-01 
       1 1 2.000000e-01 
       1 1 2.000000e-01 
       1 1 2.000000e-01 
       1 1 2.000000e-01 
       1 1 2.000000e-01 
       1 1 2.000000e-01 
       1 1 2.000000e-01 
       1 1 2.000000e-01 
       1 1 2.000000e-01 
       1 1 2.000000e-01 
       1 1 2.000000e-01 
       1 1 2.000000e-01 
       1 1 2.000000e-01 
       1 1 2.000000e-01 
       1 1 2.000000e-01 
       1 1 2.000000e-01 
       1 1 2.000000e-01 
       1 1 2.000000e-01 
       1 1 2.000000e-01 
       1 1 2.000000e-01 
       6.509804e-01 3.372549e-01 1.568627e-01 
       6.509804e-01 3.372549e-01 1.568627e-01 
       6.509804e-01 3.372549e-01 1.568627e-01 
       6.509804e-01 3.372549e-01 1.568627e-01 
       6.509804e-01 3.372549e-01 1.568627e-01 
       6.509804e-01 3.372549e-01 1.568627e-01 
       6.509804e-01 3.372549e-01 1.568627e-01 
       6.509804e-01 3.372549e-01 1.568627e-01 
       6.509804e-01 3.372549e-01 1.568627e-01 
       6.509804e-01 3.372549e-01 1.568627e-01 
       6.509804e-01 3.372549e-01 1.568627e-01 
       6.509804e-01 3.372549e-01 1.568627e-01 
       6.509804e-01 3.372549e-01 1.568627e-01 
       6.509804e-01 3.372549e-01 1.568627e-01 
       6.509804e-01 3.372549e-01 1.568627e-01 
       6.509804e-01 3.372549e-01 1.568627e-01 
       6.509804e-01 3.372549e-01 1.568627e-01 
       6.509804e-01 3.372549e-01 1.568627e-01 
       6.509804e-01 3.372549e-01 1.568627e-01 
       6.509804e-01 3.372549e-01 1.568627e-01 
       6.509804e-01 3.372549e-01 1.568627e-01 
       6.509804e-01 3.372549e-01 1.568627e-01 
       6.509804e-01 3.372549e-01 1.568627e-01 
       6.509804e-01 3.372549e-01 1.568627e-01 
       6.509804e-01 3.372549e-01 1.568627e-01 
