function set2_r = set2_r()
set2_r = [ ... 
       7.019608e-01 7.019608e-01 7.019608e-01 
       7.019608e-01 7.019608e-01 7.019608e-01 
       7.019608e-01 7.019608e-01 7.019608e-01 
       7.019608e-01 7.019608e-01 7.019608e-01 
       7.019608e-01 7.019608e-01 7.019608e-01 
       7.019608e-01 7.019608e-01 7.019608e-01 
       7.019608e-01 7.019608e-01 7.019608e-01 
       7.019608e-01 7.019608e-01 7.019608e-01 
       7.019608e-01 7.019608e-01 7.019608e-01 
       7.019608e-01 7.019608e-01 7.019608e-01 
       7.019608e-01 7.019608e-01 7.019608e-01 
       7.019608e-01 7.019608e-01 7.019608e-01 
       7.019608e-01 7.019608e-01 7.019608e-01 
       7.019608e-01 7.019608e-01 7.019608e-01 
       7.019608e-01 7.019608e-01 7.019608e-01 
       7.019608e-01 7.019608e-01 7.019608e-01 
       7.019608e-01 7.019608e-01 7.019608e-01 
       7.019608e-01 7.019608e-01 7.019608e-01 
       7.019608e-01 7.019608e-01 7.019608e-01 
       7.019608e-01 7.019608e-01 7.019608e-01 
       7.019608e-01 7.019608e-01 7.019608e-01 
       7.019608e-01 7.019608e-01 7.019608e-01 
       7.019608e-01 7.019608e-01 7.019608e-01 
       7.019608e-01 7.019608e-01 7.019608e-01 
       7.019608e-01 7.019608e-01 7.019608e-01 
       7.019608e-01 7.019608e-01 7.019608e-01 
       7.019608e-01 7.019608e-01 7.019608e-01 
       7.019608e-01 7.019608e-01 7.019608e-01 
       7.019608e-01 7.019608e-01 7.019608e-01 
       7.019608e-01 7.019608e-01 7.019608e-01 
       7.019608e-01 7.019608e-01 7.019608e-01 
       7.019608e-01 7.019608e-01 7.019608e-01 
       8.980392e-01 7.686275e-01 5.803922e-01 
       8.980392e-01 7.686275e-01 5.803922e-01 
       8.980392e-01 7.686275e-01 5.803922e-01 
       8.980392e-01 7.686275e-01 5.803922e-01 
       8.980392e-01 7.686275e-01 5.803922e-01 
       8.980392e-01 7.686275e-01 5.803922e-01 
       8.980392e-01 7.686275e-01 5.803922e-01 
       8.980392e-01 7.686275e-01 5.803922e-01 
       8.980392e-01 7.686275e-01 5.803922e-01 
       8.980392e-01 7.686275e-01 5.803922e-01 
       8.980392e-01 7.686275e-01 5.803922e-01 
       8.980392e-01 7.686275e-01 5.803922e-01 
       8.980392e-01 7.686275e-01 5.803922e-01 
       8.980392e-01 7.686275e-01 5.803922e-01 
       8.980392e-01 7.686275e-01 5.803922e-01 
       8.980392e-01 7.686275e-01 5.803922e-01 
       8.980392e-01 7.686275e-01 5.803922e-01 
       8.980392e-01 7.686275e-01 5.803922e-01 
       8.980392e-01 7.686275e-01 5.803922e-01 
       8.980392e-01 7.686275e-01 5.803922e-01 
       8.980392e-01 7.686275e-01 5.803922e-01 
       8.980392e-01 7.686275e-01 5.803922e-01 
       8.980392e-01 7.686275e-01 5.803922e-01 
       8.980392e-01 7.686275e-01 5.803922e-01 
       8.980392e-01 7.686275e-01 5.803922e-01 
       8.980392e-01 7.686275e-01 5.803922e-01 
       8.980392e-01 7.686275e-01 5.803922e-01 
       8.980392e-01 7.686275e-01 5.803922e-01 
       8.980392e-01 7.686275e-01 5.803922e-01 
       8.980392e-01 7.686275e-01 5.803922e-01 
       8.980392e-01 7.686275e-01 5.803922e-01 
       8.980392e-01 7.686275e-01 5.803922e-01 
       1 8.509804e-01 1.843137e-01 
       1 8.509804e-01 1.843137e-01 
       1 8.509804e-01 1.843137e-01 
       1 8.509804e-01 1.843137e-01 
       1 8.509804e-01 1.843137e-01 
       1 8.509804e-01 1.843137e-01 
       1 8.509804e-01 1.843137e-01 
       1 8.509804e-01 1.843137e-01 
       1 8.509804e-01 1.843137e-01 
       1 8.509804e-01 1.843137e-01 
       1 8.509804e-01 1.843137e-01 
       1 8.509804e-01 1.843137e-01 
       1 8.509804e-01 1.843137e-01 
       1 8.509804e-01 1.843137e-01 
       1 8.509804e-01 1.843137e-01 
       1 8.509804e-01 1.843137e-01 
       1 8.509804e-01 1.843137e-01 
       1 8.509804e-01 1.843137e-01 
       1 8.509804e-01 1.843137e-01 
       1 8.509804e-01 1.843137e-01 
       1 8.509804e-01 1.843137e-01 
       1 8.509804e-01 1.843137e-01 
       1 8.509804e-01 1.843137e-01 
       1 8.509804e-01 1.843137e-01 
       1 8.509804e-01 1.843137e-01 
       1 8.509804e-01 1.843137e-01 
       1 8.509804e-01 1.843137e-01 
       1 8.509804e-01 1.843137e-01 
       1 8.509804e-01 1.843137e-01 
       1 8.509804e-01 1.843137e-01 
       1 8.509804e-01 1.843137e-01 
       1 8.509804e-01 1.843137e-01 
       6.509804e-01 8.470588e-01 3.294118e-01 
       6.509804e-01 8.470588e-01 3.294118e-01 
       6.509804e-01 8.470588e-01 3.294118e-01 
       6.509804e-01 8.470588e-01 3.294118e-01 
       6.509804e-01 8.470588e-01 3.294118e-01 
       6.509804e-01 8.470588e-01 3.294118e-01 
       6.509804e-01 8.470588e-01 3.294118e-01 
       6.509804e-01 8.470588e-01 3.294118e-01 
       6.509804e-01 8.470588e-01 3.294118e-01 
       6.509804e-01 8.470588e-01 3.294118e-01 
       6.509804e-01 8.470588e-01 3.294118e-01 
       6.509804e-01 8.470588e-01 3.294118e-01 
       6.509804e-01 8.470588e-01 3.294118e-01 
       6.509804e-01 8.470588e-01 3.294118e-01 
       6.509804e-01 8.470588e-01 3.294118e-01 
       6.509804e-01 8.470588e-01 3.294118e-01 
       6.509804e-01 8.470588e-01 3.294118e-01 
       6.509804e-01 8.470588e-01 3.294118e-01 
       6.509804e-01 8.470588e-01 3.294118e-01 
       6.509804e-01 8.470588e-01 3.294118e-01 
       6.509804e-01 8.470588e-01 3.294118e-01 
       6.509804e-01 8.470588e-01 3.294118e-01 
       6.509804e-01 8.470588e-01 3.294118e-01 
       6.509804e-01 8.470588e-01 3.294118e-01 
       6.509804e-01 8.470588e-01 3.294118e-01 
       6.509804e-01 8.470588e-01 3.294118e-01 
       6.509804e-01 8.470588e-01 3.294118e-01 
       6.509804e-01 8.470588e-01 3.294118e-01 
       6.509804e-01 8.470588e-01 3.294118e-01 
       6.509804e-01 8.470588e-01 3.294118e-01 
       6.509804e-01 8.470588e-01 3.294118e-01 
       6.509804e-01 8.470588e-01 3.294118e-01 
       9.058824e-01 5.411765e-01 7.647059e-01 
       9.058824e-01 5.411765e-01 7.647059e-01 
       9.058824e-01 5.411765e-01 7.647059e-01 
       9.058824e-01 5.411765e-01 7.647059e-01 
       9.058824e-01 5.411765e-01 7.647059e-01 
       9.058824e-01 5.411765e-01 7.647059e-01 
       9.058824e-01 5.411765e-01 7.647059e-01 
       9.058824e-01 5.411765e-01 7.647059e-01 
       9.058824e-01 5.411765e-01 7.647059e-01 
       9.058824e-01 5.411765e-01 7.647059e-01 
       9.058824e-01 5.411765e-01 7.647059e-01 
       9.058824e-01 5.411765e-01 7.647059e-01 
       9.058824e-01 5.411765e-01 7.647059e-01 
       9.058824e-01 5.411765e-01 7.647059e-01 
       9.058824e-01 5.411765e-01 7.647059e-01 
       9.058824e-01 5.411765e-01 7.647059e-01 
       9.058824e-01 5.411765e-01 7.647059e-01 
       9.058824e-01 5.411765e-01 7.647059e-01 
       9.058824e-01 5.411765e-01 7.647059e-01 
       9.058824e-01 5.411765e-01 7.647059e-01 
       9.058824e-01 5.411765e-01 7.647059e-01 
       9.058824e-01 5.411765e-01 7.647059e-01 
       9.058824e-01 5.411765e-01 7.647059e-01 
       9.058824e-01 5.411765e-01 7.647059e-01 
       9.058824e-01 5.411765e-01 7.647059e-01 
       9.058824e-01 5.411765e-01 7.647059e-01 
       9.058824e-01 5.411765e-01 7.647059e-01 
       9.058824e-01 5.411765e-01 7.647059e-01 
       9.058824e-01 5.411765e-01 7.647059e-01 
       9.058824e-01 5.411765e-01 7.647059e-01 
       9.058824e-01 5.411765e-01 7.647059e-01 
       9.058824e-01 5.411765e-01 7.647059e-01 
       5.529412e-01 6.274510e-01 7.960784e-01 
       5.529412e-01 6.274510e-01 7.960784e-01 
       5.529412e-01 6.274510e-01 7.960784e-01 
       5.529412e-01 6.274510e-01 7.960784e-01 
       5.529412e-01 6.274510e-01 7.960784e-01 
       5.529412e-01 6.274510e-01 7.960784e-01 
       5.529412e-01 6.274510e-01 7.960784e-01 
       5.529412e-01 6.274510e-01 7.960784e-01 
       5.529412e-01 6.274510e-01 7.960784e-01 
       5.529412e-01 6.274510e-01 7.960784e-01 
       5.529412e-01 6.274510e-01 7.960784e-01 
       5.529412e-01 6.274510e-01 7.960784e-01 
       5.529412e-01 6.274510e-01 7.960784e-01 
       5.529412e-01 6.274510e-01 7.960784e-01 
       5.529412e-01 6.274510e-01 7.960784e-01 
       5.529412e-01 6.274510e-01 7.960784e-01 
