function set3_r = set3_r()
set3_r = [ ... 
       1 9.294118e-01 4.352941e-01 
       1 9.294118e-01 4.352941e-01 
       1 9.294118e-01 4.352941e-01 
       1 9.294118e-01 4.352941e-01 
       1 9.294118e-01 4.352941e-01 
       1 9.294118e-01 4.352941e-01 
       1 9.294118e-01 4.352941e-01 
       1 9.294118e-01 4.352941e-01 
       1 9.294118e-01 4.352941e-01 
       1 9.294118e-01 4.352941e-01 
       1 9.294118e-01 4.352941e-01 
       1 9.294118e-01 4.352941e-01 
       1 9.294118e-01 4.352941e-01 
       1 9.294118e-01 4.352941e-01 
       1 9.294118e-01 4.352941e-01 
       1 9.294118e-01 4.352941e-01 
       1 9.294118e-01 4.352941e-01 
       1 9.294118e-01 4.352941e-01 
       1 9.294118e-01 4.352941e-01 
       1 9.294118e-01 4.352941e-01 
       1 9.294118e-01 4.352941e-01 
       1 9.294118e-01 4.352941e-01 
       8.000000e-01 9.215686e-01 7.725490e-01 
       8.000000e-01 9.215686e-01 7.725490e-01 
       8.000000e-01 9.215686e-01 7.725490e-01 
       8.000000e-01 9.215686e-01 7.725490e-01 
       8.000000e-01 9.215686e-01 7.725490e-01 
       8.000000e-01 9.215686e-01 7.725490e-01 
       8.000000e-01 9.215686e-01 7.725490e-01 
       8.000000e-01 9.215686e-01 7.725490e-01 
       8.000000e-01 9.215686e-01 7.725490e-01 
       8.000000e-01 9.215686e-01 7.725490e-01 
       8.000000e-01 9.215686e-01 7.725490e-01 
       8.000000e-01 9.215686e-01 7.725490e-01 
       8.000000e-01 9.215686e-01 7.725490e-01 
       8.000000e-01 9.215686e-01 7.725490e-01 
       8.000000e-01 9.215686e-01 7.725490e-01 
       8.000000e-01 9.215686e-01 7.725490e-01 
       8.000000e-01 9.215686e-01 7.725490e-01 
       8.000000e-01 9.215686e-01 7.725490e-01 
       8.000000e-01 9.215686e-01 7.725490e-01 
       8.000000e-01 9.215686e-01 7.725490e-01 
       8.000000e-01 9.215686e-01 7.725490e-01 
       7.372549e-01 5.019608e-01 7.411765e-01 
       7.372549e-01 5.019608e-01 7.411765e-01 
       7.372549e-01 5.019608e-01 7.411765e-01 
       7.372549e-01 5.019608e-01 7.411765e-01 
       7.372549e-01 5.019608e-01 7.411765e-01 
       7.372549e-01 5.019608e-01 7.411765e-01 
       7.372549e-01 5.019608e-01 7.411765e-01 
       7.372549e-01 5.019608e-01 7.411765e-01 
       7.372549e-01 5.019608e-01 7.411765e-01 
       7.372549e-01 5.019608e-01 7.411765e-01 
       7.372549e-01 5.019608e-01 7.411765e-01 
       7.372549e-01 5.019608e-01 7.411765e-01 
       7.372549e-01 5.019608e-01 7.411765e-01 
       7.372549e-01 5.019608e-01 7.411765e-01 
       7.372549e-01 5.019608e-01 7.411765e-01 
       7.372549e-01 5.019608e-01 7.411765e-01 
       7.372549e-01 5.019608e-01 7.411765e-01 
       7.372549e-01 5.019608e-01 7.411765e-01 
       7.372549e-01 5.019608e-01 7.411765e-01 
       7.372549e-01 5.019608e-01 7.411765e-01 
       7.372549e-01 5.019608e-01 7.411765e-01 
       8.509804e-01 8.509804e-01 8.509804e-01 
       8.509804e-01 8.509804e-01 8.509804e-01 
       8.509804e-01 8.509804e-01 8.509804e-01 
       8.509804e-01 8.509804e-01 8.509804e-01 
       8.509804e-01 8.509804e-01 8.509804e-01 
       8.509804e-01 8.509804e-01 8.509804e-01 
       8.509804e-01 8.509804e-01 8.509804e-01 
       8.509804e-01 8.509804e-01 8.509804e-01 
       8.509804e-01 8.509804e-01 8.509804e-01 
       8.509804e-01 8.509804e-01 8.509804e-01 
       8.509804e-01 8.509804e-01 8.509804e-01 
       8.509804e-01 8.509804e-01 8.509804e-01 
       8.509804e-01 8.509804e-01 8.509804e-01 
       8.509804e-01 8.509804e-01 8.509804e-01 
       8.509804e-01 8.509804e-01 8.509804e-01 
       8.509804e-01 8.509804e-01 8.509804e-01 
       8.509804e-01 8.509804e-01 8.509804e-01 
       8.509804e-01 8.509804e-01 8.509804e-01 
       8.509804e-01 8.509804e-01 8.509804e-01 
       8.509804e-01 8.509804e-01 8.509804e-01 
       8.509804e-01 8.509804e-01 8.509804e-01 
       9.882353e-01 8.039216e-01 8.980392e-01 
       9.882353e-01 8.039216e-01 8.980392e-01 
       9.882353e-01 8.039216e-01 8.980392e-01 
       9.882353e-01 8.039216e-01 8.980392e-01 
       9.882353e-01 8.039216e-01 8.980392e-01 
       9.882353e-01 8.039216e-01 8.980392e-01 
       9.882353e-01 8.039216e-01 8.980392e-01 
       9.882353e-01 8.039216e-01 8.980392e-01 
       9.882353e-01 8.039216e-01 8.980392e-01 
       9.882353e-01 8.039216e-01 8.980392e-01 
       9.882353e-01 8.039216e-01 8.980392e-01 
       9.882353e-01 8.039216e-01 8.980392e-01 
       9.882353e-01 8.039216e-01 8.980392e-01 
       9.882353e-01 8.039216e-01 8.980392e-01 
       9.882353e-01 8.039216e-01 8.980392e-01 
       9.882353e-01 8.039216e-01 8.980392e-01 
       9.882353e-01 8.039216e-01 8.980392e-01 
       9.882353e-01 8.039216e-01 8.980392e-01 
       9.882353e-01 8.039216e-01 8.980392e-01 
       9.882353e-01 8.039216e-01 8.980392e-01 
       9.882353e-01 8.039216e-01 8.980392e-01 
       9.882353e-01 8.039216e-01 8.980392e-01 
       7.019608e-01 8.705882e-01 4.117647e-01 
       7.019608e-01 8.705882e-01 4.117647e-01 
       7.019608e-01 8.705882e-01 4.117647e-01 
       7.019608e-01 8.705882e-01 4.117647e-01 
       7.019608e-01 8.705882e-01 4.117647e-01 
       7.019608e-01 8.705882e-01 4.117647e-01 
       7.019608e-01 8.705882e-01 4.117647e-01 
       7.019608e-01 8.705882e-01 4.117647e-01 
       7.019608e-01 8.705882e-01 4.117647e-01 
       7.019608e-01 8.705882e-01 4.117647e-01 
       7.019608e-01 8.705882e-01 4.117647e-01 
       7.019608e-01 8.705882e-01 4.117647e-01 
       7.019608e-01 8.705882e-01 4.117647e-01 
       7.019608e-01 8.705882e-01 4.117647e-01 
       7.019608e-01 8.705882e-01 4.117647e-01 
       7.019608e-01 8.705882e-01 4.117647e-01 
       7.019608e-01 8.705882e-01 4.117647e-01 
       7.019608e-01 8.705882e-01 4.117647e-01 
       7.019608e-01 8.705882e-01 4.117647e-01 
       7.019608e-01 8.705882e-01 4.117647e-01 
       7.019608e-01 8.705882e-01 4.117647e-01 
       9.921569e-01 7.058824e-01 3.843137e-01 
       9.921569e-01 7.058824e-01 3.843137e-01 
       9.921569e-01 7.058824e-01 3.843137e-01 
       9.921569e-01 7.058824e-01 3.843137e-01 
       9.921569e-01 7.058824e-01 3.843137e-01 
       9.921569e-01 7.058824e-01 3.843137e-01 
       9.921569e-01 7.058824e-01 3.843137e-01 
       9.921569e-01 7.058824e-01 3.843137e-01 
       9.921569e-01 7.058824e-01 3.843137e-01 
       9.921569e-01 7.058824e-01 3.843137e-01 
       9.921569e-01 7.058824e-01 3.843137e-01 
       9.921569e-01 7.058824e-01 3.843137e-01 
       9.921569e-01 7.058824e-01 3.843137e-01 
       9.921569e-01 7.058824e-01 3.843137e-01 
       9.921569e-01 7.058824e-01 3.843137e-01 
       9.921569e-01 7.058824e-01 3.843137e-01 
       9.921569e-01 7.058824e-01 3.843137e-01 
       9.921569e-01 7.058824e-01 3.843137e-01 
       9.921569e-01 7.058824e-01 3.843137e-01 
       9.921569e-01 7.058824e-01 3.843137e-01 
       9.921569e-01 7.058824e-01 3.843137e-01 
       5.019608e-01 6.941176e-01 8.274510e-01 
       5.019608e-01 6.941176e-01 8.274510e-01 
       5.019608e-01 6.941176e-01 8.274510e-01 
       5.019608e-01 6.941176e-01 8.274510e-01 
       5.019608e-01 6.941176e-01 8.274510e-01 
       5.019608e-01 6.941176e-01 8.274510e-01 
       5.019608e-01 6.941176e-01 8.274510e-01 
       5.019608e-01 6.941176e-01 8.274510e-01 
       5.019608e-01 6.941176e-01 8.274510e-01 
       5.019608e-01 6.941176e-01 8.274510e-01 
       5.019608e-01 6.941176e-01 8.274510e-01 
       5.019608e-01 6.941176e-01 8.274510e-01 
       5.019608e-01 6.941176e-01 8.274510e-01 
       5.019608e-01 6.941176e-01 8.274510e-01 
       5.019608e-01 6.941176e-01 8.274510e-01 
       5.019608e-01 6.941176e-01 8.274510e-01 
       5.019608e-01 6.941176e-01 8.274510e-01 
       5.019608e-01 6.941176e-01 8.274510e-01 
       5.019608e-01 6.941176e-01 8.274510e-01 
       5.019608e-01 6.941176e-01 8.274510e-01 
       5.019608e-01 6.941176e-01 8.274510e-01 
       9.843137e-01 5.019608e-01 4.470588e-01 
       9.843137e-01 5.019608e-01 4.470588e-01 
       9.843137e-01 5.019608e-01 4.470588e-01 
       9.843137e-01 5.019608e-01 4.470588e-01 
