function summer_r = summer_r()
summer_r = [ ... 
       1 1 4.000000e-01 
       9.960784e-01 9.980392e-01 4.000000e-01 
       9.921569e-01 9.960784e-01 4.000000e-01 
       9.882353e-01 9.941176e-01 4.000000e-01 
       9.843137e-01 9.921569e-01 4.000000e-01 
       9.803922e-01 9.901961e-01 4.000000e-01 
       9.764706e-01 9.882353e-01 4.000000e-01 
       9.725490e-01 9.862745e-01 4.000000e-01 
       9.686275e-01 9.843137e-01 4.000000e-01 
       9.647059e-01 9.823529e-01 4.000000e-01 
       9.607843e-01 9.803922e-01 4.000000e-01 
       9.568627e-01 9.784314e-01 4.000000e-01 
       9.529412e-01 9.764706e-01 4.000000e-01 
       9.490196e-01 9.745098e-01 4.000000e-01 
       9.450980e-01 9.725490e-01 4.000000e-01 
       9.411765e-01 9.705882e-01 4.000000e-01 
       9.372549e-01 9.686275e-01 4.000000e-01 
       9.333333e-01 9.666667e-01 4.000000e-01 
       9.294118e-01 9.647059e-01 4.000000e-01 
       9.254902e-01 9.627451e-01 4.000000e-01 
       9.215686e-01 9.607843e-01 4.000000e-01 
       9.176471e-01 9.588235e-01 4.000000e-01 
       9.137255e-01 9.568627e-01 4.000000e-01 
       9.098039e-01 9.549020e-01 4.000000e-01 
       9.058824e-01 9.529412e-01 4.000000e-01 
       9.019608e-01 9.509804e-01 4.000000e-01 
       8.980392e-01 9.490196e-01 4.000000e-01 
       8.941176e-01 9.470588e-01 4.000000e-01 
       8.901961e-01 9.450980e-01 4.000000e-01 
       8.862745e-01 9.431373e-01 4.000000e-01 
       8.823529e-01 9.411765e-01 4.000000e-01 
       8.784314e-01 9.392157e-01 4.000000e-01 
       8.745098e-01 9.372549e-01 4.000000e-01 
       8.705882e-01 9.352941e-01 4.000000e-01 
       8.666667e-01 9.333333e-01 4.000000e-01 
       8.627451e-01 9.313725e-01 4.000000e-01 
       8.588235e-01 9.294118e-01 4.000000e-01 
       8.549020e-01 9.274510e-01 4.000000e-01 
       8.509804e-01 9.254902e-01 4.000000e-01 
       8.470588e-01 9.235294e-01 4.000000e-01 
       8.431373e-01 9.215686e-01 4.000000e-01 
       8.392157e-01 9.196078e-01 4.000000e-01 
       8.352941e-01 9.176471e-01 4.000000e-01 
       8.313725e-01 9.156863e-01 4.000000e-01 
       8.274510e-01 9.137255e-01 4.000000e-01 
       8.235294e-01 9.117647e-01 4.000000e-01 
       8.196078e-01 9.098039e-01 4.000000e-01 
       8.156863e-01 9.078431e-01 4.000000e-01 
       8.117647e-01 9.058824e-01 4.000000e-01 
       8.078431e-01 9.039216e-01 4.000000e-01 
       8.039216e-01 9.019608e-01 4.000000e-01 
       8.000000e-01 9.000000e-01 4.000000e-01 
       7.960784e-01 8.980392e-01 4.000000e-01 
       7.921569e-01 8.960784e-01 4.000000e-01 
       7.882353e-01 8.941176e-01 4.000000e-01 
       7.843137e-01 8.921569e-01 4.000000e-01 
       7.803922e-01 8.901961e-01 4.000000e-01 
       7.764706e-01 8.882353e-01 4.000000e-01 
       7.725490e-01 8.862745e-01 4.000000e-01 
       7.686275e-01 8.843137e-01 4.000000e-01 
       7.647059e-01 8.823529e-01 4.000000e-01 
       7.607843e-01 8.803922e-01 4.000000e-01 
       7.568627e-01 8.784314e-01 4.000000e-01 
       7.529412e-01 8.764706e-01 4.000000e-01 
       7.490196e-01 8.745098e-01 4.000000e-01 
       7.450980e-01 8.725490e-01 4.000000e-01 
       7.411765e-01 8.705882e-01 4.000000e-01 
       7.372549e-01 8.686275e-01 4.000000e-01 
       7.333333e-01 8.666667e-01 4.000000e-01 
       7.294118e-01 8.647059e-01 4.000000e-01 
       7.254902e-01 8.627451e-01 4.000000e-01 
       7.215686e-01 8.607843e-01 4.000000e-01 
       7.176471e-01 8.588235e-01 4.000000e-01 
       7.137255e-01 8.568627e-01 4.000000e-01 
       7.098039e-01 8.549020e-01 4.000000e-01 
       7.058824e-01 8.529412e-01 4.000000e-01 
       7.019608e-01 8.509804e-01 4.000000e-01 
       6.980392e-01 8.490196e-01 4.000000e-01 
       6.941176e-01 8.470588e-01 4.000000e-01 
       6.901961e-01 8.450980e-01 4.000000e-01 
       6.862745e-01 8.431373e-01 4.000000e-01 
       6.823529e-01 8.411765e-01 4.000000e-01 
       6.784314e-01 8.392157e-01 4.000000e-01 
       6.745098e-01 8.372549e-01 4.000000e-01 
       6.705882e-01 8.352941e-01 4.000000e-01 
       6.666667e-01 8.333333e-01 4.000000e-01 
       6.627451e-01 8.313725e-01 4.000000e-01 
       6.588235e-01 8.294118e-01 4.000000e-01 
       6.549020e-01 8.274510e-01 4.000000e-01 
       6.509804e-01 8.254902e-01 4.000000e-01 
       6.470588e-01 8.235294e-01 4.000000e-01 
       6.431373e-01 8.215686e-01 4.000000e-01 
       6.392157e-01 8.196078e-01 4.000000e-01 
       6.352941e-01 8.176471e-01 4.000000e-01 
       6.313725e-01 8.156863e-01 4.000000e-01 
       6.274510e-01 8.137255e-01 4.000000e-01 
       6.235294e-01 8.117647e-01 4.000000e-01 
       6.196078e-01 8.098039e-01 4.000000e-01 
       6.156863e-01 8.078431e-01 4.000000e-01 
       6.117647e-01 8.058824e-01 4.000000e-01 
       6.078431e-01 8.039216e-01 4.000000e-01 
       6.039216e-01 8.019608e-01 4.000000e-01 
       6.000000e-01 8.000000e-01 4.000000e-01 
       5.960784e-01 7.980392e-01 4.000000e-01 
       5.921569e-01 7.960784e-01 4.000000e-01 
       5.882353e-01 7.941176e-01 4.000000e-01 
       5.843137e-01 7.921569e-01 4.000000e-01 
       5.803922e-01 7.901961e-01 4.000000e-01 
       5.764706e-01 7.882353e-01 4.000000e-01 
       5.725490e-01 7.862745e-01 4.000000e-01 
       5.686275e-01 7.843137e-01 4.000000e-01 
       5.647059e-01 7.823529e-01 4.000000e-01 
       5.607843e-01 7.803922e-01 4.000000e-01 
       5.568627e-01 7.784314e-01 4.000000e-01 
       5.529412e-01 7.764706e-01 4.000000e-01 
       5.490196e-01 7.745098e-01 4.000000e-01 
       5.450980e-01 7.725490e-01 4.000000e-01 
       5.411765e-01 7.705882e-01 4.000000e-01 
       5.372549e-01 7.686275e-01 4.000000e-01 
       5.333333e-01 7.666667e-01 4.000000e-01 
       5.294118e-01 7.647059e-01 4.000000e-01 
       5.254902e-01 7.627451e-01 4.000000e-01 
       5.215686e-01 7.607843e-01 4.000000e-01 
       5.176471e-01 7.588235e-01 4.000000e-01 
       5.137255e-01 7.568627e-01 4.000000e-01 
       5.098039e-01 7.549020e-01 4.000000e-01 
       5.058824e-01 7.529412e-01 4.000000e-01 
       5.019608e-01 7.509804e-01 4.000000e-01 
       4.980392e-01 7.490196e-01 4.000000e-01 
       4.941176e-01 7.470588e-01 4.000000e-01 
       4.901961e-01 7.450980e-01 4.000000e-01 
       4.862745e-01 7.431373e-01 4.000000e-01 
       4.823529e-01 7.411765e-01 4.000000e-01 
       4.784314e-01 7.392157e-01 4.000000e-01 
       4.745098e-01 7.372549e-01 4.000000e-01 
       4.705882e-01 7.352941e-01 4.000000e-01 
       4.666667e-01 7.333333e-01 4.000000e-01 
       4.627451e-01 7.313725e-01 4.000000e-01 
       4.588235e-01 7.294118e-01 4.000000e-01 
       4.549020e-01 7.274510e-01 4.000000e-01 
       4.509804e-01 7.254902e-01 4.000000e-01 
       4.470588e-01 7.235294e-01 4.000000e-01 
       4.431373e-01 7.215686e-01 4.000000e-01 
       4.392157e-01 7.196078e-01 4.000000e-01 
       4.352941e-01 7.176471e-01 4.000000e-01 
       4.313725e-01 7.156863e-01 4.000000e-01 
       4.274510e-01 7.137255e-01 4.000000e-01 
       4.235294e-01 7.117647e-01 4.000000e-01 
       4.196078e-01 7.098039e-01 4.000000e-01 
       4.156863e-01 7.078431e-01 4.000000e-01 
       4.117647e-01 7.058824e-01 4.000000e-01 
       4.078431e-01 7.039216e-01 4.000000e-01 
       4.039216e-01 7.019608e-01 4.000000e-01 
       4.000000e-01 7.000000e-01 4.000000e-01 
       3.960784e-01 6.980392e-01 4.000000e-01 
       3.921569e-01 6.960784e-01 4.000000e-01 
       3.882353e-01 6.941176e-01 4.000000e-01 
       3.843137e-01 6.921569e-01 4.000000e-01 
       3.803922e-01 6.901961e-01 4.000000e-01 
       3.764706e-01 6.882353e-01 4.000000e-01 
       3.725490e-01 6.862745e-01 4.000000e-01 
       3.686275e-01 6.843137e-01 4.000000e-01 
       3.647059e-01 6.823529e-01 4.000000e-01 
       3.607843e-01 6.803922e-01 4.000000e-01 
       3.568627e-01 6.784314e-01 4.000000e-01 
       3.529412e-01 6.764706e-01 4.000000e-01 
       3.490196e-01 6.745098e-01 4.000000e-01 
       3.450980e-01 6.725490e-01 4.000000e-01 
       3.411765e-01 6.705882e-01 4.000000e-01 
