function tab10 = tab10()
tab10 = [ ... 
       1.215686e-01 4.666667e-01 7.058824e-01 
       1.215686e-01 4.666667e-01 7.058824e-01 
       1.215686e-01 4.666667e-01 7.058824e-01 
       1.215686e-01 4.666667e-01 7.058824e-01 
       1.215686e-01 4.666667e-01 7.058824e-01 
       1.215686e-01 4.666667e-01 7.058824e-01 
       1.215686e-01 4.666667e-01 7.058824e-01 
       1.215686e-01 4.666667e-01 7.058824e-01 
       1.215686e-01 4.666667e-01 7.058824e-01 
       1.215686e-01 4.666667e-01 7.058824e-01 
       1.215686e-01 4.666667e-01 7.058824e-01 
       1.215686e-01 4.666667e-01 7.058824e-01 
       1.215686e-01 4.666667e-01 7.058824e-01 
       1.215686e-01 4.666667e-01 7.058824e-01 
       1.215686e-01 4.666667e-01 7.058824e-01 
       1.215686e-01 4.666667e-01 7.058824e-01 
       1.215686e-01 4.666667e-01 7.058824e-01 
       1.215686e-01 4.666667e-01 7.058824e-01 
       1.215686e-01 4.666667e-01 7.058824e-01 
       1.215686e-01 4.666667e-01 7.058824e-01 
       1.215686e-01 4.666667e-01 7.058824e-01 
       1.215686e-01 4.666667e-01 7.058824e-01 
       1.215686e-01 4.666667e-01 7.058824e-01 
       1.215686e-01 4.666667e-01 7.058824e-01 
       1.215686e-01 4.666667e-01 7.058824e-01 
       1.215686e-01 4.666667e-01 7.058824e-01 
       1 4.980392e-01 5.490196e-02 
       1 4.980392e-01 5.490196e-02 
       1 4.980392e-01 5.490196e-02 
       1 4.980392e-01 5.490196e-02 
       1 4.980392e-01 5.490196e-02 
       1 4.980392e-01 5.490196e-02 
       1 4.980392e-01 5.490196e-02 
       1 4.980392e-01 5.490196e-02 
       1 4.980392e-01 5.490196e-02 
       1 4.980392e-01 5.490196e-02 
       1 4.980392e-01 5.490196e-02 
       1 4.980392e-01 5.490196e-02 
       1 4.980392e-01 5.490196e-02 
       1 4.980392e-01 5.490196e-02 
       1 4.980392e-01 5.490196e-02 
       1 4.980392e-01 5.490196e-02 
       1 4.980392e-01 5.490196e-02 
       1 4.980392e-01 5.490196e-02 
       1 4.980392e-01 5.490196e-02 
       1 4.980392e-01 5.490196e-02 
       1 4.980392e-01 5.490196e-02 
       1 4.980392e-01 5.490196e-02 
       1 4.980392e-01 5.490196e-02 
       1 4.980392e-01 5.490196e-02 
       1 4.980392e-01 5.490196e-02 
       1.725490e-01 6.274510e-01 1.725490e-01 
       1.725490e-01 6.274510e-01 1.725490e-01 
       1.725490e-01 6.274510e-01 1.725490e-01 
       1.725490e-01 6.274510e-01 1.725490e-01 
       1.725490e-01 6.274510e-01 1.725490e-01 
       1.725490e-01 6.274510e-01 1.725490e-01 
       1.725490e-01 6.274510e-01 1.725490e-01 
       1.725490e-01 6.274510e-01 1.725490e-01 
       1.725490e-01 6.274510e-01 1.725490e-01 
       1.725490e-01 6.274510e-01 1.725490e-01 
       1.725490e-01 6.274510e-01 1.725490e-01 
       1.725490e-01 6.274510e-01 1.725490e-01 
       1.725490e-01 6.274510e-01 1.725490e-01 
       1.725490e-01 6.274510e-01 1.725490e-01 
       1.725490e-01 6.274510e-01 1.725490e-01 
       1.725490e-01 6.274510e-01 1.725490e-01 
       1.725490e-01 6.274510e-01 1.725490e-01 
       1.725490e-01 6.274510e-01 1.725490e-01 
       1.725490e-01 6.274510e-01 1.725490e-01 
       1.725490e-01 6.274510e-01 1.725490e-01 
       1.725490e-01 6.274510e-01 1.725490e-01 
       1.725490e-01 6.274510e-01 1.725490e-01 
       1.725490e-01 6.274510e-01 1.725490e-01 
       1.725490e-01 6.274510e-01 1.725490e-01 
       1.725490e-01 6.274510e-01 1.725490e-01 
       1.725490e-01 6.274510e-01 1.725490e-01 
       8.392157e-01 1.529412e-01 1.568627e-01 
       8.392157e-01 1.529412e-01 1.568627e-01 
       8.392157e-01 1.529412e-01 1.568627e-01 
       8.392157e-01 1.529412e-01 1.568627e-01 
       8.392157e-01 1.529412e-01 1.568627e-01 
       8.392157e-01 1.529412e-01 1.568627e-01 
       8.392157e-01 1.529412e-01 1.568627e-01 
       8.392157e-01 1.529412e-01 1.568627e-01 
       8.392157e-01 1.529412e-01 1.568627e-01 
       8.392157e-01 1.529412e-01 1.568627e-01 
       8.392157e-01 1.529412e-01 1.568627e-01 
       8.392157e-01 1.529412e-01 1.568627e-01 
       8.392157e-01 1.529412e-01 1.568627e-01 
       8.392157e-01 1.529412e-01 1.568627e-01 
       8.392157e-01 1.529412e-01 1.568627e-01 
       8.392157e-01 1.529412e-01 1.568627e-01 
       8.392157e-01 1.529412e-01 1.568627e-01 
       8.392157e-01 1.529412e-01 1.568627e-01 
       8.392157e-01 1.529412e-01 1.568627e-01 
       8.392157e-01 1.529412e-01 1.568627e-01 
       8.392157e-01 1.529412e-01 1.568627e-01 
       8.392157e-01 1.529412e-01 1.568627e-01 
       8.392157e-01 1.529412e-01 1.568627e-01 
       8.392157e-01 1.529412e-01 1.568627e-01 
       8.392157e-01 1.529412e-01 1.568627e-01 
       5.803922e-01 4.039216e-01 7.411765e-01 
       5.803922e-01 4.039216e-01 7.411765e-01 
       5.803922e-01 4.039216e-01 7.411765e-01 
       5.803922e-01 4.039216e-01 7.411765e-01 
       5.803922e-01 4.039216e-01 7.411765e-01 
       5.803922e-01 4.039216e-01 7.411765e-01 
       5.803922e-01 4.039216e-01 7.411765e-01 
       5.803922e-01 4.039216e-01 7.411765e-01 
       5.803922e-01 4.039216e-01 7.411765e-01 
       5.803922e-01 4.039216e-01 7.411765e-01 
       5.803922e-01 4.039216e-01 7.411765e-01 
       5.803922e-01 4.039216e-01 7.411765e-01 
       5.803922e-01 4.039216e-01 7.411765e-01 
       5.803922e-01 4.039216e-01 7.411765e-01 
       5.803922e-01 4.039216e-01 7.411765e-01 
       5.803922e-01 4.039216e-01 7.411765e-01 
       5.803922e-01 4.039216e-01 7.411765e-01 
       5.803922e-01 4.039216e-01 7.411765e-01 
       5.803922e-01 4.039216e-01 7.411765e-01 
       5.803922e-01 4.039216e-01 7.411765e-01 
       5.803922e-01 4.039216e-01 7.411765e-01 
       5.803922e-01 4.039216e-01 7.411765e-01 
       5.803922e-01 4.039216e-01 7.411765e-01 
       5.803922e-01 4.039216e-01 7.411765e-01 
       5.803922e-01 4.039216e-01 7.411765e-01 
       5.803922e-01 4.039216e-01 7.411765e-01 
       5.490196e-01 3.372549e-01 2.941176e-01 
       5.490196e-01 3.372549e-01 2.941176e-01 
       5.490196e-01 3.372549e-01 2.941176e-01 
       5.490196e-01 3.372549e-01 2.941176e-01 
       5.490196e-01 3.372549e-01 2.941176e-01 
       5.490196e-01 3.372549e-01 2.941176e-01 
       5.490196e-01 3.372549e-01 2.941176e-01 
       5.490196e-01 3.372549e-01 2.941176e-01 
       5.490196e-01 3.372549e-01 2.941176e-01 
       5.490196e-01 3.372549e-01 2.941176e-01 
       5.490196e-01 3.372549e-01 2.941176e-01 
       5.490196e-01 3.372549e-01 2.941176e-01 
       5.490196e-01 3.372549e-01 2.941176e-01 
       5.490196e-01 3.372549e-01 2.941176e-01 
       5.490196e-01 3.372549e-01 2.941176e-01 
       5.490196e-01 3.372549e-01 2.941176e-01 
       5.490196e-01 3.372549e-01 2.941176e-01 
       5.490196e-01 3.372549e-01 2.941176e-01 
       5.490196e-01 3.372549e-01 2.941176e-01 
       5.490196e-01 3.372549e-01 2.941176e-01 
       5.490196e-01 3.372549e-01 2.941176e-01 
       5.490196e-01 3.372549e-01 2.941176e-01 
       5.490196e-01 3.372549e-01 2.941176e-01 
       5.490196e-01 3.372549e-01 2.941176e-01 
       5.490196e-01 3.372549e-01 2.941176e-01 
       8.901961e-01 4.666667e-01 7.607843e-01 
       8.901961e-01 4.666667e-01 7.607843e-01 
       8.901961e-01 4.666667e-01 7.607843e-01 
       8.901961e-01 4.666667e-01 7.607843e-01 
       8.901961e-01 4.666667e-01 7.607843e-01 
       8.901961e-01 4.666667e-01 7.607843e-01 
       8.901961e-01 4.666667e-01 7.607843e-01 
       8.901961e-01 4.666667e-01 7.607843e-01 
       8.901961e-01 4.666667e-01 7.607843e-01 
       8.901961e-01 4.666667e-01 7.607843e-01 
       8.901961e-01 4.666667e-01 7.607843e-01 
       8.901961e-01 4.666667e-01 7.607843e-01 
       8.901961e-01 4.666667e-01 7.607843e-01 
       8.901961e-01 4.666667e-01 7.607843e-01 
       8.901961e-01 4.666667e-01 7.607843e-01 
       8.901961e-01 4.666667e-01 7.607843e-01 
       8.901961e-01 4.666667e-01 7.607843e-01 
       8.901961e-01 4.666667e-01 7.607843e-01 
       8.901961e-01 4.666667e-01 7.607843e-01 
       8.901961e-01 4.666667e-01 7.607843e-01 
       8.901961e-01 4.666667e-01 7.607843e-01 
       8.901961e-01 4.666667e-01 7.607843e-01 
