function tab20b_r = tab20b_r()
tab20b_r = [ ... 
       8.705882e-01 6.196078e-01 8.392157e-01 
       8.705882e-01 6.196078e-01 8.392157e-01 
       8.705882e-01 6.196078e-01 8.392157e-01 
       8.705882e-01 6.196078e-01 8.392157e-01 
       8.705882e-01 6.196078e-01 8.392157e-01 
       8.705882e-01 6.196078e-01 8.392157e-01 
       8.705882e-01 6.196078e-01 8.392157e-01 
       8.705882e-01 6.196078e-01 8.392157e-01 
       8.705882e-01 6.196078e-01 8.392157e-01 
       8.705882e-01 6.196078e-01 8.392157e-01 
       8.705882e-01 6.196078e-01 8.392157e-01 
       8.705882e-01 6.196078e-01 8.392157e-01 
       8.705882e-01 6.196078e-01 8.392157e-01 
       8.078431e-01 4.274510e-01 7.411765e-01 
       8.078431e-01 4.274510e-01 7.411765e-01 
       8.078431e-01 4.274510e-01 7.411765e-01 
       8.078431e-01 4.274510e-01 7.411765e-01 
       8.078431e-01 4.274510e-01 7.411765e-01 
       8.078431e-01 4.274510e-01 7.411765e-01 
       8.078431e-01 4.274510e-01 7.411765e-01 
       8.078431e-01 4.274510e-01 7.411765e-01 
       8.078431e-01 4.274510e-01 7.411765e-01 
       8.078431e-01 4.274510e-01 7.411765e-01 
       8.078431e-01 4.274510e-01 7.411765e-01 
       8.078431e-01 4.274510e-01 7.411765e-01 
       8.078431e-01 4.274510e-01 7.411765e-01 
       6.470588e-01 3.176471e-01 5.803922e-01 
       6.470588e-01 3.176471e-01 5.803922e-01 
       6.470588e-01 3.176471e-01 5.803922e-01 
       6.470588e-01 3.176471e-01 5.803922e-01 
       6.470588e-01 3.176471e-01 5.803922e-01 
       6.470588e-01 3.176471e-01 5.803922e-01 
       6.470588e-01 3.176471e-01 5.803922e-01 
       6.470588e-01 3.176471e-01 5.803922e-01 
       6.470588e-01 3.176471e-01 5.803922e-01 
       6.470588e-01 3.176471e-01 5.803922e-01 
       6.470588e-01 3.176471e-01 5.803922e-01 
       6.470588e-01 3.176471e-01 5.803922e-01 
       6.470588e-01 3.176471e-01 5.803922e-01 
       4.823529e-01 2.549020e-01 4.509804e-01 
       4.823529e-01 2.549020e-01 4.509804e-01 
       4.823529e-01 2.549020e-01 4.509804e-01 
       4.823529e-01 2.549020e-01 4.509804e-01 
       4.823529e-01 2.549020e-01 4.509804e-01 
       4.823529e-01 2.549020e-01 4.509804e-01 
       4.823529e-01 2.549020e-01 4.509804e-01 
       4.823529e-01 2.549020e-01 4.509804e-01 
       4.823529e-01 2.549020e-01 4.509804e-01 
       4.823529e-01 2.549020e-01 4.509804e-01 
       4.823529e-01 2.549020e-01 4.509804e-01 
       4.823529e-01 2.549020e-01 4.509804e-01 
       9.058824e-01 5.882353e-01 6.117647e-01 
       9.058824e-01 5.882353e-01 6.117647e-01 
       9.058824e-01 5.882353e-01 6.117647e-01 
       9.058824e-01 5.882353e-01 6.117647e-01 
       9.058824e-01 5.882353e-01 6.117647e-01 
       9.058824e-01 5.882353e-01 6.117647e-01 
       9.058824e-01 5.882353e-01 6.117647e-01 
       9.058824e-01 5.882353e-01 6.117647e-01 
       9.058824e-01 5.882353e-01 6.117647e-01 
       9.058824e-01 5.882353e-01 6.117647e-01 
       9.058824e-01 5.882353e-01 6.117647e-01 
       9.058824e-01 5.882353e-01 6.117647e-01 
       9.058824e-01 5.882353e-01 6.117647e-01 
       8.392157e-01 3.803922e-01 4.196078e-01 
       8.392157e-01 3.803922e-01 4.196078e-01 
       8.392157e-01 3.803922e-01 4.196078e-01 
       8.392157e-01 3.803922e-01 4.196078e-01 
       8.392157e-01 3.803922e-01 4.196078e-01 
       8.392157e-01 3.803922e-01 4.196078e-01 
       8.392157e-01 3.803922e-01 4.196078e-01 
       8.392157e-01 3.803922e-01 4.196078e-01 
       8.392157e-01 3.803922e-01 4.196078e-01 
       8.392157e-01 3.803922e-01 4.196078e-01 
       8.392157e-01 3.803922e-01 4.196078e-01 
       8.392157e-01 3.803922e-01 4.196078e-01 
       8.392157e-01 3.803922e-01 4.196078e-01 
       6.784314e-01 2.862745e-01 2.901961e-01 
       6.784314e-01 2.862745e-01 2.901961e-01 
       6.784314e-01 2.862745e-01 2.901961e-01 
       6.784314e-01 2.862745e-01 2.901961e-01 
       6.784314e-01 2.862745e-01 2.901961e-01 
       6.784314e-01 2.862745e-01 2.901961e-01 
       6.784314e-01 2.862745e-01 2.901961e-01 
       6.784314e-01 2.862745e-01 2.901961e-01 
       6.784314e-01 2.862745e-01 2.901961e-01 
       6.784314e-01 2.862745e-01 2.901961e-01 
       6.784314e-01 2.862745e-01 2.901961e-01 
       6.784314e-01 2.862745e-01 2.901961e-01 
       6.784314e-01 2.862745e-01 2.901961e-01 
       5.176471e-01 2.352941e-01 2.235294e-01 
       5.176471e-01 2.352941e-01 2.235294e-01 
       5.176471e-01 2.352941e-01 2.235294e-01 
       5.176471e-01 2.352941e-01 2.235294e-01 
       5.176471e-01 2.352941e-01 2.235294e-01 
       5.176471e-01 2.352941e-01 2.235294e-01 
       5.176471e-01 2.352941e-01 2.235294e-01 
       5.176471e-01 2.352941e-01 2.235294e-01 
       5.176471e-01 2.352941e-01 2.235294e-01 
       5.176471e-01 2.352941e-01 2.235294e-01 
       5.176471e-01 2.352941e-01 2.235294e-01 
       5.176471e-01 2.352941e-01 2.235294e-01 
       9.058824e-01 7.960784e-01 5.803922e-01 
       9.058824e-01 7.960784e-01 5.803922e-01 
       9.058824e-01 7.960784e-01 5.803922e-01 
       9.058824e-01 7.960784e-01 5.803922e-01 
       9.058824e-01 7.960784e-01 5.803922e-01 
       9.058824e-01 7.960784e-01 5.803922e-01 
       9.058824e-01 7.960784e-01 5.803922e-01 
       9.058824e-01 7.960784e-01 5.803922e-01 
       9.058824e-01 7.960784e-01 5.803922e-01 
       9.058824e-01 7.960784e-01 5.803922e-01 
       9.058824e-01 7.960784e-01 5.803922e-01 
       9.058824e-01 7.960784e-01 5.803922e-01 
       9.058824e-01 7.960784e-01 5.803922e-01 
       9.058824e-01 7.294118e-01 3.215686e-01 
       9.058824e-01 7.294118e-01 3.215686e-01 
       9.058824e-01 7.294118e-01 3.215686e-01 
       9.058824e-01 7.294118e-01 3.215686e-01 
       9.058824e-01 7.294118e-01 3.215686e-01 
       9.058824e-01 7.294118e-01 3.215686e-01 
       9.058824e-01 7.294118e-01 3.215686e-01 
       9.058824e-01 7.294118e-01 3.215686e-01 
       9.058824e-01 7.294118e-01 3.215686e-01 
       9.058824e-01 7.294118e-01 3.215686e-01 
       9.058824e-01 7.294118e-01 3.215686e-01 
       9.058824e-01 7.294118e-01 3.215686e-01 
       9.058824e-01 7.294118e-01 3.215686e-01 
       7.411765e-01 6.196078e-01 2.235294e-01 
       7.411765e-01 6.196078e-01 2.235294e-01 
       7.411765e-01 6.196078e-01 2.235294e-01 
       7.411765e-01 6.196078e-01 2.235294e-01 
       7.411765e-01 6.196078e-01 2.235294e-01 
       7.411765e-01 6.196078e-01 2.235294e-01 
       7.411765e-01 6.196078e-01 2.235294e-01 
       7.411765e-01 6.196078e-01 2.235294e-01 
       7.411765e-01 6.196078e-01 2.235294e-01 
       7.411765e-01 6.196078e-01 2.235294e-01 
       7.411765e-01 6.196078e-01 2.235294e-01 
       7.411765e-01 6.196078e-01 2.235294e-01 
       7.411765e-01 6.196078e-01 2.235294e-01 
       5.490196e-01 4.274510e-01 1.921569e-01 
       5.490196e-01 4.274510e-01 1.921569e-01 
       5.490196e-01 4.274510e-01 1.921569e-01 
       5.490196e-01 4.274510e-01 1.921569e-01 
       5.490196e-01 4.274510e-01 1.921569e-01 
       5.490196e-01 4.274510e-01 1.921569e-01 
       5.490196e-01 4.274510e-01 1.921569e-01 
       5.490196e-01 4.274510e-01 1.921569e-01 
       5.490196e-01 4.274510e-01 1.921569e-01 
       5.490196e-01 4.274510e-01 1.921569e-01 
       5.490196e-01 4.274510e-01 1.921569e-01 
       5.490196e-01 4.274510e-01 1.921569e-01 
       8.078431e-01 8.588235e-01 6.117647e-01 
       8.078431e-01 8.588235e-01 6.117647e-01 
       8.078431e-01 8.588235e-01 6.117647e-01 
       8.078431e-01 8.588235e-01 6.117647e-01 
       8.078431e-01 8.588235e-01 6.117647e-01 
       8.078431e-01 8.588235e-01 6.117647e-01 
       8.078431e-01 8.588235e-01 6.117647e-01 
       8.078431e-01 8.588235e-01 6.117647e-01 
       8.078431e-01 8.588235e-01 6.117647e-01 
       8.078431e-01 8.588235e-01 6.117647e-01 
       8.078431e-01 8.588235e-01 6.117647e-01 
       8.078431e-01 8.588235e-01 6.117647e-01 
       8.078431e-01 8.588235e-01 6.117647e-01 
       7.098039e-01 8.117647e-01 4.196078e-01 
       7.098039e-01 8.117647e-01 4.196078e-01 
       7.098039e-01 8.117647e-01 4.196078e-01 
