function tab20c_r = tab20c_r()
tab20c_r = [ ... 
       8.509804e-01 8.509804e-01 8.509804e-01 
       8.509804e-01 8.509804e-01 8.509804e-01 
       8.509804e-01 8.509804e-01 8.509804e-01 
       8.509804e-01 8.509804e-01 8.509804e-01 
       8.509804e-01 8.509804e-01 8.509804e-01 
       8.509804e-01 8.509804e-01 8.509804e-01 
       8.509804e-01 8.509804e-01 8.509804e-01 
       8.509804e-01 8.509804e-01 8.509804e-01 
       8.509804e-01 8.509804e-01 8.509804e-01 
       8.509804e-01 8.509804e-01 8.509804e-01 
       8.509804e-01 8.509804e-01 8.509804e-01 
       8.509804e-01 8.509804e-01 8.509804e-01 
       8.509804e-01 8.509804e-01 8.509804e-01 
       7.411765e-01 7.411765e-01 7.411765e-01 
       7.411765e-01 7.411765e-01 7.411765e-01 
       7.411765e-01 7.411765e-01 7.411765e-01 
       7.411765e-01 7.411765e-01 7.411765e-01 
       7.411765e-01 7.411765e-01 7.411765e-01 
       7.411765e-01 7.411765e-01 7.411765e-01 
       7.411765e-01 7.411765e-01 7.411765e-01 
       7.411765e-01 7.411765e-01 7.411765e-01 
       7.411765e-01 7.411765e-01 7.411765e-01 
       7.411765e-01 7.411765e-01 7.411765e-01 
       7.411765e-01 7.411765e-01 7.411765e-01 
       7.411765e-01 7.411765e-01 7.411765e-01 
       7.411765e-01 7.411765e-01 7.411765e-01 
       5.882353e-01 5.882353e-01 5.882353e-01 
       5.882353e-01 5.882353e-01 5.882353e-01 
       5.882353e-01 5.882353e-01 5.882353e-01 
       5.882353e-01 5.882353e-01 5.882353e-01 
       5.882353e-01 5.882353e-01 5.882353e-01 
       5.882353e-01 5.882353e-01 5.882353e-01 
       5.882353e-01 5.882353e-01 5.882353e-01 
       5.882353e-01 5.882353e-01 5.882353e-01 
       5.882353e-01 5.882353e-01 5.882353e-01 
       5.882353e-01 5.882353e-01 5.882353e-01 
       5.882353e-01 5.882353e-01 5.882353e-01 
       5.882353e-01 5.882353e-01 5.882353e-01 
       5.882353e-01 5.882353e-01 5.882353e-01 
       3.882353e-01 3.882353e-01 3.882353e-01 
       3.882353e-01 3.882353e-01 3.882353e-01 
       3.882353e-01 3.882353e-01 3.882353e-01 
       3.882353e-01 3.882353e-01 3.882353e-01 
       3.882353e-01 3.882353e-01 3.882353e-01 
       3.882353e-01 3.882353e-01 3.882353e-01 
       3.882353e-01 3.882353e-01 3.882353e-01 
       3.882353e-01 3.882353e-01 3.882353e-01 
       3.882353e-01 3.882353e-01 3.882353e-01 
       3.882353e-01 3.882353e-01 3.882353e-01 
       3.882353e-01 3.882353e-01 3.882353e-01 
       3.882353e-01 3.882353e-01 3.882353e-01 
       8.549020e-01 8.549020e-01 9.215686e-01 
       8.549020e-01 8.549020e-01 9.215686e-01 
       8.549020e-01 8.549020e-01 9.215686e-01 
       8.549020e-01 8.549020e-01 9.215686e-01 
       8.549020e-01 8.549020e-01 9.215686e-01 
       8.549020e-01 8.549020e-01 9.215686e-01 
       8.549020e-01 8.549020e-01 9.215686e-01 
       8.549020e-01 8.549020e-01 9.215686e-01 
       8.549020e-01 8.549020e-01 9.215686e-01 
       8.549020e-01 8.549020e-01 9.215686e-01 
       8.549020e-01 8.549020e-01 9.215686e-01 
       8.549020e-01 8.549020e-01 9.215686e-01 
       8.549020e-01 8.549020e-01 9.215686e-01 
       7.372549e-01 7.411765e-01 8.627451e-01 
       7.372549e-01 7.411765e-01 8.627451e-01 
       7.372549e-01 7.411765e-01 8.627451e-01 
       7.372549e-01 7.411765e-01 8.627451e-01 
       7.372549e-01 7.411765e-01 8.627451e-01 
       7.372549e-01 7.411765e-01 8.627451e-01 
       7.372549e-01 7.411765e-01 8.627451e-01 
       7.372549e-01 7.411765e-01 8.627451e-01 
       7.372549e-01 7.411765e-01 8.627451e-01 
       7.372549e-01 7.411765e-01 8.627451e-01 
       7.372549e-01 7.411765e-01 8.627451e-01 
       7.372549e-01 7.411765e-01 8.627451e-01 
       7.372549e-01 7.411765e-01 8.627451e-01 
       6.196078e-01 6.039216e-01 7.843137e-01 
       6.196078e-01 6.039216e-01 7.843137e-01 
       6.196078e-01 6.039216e-01 7.843137e-01 
       6.196078e-01 6.039216e-01 7.843137e-01 
       6.196078e-01 6.039216e-01 7.843137e-01 
       6.196078e-01 6.039216e-01 7.843137e-01 
       6.196078e-01 6.039216e-01 7.843137e-01 
       6.196078e-01 6.039216e-01 7.843137e-01 
       6.196078e-01 6.039216e-01 7.843137e-01 
       6.196078e-01 6.039216e-01 7.843137e-01 
       6.196078e-01 6.039216e-01 7.843137e-01 
       6.196078e-01 6.039216e-01 7.843137e-01 
       6.196078e-01 6.039216e-01 7.843137e-01 
       4.588235e-01 4.196078e-01 6.941176e-01 
       4.588235e-01 4.196078e-01 6.941176e-01 
       4.588235e-01 4.196078e-01 6.941176e-01 
       4.588235e-01 4.196078e-01 6.941176e-01 
       4.588235e-01 4.196078e-01 6.941176e-01 
       4.588235e-01 4.196078e-01 6.941176e-01 
       4.588235e-01 4.196078e-01 6.941176e-01 
       4.588235e-01 4.196078e-01 6.941176e-01 
       4.588235e-01 4.196078e-01 6.941176e-01 
       4.588235e-01 4.196078e-01 6.941176e-01 
       4.588235e-01 4.196078e-01 6.941176e-01 
       4.588235e-01 4.196078e-01 6.941176e-01 
       7.803922e-01 9.137255e-01 7.529412e-01 
       7.803922e-01 9.137255e-01 7.529412e-01 
       7.803922e-01 9.137255e-01 7.529412e-01 
       7.803922e-01 9.137255e-01 7.529412e-01 
       7.803922e-01 9.137255e-01 7.529412e-01 
       7.803922e-01 9.137255e-01 7.529412e-01 
       7.803922e-01 9.137255e-01 7.529412e-01 
       7.803922e-01 9.137255e-01 7.529412e-01 
       7.803922e-01 9.137255e-01 7.529412e-01 
       7.803922e-01 9.137255e-01 7.529412e-01 
       7.803922e-01 9.137255e-01 7.529412e-01 
       7.803922e-01 9.137255e-01 7.529412e-01 
       7.803922e-01 9.137255e-01 7.529412e-01 
       6.313725e-01 8.509804e-01 6.078431e-01 
       6.313725e-01 8.509804e-01 6.078431e-01 
       6.313725e-01 8.509804e-01 6.078431e-01 
       6.313725e-01 8.509804e-01 6.078431e-01 
       6.313725e-01 8.509804e-01 6.078431e-01 
       6.313725e-01 8.509804e-01 6.078431e-01 
       6.313725e-01 8.509804e-01 6.078431e-01 
       6.313725e-01 8.509804e-01 6.078431e-01 
       6.313725e-01 8.509804e-01 6.078431e-01 
       6.313725e-01 8.509804e-01 6.078431e-01 
       6.313725e-01 8.509804e-01 6.078431e-01 
       6.313725e-01 8.509804e-01 6.078431e-01 
       6.313725e-01 8.509804e-01 6.078431e-01 
       4.549020e-01 7.686275e-01 4.627451e-01 
       4.549020e-01 7.686275e-01 4.627451e-01 
       4.549020e-01 7.686275e-01 4.627451e-01 
       4.549020e-01 7.686275e-01 4.627451e-01 
       4.549020e-01 7.686275e-01 4.627451e-01 
       4.549020e-01 7.686275e-01 4.627451e-01 
       4.549020e-01 7.686275e-01 4.627451e-01 
       4.549020e-01 7.686275e-01 4.627451e-01 
       4.549020e-01 7.686275e-01 4.627451e-01 
       4.549020e-01 7.686275e-01 4.627451e-01 
       4.549020e-01 7.686275e-01 4.627451e-01 
       4.549020e-01 7.686275e-01 4.627451e-01 
       4.549020e-01 7.686275e-01 4.627451e-01 
       1.921569e-01 6.392157e-01 3.294118e-01 
       1.921569e-01 6.392157e-01 3.294118e-01 
       1.921569e-01 6.392157e-01 3.294118e-01 
       1.921569e-01 6.392157e-01 3.294118e-01 
       1.921569e-01 6.392157e-01 3.294118e-01 
       1.921569e-01 6.392157e-01 3.294118e-01 
       1.921569e-01 6.392157e-01 3.294118e-01 
       1.921569e-01 6.392157e-01 3.294118e-01 
       1.921569e-01 6.392157e-01 3.294118e-01 
       1.921569e-01 6.392157e-01 3.294118e-01 
       1.921569e-01 6.392157e-01 3.294118e-01 
       1.921569e-01 6.392157e-01 3.294118e-01 
       9.921569e-01 8.156863e-01 6.352941e-01 
       9.921569e-01 8.156863e-01 6.352941e-01 
       9.921569e-01 8.156863e-01 6.352941e-01 
       9.921569e-01 8.156863e-01 6.352941e-01 
       9.921569e-01 8.156863e-01 6.352941e-01 
       9.921569e-01 8.156863e-01 6.352941e-01 
       9.921569e-01 8.156863e-01 6.352941e-01 
       9.921569e-01 8.156863e-01 6.352941e-01 
       9.921569e-01 8.156863e-01 6.352941e-01 
       9.921569e-01 8.156863e-01 6.352941e-01 
       9.921569e-01 8.156863e-01 6.352941e-01 
       9.921569e-01 8.156863e-01 6.352941e-01 
       9.921569e-01 8.156863e-01 6.352941e-01 
       9.921569e-01 6.823529e-01 4.196078e-01 
       9.921569e-01 6.823529e-01 4.196078e-01 
       9.921569e-01 6.823529e-01 4.196078e-01 
