function tab20_r = tab20_r()
tab20_r = [ ... 
       6.196078e-01 8.549020e-01 8.980392e-01 
       6.196078e-01 8.549020e-01 8.980392e-01 
       6.196078e-01 8.549020e-01 8.980392e-01 
       6.196078e-01 8.549020e-01 8.980392e-01 
       6.196078e-01 8.549020e-01 8.980392e-01 
       6.196078e-01 8.549020e-01 8.980392e-01 
       6.196078e-01 8.549020e-01 8.980392e-01 
       6.196078e-01 8.549020e-01 8.980392e-01 
       6.196078e-01 8.549020e-01 8.980392e-01 
       6.196078e-01 8.549020e-01 8.980392e-01 
       6.196078e-01 8.549020e-01 8.980392e-01 
       6.196078e-01 8.549020e-01 8.980392e-01 
       6.196078e-01 8.549020e-01 8.980392e-01 
       9.019608e-02 7.450980e-01 8.117647e-01 
       9.019608e-02 7.450980e-01 8.117647e-01 
       9.019608e-02 7.450980e-01 8.117647e-01 
       9.019608e-02 7.450980e-01 8.117647e-01 
       9.019608e-02 7.450980e-01 8.117647e-01 
       9.019608e-02 7.450980e-01 8.117647e-01 
       9.019608e-02 7.450980e-01 8.117647e-01 
       9.019608e-02 7.450980e-01 8.117647e-01 
       9.019608e-02 7.450980e-01 8.117647e-01 
       9.019608e-02 7.450980e-01 8.117647e-01 
       9.019608e-02 7.450980e-01 8.117647e-01 
       9.019608e-02 7.450980e-01 8.117647e-01 
       9.019608e-02 7.450980e-01 8.117647e-01 
       8.588235e-01 8.588235e-01 5.529412e-01 
       8.588235e-01 8.588235e-01 5.529412e-01 
       8.588235e-01 8.588235e-01 5.529412e-01 
       8.588235e-01 8.588235e-01 5.529412e-01 
       8.588235e-01 8.588235e-01 5.529412e-01 
       8.588235e-01 8.588235e-01 5.529412e-01 
       8.588235e-01 8.588235e-01 5.529412e-01 
       8.588235e-01 8.588235e-01 5.529412e-01 
       8.588235e-01 8.588235e-01 5.529412e-01 
       8.588235e-01 8.588235e-01 5.529412e-01 
       8.588235e-01 8.588235e-01 5.529412e-01 
       8.588235e-01 8.588235e-01 5.529412e-01 
       8.588235e-01 8.588235e-01 5.529412e-01 
       7.372549e-01 7.411765e-01 1.333333e-01 
       7.372549e-01 7.411765e-01 1.333333e-01 
       7.372549e-01 7.411765e-01 1.333333e-01 
       7.372549e-01 7.411765e-01 1.333333e-01 
       7.372549e-01 7.411765e-01 1.333333e-01 
       7.372549e-01 7.411765e-01 1.333333e-01 
       7.372549e-01 7.411765e-01 1.333333e-01 
       7.372549e-01 7.411765e-01 1.333333e-01 
       7.372549e-01 7.411765e-01 1.333333e-01 
       7.372549e-01 7.411765e-01 1.333333e-01 
       7.372549e-01 7.411765e-01 1.333333e-01 
       7.372549e-01 7.411765e-01 1.333333e-01 
       7.803922e-01 7.803922e-01 7.803922e-01 
       7.803922e-01 7.803922e-01 7.803922e-01 
       7.803922e-01 7.803922e-01 7.803922e-01 
       7.803922e-01 7.803922e-01 7.803922e-01 
       7.803922e-01 7.803922e-01 7.803922e-01 
       7.803922e-01 7.803922e-01 7.803922e-01 
       7.803922e-01 7.803922e-01 7.803922e-01 
       7.803922e-01 7.803922e-01 7.803922e-01 
       7.803922e-01 7.803922e-01 7.803922e-01 
       7.803922e-01 7.803922e-01 7.803922e-01 
       7.803922e-01 7.803922e-01 7.803922e-01 
       7.803922e-01 7.803922e-01 7.803922e-01 
       7.803922e-01 7.803922e-01 7.803922e-01 
       4.980392e-01 4.980392e-01 4.980392e-01 
       4.980392e-01 4.980392e-01 4.980392e-01 
       4.980392e-01 4.980392e-01 4.980392e-01 
       4.980392e-01 4.980392e-01 4.980392e-01 
       4.980392e-01 4.980392e-01 4.980392e-01 
       4.980392e-01 4.980392e-01 4.980392e-01 
       4.980392e-01 4.980392e-01 4.980392e-01 
       4.980392e-01 4.980392e-01 4.980392e-01 
       4.980392e-01 4.980392e-01 4.980392e-01 
       4.980392e-01 4.980392e-01 4.980392e-01 
       4.980392e-01 4.980392e-01 4.980392e-01 
       4.980392e-01 4.980392e-01 4.980392e-01 
       4.980392e-01 4.980392e-01 4.980392e-01 
       9.686275e-01 7.137255e-01 8.235294e-01 
       9.686275e-01 7.137255e-01 8.235294e-01 
       9.686275e-01 7.137255e-01 8.235294e-01 
       9.686275e-01 7.137255e-01 8.235294e-01 
       9.686275e-01 7.137255e-01 8.235294e-01 
       9.686275e-01 7.137255e-01 8.235294e-01 
       9.686275e-01 7.137255e-01 8.235294e-01 
       9.686275e-01 7.137255e-01 8.235294e-01 
       9.686275e-01 7.137255e-01 8.235294e-01 
       9.686275e-01 7.137255e-01 8.235294e-01 
       9.686275e-01 7.137255e-01 8.235294e-01 
       9.686275e-01 7.137255e-01 8.235294e-01 
       9.686275e-01 7.137255e-01 8.235294e-01 
       8.901961e-01 4.666667e-01 7.607843e-01 
       8.901961e-01 4.666667e-01 7.607843e-01 
       8.901961e-01 4.666667e-01 7.607843e-01 
       8.901961e-01 4.666667e-01 7.607843e-01 
       8.901961e-01 4.666667e-01 7.607843e-01 
       8.901961e-01 4.666667e-01 7.607843e-01 
       8.901961e-01 4.666667e-01 7.607843e-01 
       8.901961e-01 4.666667e-01 7.607843e-01 
       8.901961e-01 4.666667e-01 7.607843e-01 
       8.901961e-01 4.666667e-01 7.607843e-01 
       8.901961e-01 4.666667e-01 7.607843e-01 
       8.901961e-01 4.666667e-01 7.607843e-01 
       7.686275e-01 6.117647e-01 5.803922e-01 
       7.686275e-01 6.117647e-01 5.803922e-01 
       7.686275e-01 6.117647e-01 5.803922e-01 
       7.686275e-01 6.117647e-01 5.803922e-01 
       7.686275e-01 6.117647e-01 5.803922e-01 
       7.686275e-01 6.117647e-01 5.803922e-01 
       7.686275e-01 6.117647e-01 5.803922e-01 
       7.686275e-01 6.117647e-01 5.803922e-01 
       7.686275e-01 6.117647e-01 5.803922e-01 
       7.686275e-01 6.117647e-01 5.803922e-01 
       7.686275e-01 6.117647e-01 5.803922e-01 
       7.686275e-01 6.117647e-01 5.803922e-01 
       7.686275e-01 6.117647e-01 5.803922e-01 
       5.490196e-01 3.372549e-01 2.941176e-01 
       5.490196e-01 3.372549e-01 2.941176e-01 
       5.490196e-01 3.372549e-01 2.941176e-01 
       5.490196e-01 3.372549e-01 2.941176e-01 
       5.490196e-01 3.372549e-01 2.941176e-01 
       5.490196e-01 3.372549e-01 2.941176e-01 
       5.490196e-01 3.372549e-01 2.941176e-01 
       5.490196e-01 3.372549e-01 2.941176e-01 
       5.490196e-01 3.372549e-01 2.941176e-01 
       5.490196e-01 3.372549e-01 2.941176e-01 
       5.490196e-01 3.372549e-01 2.941176e-01 
       5.490196e-01 3.372549e-01 2.941176e-01 
       5.490196e-01 3.372549e-01 2.941176e-01 
       7.725490e-01 6.901961e-01 8.352941e-01 
       7.725490e-01 6.901961e-01 8.352941e-01 
       7.725490e-01 6.901961e-01 8.352941e-01 
       7.725490e-01 6.901961e-01 8.352941e-01 
       7.725490e-01 6.901961e-01 8.352941e-01 
       7.725490e-01 6.901961e-01 8.352941e-01 
       7.725490e-01 6.901961e-01 8.352941e-01 
       7.725490e-01 6.901961e-01 8.352941e-01 
       7.725490e-01 6.901961e-01 8.352941e-01 
       7.725490e-01 6.901961e-01 8.352941e-01 
       7.725490e-01 6.901961e-01 8.352941e-01 
       7.725490e-01 6.901961e-01 8.352941e-01 
       7.725490e-01 6.901961e-01 8.352941e-01 
       5.803922e-01 4.039216e-01 7.411765e-01 
       5.803922e-01 4.039216e-01 7.411765e-01 
       5.803922e-01 4.039216e-01 7.411765e-01 
       5.803922e-01 4.039216e-01 7.411765e-01 
       5.803922e-01 4.039216e-01 7.411765e-01 
       5.803922e-01 4.039216e-01 7.411765e-01 
       5.803922e-01 4.039216e-01 7.411765e-01 
       5.803922e-01 4.039216e-01 7.411765e-01 
       5.803922e-01 4.039216e-01 7.411765e-01 
       5.803922e-01 4.039216e-01 7.411765e-01 
       5.803922e-01 4.039216e-01 7.411765e-01 
       5.803922e-01 4.039216e-01 7.411765e-01 
       1 5.960784e-01 5.882353e-01 
       1 5.960784e-01 5.882353e-01 
       1 5.960784e-01 5.882353e-01 
       1 5.960784e-01 5.882353e-01 
       1 5.960784e-01 5.882353e-01 
       1 5.960784e-01 5.882353e-01 
       1 5.960784e-01 5.882353e-01 
       1 5.960784e-01 5.882353e-01 
       1 5.960784e-01 5.882353e-01 
       1 5.960784e-01 5.882353e-01 
       1 5.960784e-01 5.882353e-01 
       1 5.960784e-01 5.882353e-01 
       1 5.960784e-01 5.882353e-01 
       8.392157e-01 1.529412e-01 1.568627e-01 
       8.392157e-01 1.529412e-01 1.568627e-01 
       8.392157e-01 1.529412e-01 1.568627e-01 
       8.392157e-01 1.529412e-01 1.568627e-01 
       8.392157e-01 1.529412e-01 1.568627e-01 
       8.392157e-01 1.529412e-01 1.568627e-01 
