function terrain_r = terrain_r()
terrain_r = [ ... 
       1 1 1 
       9.921569e-01 9.899608e-01 9.894902e-01 
       9.843137e-01 9.799216e-01 9.789804e-01 
       9.764706e-01 9.698824e-01 9.684706e-01 
       9.686275e-01 9.598431e-01 9.579608e-01 
       9.607843e-01 9.498039e-01 9.474510e-01 
       9.529412e-01 9.397647e-01 9.369412e-01 
       9.450980e-01 9.297255e-01 9.264314e-01 
       9.372549e-01 9.196863e-01 9.159216e-01 
       9.294118e-01 9.096471e-01 9.054118e-01 
       9.215686e-01 8.996078e-01 8.949020e-01 
       9.137255e-01 8.895686e-01 8.843922e-01 
       9.058824e-01 8.795294e-01 8.738824e-01 
       8.980392e-01 8.694902e-01 8.633725e-01 
       8.901961e-01 8.594510e-01 8.528627e-01 
       8.823529e-01 8.494118e-01 8.423529e-01 
       8.745098e-01 8.393725e-01 8.318431e-01 
       8.666667e-01 8.293333e-01 8.213333e-01 
       8.588235e-01 8.192941e-01 8.108235e-01 
       8.509804e-01 8.092549e-01 8.003137e-01 
       8.431373e-01 7.992157e-01 7.898039e-01 
       8.352941e-01 7.891765e-01 7.792941e-01 
       8.274510e-01 7.791373e-01 7.687843e-01 
       8.196078e-01 7.690980e-01 7.582745e-01 
       8.117647e-01 7.590588e-01 7.477647e-01 
       8.039216e-01 7.490196e-01 7.372549e-01 
       7.960784e-01 7.389804e-01 7.267451e-01 
       7.882353e-01 7.289412e-01 7.162353e-01 
       7.803922e-01 7.189020e-01 7.057255e-01 
       7.725490e-01 7.088627e-01 6.952157e-01 
       7.647059e-01 6.988235e-01 6.847059e-01 
       7.568627e-01 6.887843e-01 6.741961e-01 
       7.490196e-01 6.787451e-01 6.636863e-01 
       7.411765e-01 6.687059e-01 6.531765e-01 
       7.333333e-01 6.586667e-01 6.426667e-01 
       7.254902e-01 6.486275e-01 6.321569e-01 
       7.176471e-01 6.385882e-01 6.216471e-01 
       7.098039e-01 6.285490e-01 6.111373e-01 
       7.019608e-01 6.185098e-01 6.006275e-01 
       6.941176e-01 6.084706e-01 5.901176e-01 
       6.862745e-01 5.984314e-01 5.796078e-01 
       6.784314e-01 5.883922e-01 5.690980e-01 
       6.705882e-01 5.783529e-01 5.585882e-01 
       6.627451e-01 5.683137e-01 5.480784e-01 
       6.549020e-01 5.582745e-01 5.375686e-01 
       6.470588e-01 5.482353e-01 5.270588e-01 
       6.392157e-01 5.381961e-01 5.165490e-01 
       6.313725e-01 5.281569e-01 5.060392e-01 
       6.235294e-01 5.181176e-01 4.955294e-01 
       6.156863e-01 5.080784e-01 4.850196e-01 
       6.078431e-01 4.980392e-01 4.745098e-01 
       6.000000e-01 4.880000e-01 4.640000e-01 
       5.921569e-01 4.779608e-01 4.534902e-01 
       5.843137e-01 4.679216e-01 4.429804e-01 
       5.764706e-01 4.578824e-01 4.324706e-01 
       5.686275e-01 4.478431e-01 4.219608e-01 
       5.607843e-01 4.378039e-01 4.114510e-01 
       5.529412e-01 4.277647e-01 4.009412e-01 
       5.450980e-01 4.177255e-01 3.904314e-01 
       5.372549e-01 4.076863e-01 3.799216e-01 
       5.294118e-01 3.976471e-01 3.694118e-01 
       5.215686e-01 3.876078e-01 3.589020e-01 
       5.137255e-01 3.775686e-01 3.483922e-01 
       5.058824e-01 3.675294e-01 3.378824e-01 
       5.019608e-01 3.625098e-01 3.310588e-01 
       5.098039e-01 3.725490e-01 3.352941e-01 
       5.176471e-01 3.825882e-01 3.395294e-01 
       5.254902e-01 3.926275e-01 3.437647e-01 
       5.333333e-01 4.026667e-01 3.480000e-01 
       5.411765e-01 4.127059e-01 3.522353e-01 
       5.490196e-01 4.227451e-01 3.564706e-01 
       5.568627e-01 4.327843e-01 3.607059e-01 
       5.647059e-01 4.428235e-01 3.649412e-01 
       5.725490e-01 4.528627e-01 3.691765e-01 
       5.803922e-01 4.629020e-01 3.734118e-01 
       5.882353e-01 4.729412e-01 3.776471e-01 
       5.960784e-01 4.829804e-01 3.818824e-01 
       6.039216e-01 4.930196e-01 3.861176e-01 
       6.117647e-01 5.030588e-01 3.903529e-01 
       6.196078e-01 5.130980e-01 3.945882e-01 
       6.274510e-01 5.231373e-01 3.988235e-01 
       6.352941e-01 5.331765e-01 4.030588e-01 
       6.431373e-01 5.432157e-01 4.072941e-01 
       6.509804e-01 5.532549e-01 4.115294e-01 
       6.588235e-01 5.632941e-01 4.157647e-01 
       6.666667e-01 5.733333e-01 4.200000e-01 
       6.745098e-01 5.833725e-01 4.242353e-01 
       6.823529e-01 5.934118e-01 4.284706e-01 
       6.901961e-01 6.034510e-01 4.327059e-01 
       6.980392e-01 6.134902e-01 4.369412e-01 
       7.058824e-01 6.235294e-01 4.411765e-01 
       7.137255e-01 6.335686e-01 4.454118e-01 
       7.215686e-01 6.436078e-01 4.496471e-01 
       7.294118e-01 6.536471e-01 4.538824e-01 
       7.372549e-01 6.636863e-01 4.581176e-01 
       7.450980e-01 6.737255e-01 4.623529e-01 
       7.529412e-01 6.837647e-01 4.665882e-01 
       7.607843e-01 6.938039e-01 4.708235e-01 
       7.686275e-01 7.038431e-01 4.750588e-01 
       7.764706e-01 7.138824e-01 4.792941e-01 
       7.843137e-01 7.239216e-01 4.835294e-01 
       7.921569e-01 7.339608e-01 4.877647e-01 
       8.000000e-01 7.440000e-01 4.920000e-01 
       8.078431e-01 7.540392e-01 4.962353e-01 
       8.156863e-01 7.640784e-01 5.004706e-01 
       8.235294e-01 7.741176e-01 5.047059e-01 
       8.313725e-01 7.841569e-01 5.089412e-01 
       8.392157e-01 7.941961e-01 5.131765e-01 
       8.470588e-01 8.042353e-01 5.174118e-01 
       8.549020e-01 8.142745e-01 5.216471e-01 
       8.627451e-01 8.243137e-01 5.258824e-01 
       8.705882e-01 8.343529e-01 5.301176e-01 
       8.784314e-01 8.443922e-01 5.343529e-01 
       8.862745e-01 8.544314e-01 5.385882e-01 
       8.941176e-01 8.644706e-01 5.428235e-01 
       9.019608e-01 8.745098e-01 5.470588e-01 
       9.098039e-01 8.845490e-01 5.512941e-01 
       9.176471e-01 8.945882e-01 5.555294e-01 
       9.254902e-01 9.046275e-01 5.597647e-01 
       9.333333e-01 9.146667e-01 5.640000e-01 
       9.411765e-01 9.247059e-01 5.682353e-01 
       9.490196e-01 9.347451e-01 5.724706e-01 
       9.568627e-01 9.447843e-01 5.767059e-01 
       9.647059e-01 9.548235e-01 5.809412e-01 
       9.725490e-01 9.648627e-01 5.851765e-01 
       9.803922e-01 9.749020e-01 5.894118e-01 
       9.882353e-01 9.849412e-01 5.936471e-01 
       9.960784e-01 9.949804e-01 5.978824e-01 
       9.921569e-01 9.984314e-01 5.984314e-01 
       9.764706e-01 9.952941e-01 5.952941e-01 
       9.607843e-01 9.921569e-01 5.921569e-01 
       9.450980e-01 9.890196e-01 5.890196e-01 
       9.294118e-01 9.858824e-01 5.858824e-01 
       9.137255e-01 9.827451e-01 5.827451e-01 
       8.980392e-01 9.796078e-01 5.796078e-01 
       8.823529e-01 9.764706e-01 5.764706e-01 
       8.666667e-01 9.733333e-01 5.733333e-01 
       8.509804e-01 9.701961e-01 5.701961e-01 
       8.352941e-01 9.670588e-01 5.670588e-01 
       8.196078e-01 9.639216e-01 5.639216e-01 
       8.039216e-01 9.607843e-01 5.607843e-01 
       7.882353e-01 9.576471e-01 5.576471e-01 
       7.725490e-01 9.545098e-01 5.545098e-01 
       7.568627e-01 9.513725e-01 5.513725e-01 
       7.411765e-01 9.482353e-01 5.482353e-01 
       7.254902e-01 9.450980e-01 5.450980e-01 
       7.098039e-01 9.419608e-01 5.419608e-01 
       6.941176e-01 9.388235e-01 5.388235e-01 
       6.784314e-01 9.356863e-01 5.356863e-01 
       6.627451e-01 9.325490e-01 5.325490e-01 
       6.470588e-01 9.294118e-01 5.294118e-01 
       6.313725e-01 9.262745e-01 5.262745e-01 
       6.156863e-01 9.231373e-01 5.231373e-01 
       6.000000e-01 9.200000e-01 5.200000e-01 
       5.843137e-01 9.168627e-01 5.168627e-01 
       5.686275e-01 9.137255e-01 5.137255e-01 
       5.529412e-01 9.105882e-01 5.105882e-01 
       5.372549e-01 9.074510e-01 5.074510e-01 
       5.215686e-01 9.043137e-01 5.043137e-01 
       5.058824e-01 9.011765e-01 5.011765e-01 
       4.901961e-01 8.980392e-01 4.980392e-01 
       4.745098e-01 8.949020e-01 4.949020e-01 
       4.588235e-01 8.917647e-01 4.917647e-01 
       4.431373e-01 8.886275e-01 4.886275e-01 
       4.274510e-01 8.854902e-01 4.854902e-01 
       4.117647e-01 8.823529e-01 4.823529e-01 
       3.960784e-01 8.792157e-01 4.792157e-01 
       3.803922e-01 8.760784e-01 4.760784e-01 
       3.647059e-01 8.729412e-01 4.729412e-01 
