function viridis_r = viridis_r()
viridis_r = [ ... 
       9.932480e-01 9.061570e-01 1.439360e-01 
       9.838680e-01 9.048670e-01 1.368970e-01 
       9.744170e-01 9.035900e-01 1.302150e-01 
       9.648940e-01 9.023230e-01 1.239410e-01 
       9.553000e-01 9.010650e-01 1.181280e-01 
       9.456360e-01 8.998150e-01 1.128380e-01 
       9.359040e-01 8.985700e-01 1.081310e-01 
       9.261060e-01 8.973300e-01 1.040710e-01 
       9.162420e-01 8.960910e-01 1.007170e-01 
       9.063110e-01 8.948550e-01 9.812500e-02 
       8.963200e-01 8.936160e-01 9.633500e-02 
       8.862710e-01 8.923740e-01 9.537400e-02 
       8.761680e-01 8.911250e-01 9.525000e-02 
       8.660130e-01 8.898680e-01 9.595300e-02 
       8.558100e-01 8.886010e-01 9.745200e-02 
       8.455610e-01 8.873220e-01 9.970200e-02 
       8.352700e-01 8.860290e-01 1.026460e-01 
       8.249400e-01 8.847200e-01 1.062170e-01 
       8.145760e-01 8.833930e-01 1.103470e-01 
       8.041820e-01 8.820460e-01 1.149650e-01 
       7.937600e-01 8.806780e-01 1.200050e-01 
       7.833150e-01 8.792850e-01 1.254050e-01 
       7.728520e-01 8.778680e-01 1.311090e-01 
       7.623730e-01 8.764240e-01 1.370640e-01 
       7.518840e-01 8.749510e-01 1.432280e-01 
       7.413880e-01 8.734490e-01 1.495610e-01 
       7.308890e-01 8.719160e-01 1.560290e-01 
       7.203910e-01 8.703500e-01 1.626030e-01 
       7.098980e-01 8.687510e-01 1.692570e-01 
       6.994150e-01 8.671170e-01 1.759710e-01 
       6.889440e-01 8.654480e-01 1.827250e-01 
       6.784890e-01 8.637420e-01 1.895030e-01 
       6.680540e-01 8.619990e-01 1.962930e-01 
       6.576420e-01 8.602190e-01 2.030820e-01 
       6.472570e-01 8.584000e-01 2.098610e-01 
       6.369020e-01 8.565420e-01 2.166200e-01 
       6.265790e-01 8.546450e-01 2.233530e-01 
       6.162930e-01 8.527090e-01 2.300520e-01 
       6.060450e-01 8.507330e-01 2.367120e-01 
       5.958390e-01 8.487170e-01 2.433290e-01 
       5.856780e-01 8.466610e-01 2.498970e-01 
       5.755630e-01 8.445660e-01 2.564150e-01 
       5.654980e-01 8.424300e-01 2.628770e-01 
       5.554840e-01 8.402540e-01 2.692810e-01 
       5.455240e-01 8.380390e-01 2.756260e-01 
       5.356210e-01 8.357850e-01 2.819080e-01 
       5.257760e-01 8.334910e-01 2.881270e-01 
       5.159920e-01 8.311580e-01 2.942790e-01 
       5.062710e-01 8.287860e-01 3.003620e-01 
       4.966150e-01 8.263760e-01 3.063770e-01 
       4.870260e-01 8.239290e-01 3.123210e-01 
       4.775040e-01 8.214440e-01 3.181950e-01 
       4.680530e-01 8.189210e-01 3.239980e-01 
       4.586740e-01 8.163630e-01 3.297270e-01 
       4.493680e-01 8.137680e-01 3.353840e-01 
       4.401370e-01 8.111380e-01 3.409670e-01 
       4.309830e-01 8.084730e-01 3.464760e-01 
       4.219080e-01 8.057740e-01 3.519100e-01 
       4.129130e-01 8.030410e-01 3.572690e-01 
       4.040010e-01 8.002750e-01 3.625520e-01 
       3.951740e-01 7.974750e-01 3.677570e-01 
       3.864330e-01 7.946440e-01 3.728860e-01 
       3.777790e-01 7.917810e-01 3.779390e-01 
       3.692140e-01 7.888880e-01 3.829140e-01 
       3.607410e-01 7.859640e-01 3.878140e-01 
       3.523600e-01 7.830110e-01 3.926360e-01 
       3.440740e-01 7.800290e-01 3.973810e-01 
       3.358850e-01 7.770180e-01 4.020490e-01 
       3.277960e-01 7.739800e-01 4.066400e-01 
       3.198090e-01 7.709140e-01 4.111520e-01 
       3.119250e-01 7.678220e-01 4.155860e-01 
       3.041480e-01 7.647040e-01 4.199430e-01 
       2.964790e-01 7.615610e-01 4.242230e-01 
       2.889210e-01 7.583940e-01 4.284260e-01 
       2.814770e-01 7.552030e-01 4.325520e-01 
       2.741490e-01 7.519880e-01 4.366010e-01 
       2.669410e-01 7.487510e-01 4.405730e-01 
       2.598570e-01 7.454920e-01 4.444670e-01 
       2.528990e-01 7.422110e-01 4.482840e-01 
       2.460700e-01 7.389100e-01 4.520240e-01 
       2.393740e-01 7.355880e-01 4.556880e-01 
       2.328150e-01 7.322470e-01 4.592770e-01 
       2.263970e-01 7.288880e-01 4.627890e-01 
       2.201240e-01 7.255090e-01 4.662260e-01 
       2.140000e-01 7.221140e-01 4.695880e-01 
       2.080300e-01 7.187010e-01 4.728730e-01 
       2.022190e-01 7.152720e-01 4.760840e-01 
       1.965710e-01 7.118270e-01 4.792210e-01 
       1.910900e-01 7.083660e-01 4.822840e-01 
       1.857830e-01 7.048910e-01 4.852730e-01 
       1.806530e-01 7.014020e-01 4.881890e-01 
       1.757070e-01 6.979000e-01 4.910330e-01 
       1.709480e-01 6.943840e-01 4.938030e-01 
       1.663830e-01 6.908560e-01 4.965020e-01 
       1.620160e-01 6.873160e-01 4.991290e-01 
       1.578510e-01 6.837650e-01 5.016860e-01 
       1.538940e-01 6.802030e-01 5.041720e-01 
       1.501480e-01 6.766310e-01 5.065890e-01 
       1.466160e-01 6.730500e-01 5.089360e-01 
       1.433030e-01 6.694590e-01 5.112150e-01 
       1.402100e-01 6.658590e-01 5.134270e-01 
       1.373390e-01 6.622520e-01 5.155710e-01 
       1.346920e-01 6.586360e-01 5.176490e-01 
       1.322680e-01 6.550140e-01 5.196610e-01 
       1.300670e-01 6.513840e-01 5.216080e-01 
       1.280870e-01 6.477490e-01 5.234910e-01 
       1.263260e-01 6.441070e-01 5.253110e-01 
       1.247800e-01 6.404610e-01 5.270680e-01 
       1.234440e-01 6.368090e-01 5.287630e-01 
       1.223120e-01 6.331530e-01 5.303980e-01 
       1.213800e-01 6.294920e-01 5.319730e-01 
       1.206380e-01 6.258280e-01 5.334880e-01 
       1.200810e-01 6.221610e-01 5.349460e-01 
       1.196990e-01 6.184900e-01 5.363470e-01 
       1.194830e-01 6.148170e-01 5.376920e-01 
       1.194230e-01 6.111410e-01 5.389820e-01 
       1.195120e-01 6.074640e-01 5.402180e-01 
       1.197380e-01 6.037850e-01 5.414000e-01 
       1.200920e-01 6.001040e-01 5.425300e-01 
       1.205650e-01 5.964220e-01 5.436110e-01 
       1.211480e-01 5.927390e-01 5.446410e-01 
       1.218310e-01 5.890550e-01 5.456230e-01 
       1.226060e-01 5.853710e-01 5.465570e-01 
       1.234630e-01 5.816870e-01 5.474450e-01 
       1.243950e-01 5.780020e-01 5.482870e-01 
       1.253940e-01 5.743180e-01 5.490860e-01 
       1.264530e-01 5.706330e-01 5.498410e-01 
       1.275680e-01 5.669490e-01 5.505560e-01 
       1.287290e-01 5.632650e-01 5.512290e-01 
       1.299330e-01 5.595820e-01 5.518640e-01 
       1.311720e-01 5.558990e-01 5.524590e-01 
       1.324440e-01 5.522160e-01 5.530180e-01 
       1.337430e-01 5.485350e-01 5.535410e-01 
       1.350660e-01 5.448530e-01 5.540290e-01 
       1.364080e-01 5.411730e-01 5.544830e-01 
       1.377700e-01 5.374920e-01 5.549060e-01 
       1.391470e-01 5.338120e-01 5.552980e-01 
       1.405360e-01 5.301320e-01 5.556590e-01 
       1.419350e-01 5.264530e-01 5.559910e-01 
       1.433430e-01 5.227730e-01 5.562950e-01 
       1.447590e-01 5.190930e-01 5.565720e-01 
       1.461800e-01 5.154130e-01 5.568230e-01 
       1.476070e-01 5.117330e-01 5.570490e-01 
       1.490390e-01 5.080510e-01 5.572500e-01 
       1.504760e-01 5.043690e-01 5.574300e-01 
       1.519180e-01 5.006850e-01 5.575870e-01 
       1.533640e-01 4.970000e-01 5.577240e-01 
       1.548150e-01 4.933130e-01 5.578400e-01 
       1.562700e-01 4.896240e-01 5.579360e-01 
       1.577290e-01 4.859320e-01 5.580130e-01 
       1.591940e-01 4.822370e-01 5.580730e-01 
       1.606650e-01 4.785400e-01 5.581150e-01 
       1.621420e-01 4.748380e-01 5.581400e-01 
       1.636250e-01 4.711330e-01 5.581480e-01 
       1.651170e-01 4.674230e-01 5.581410e-01 
       1.666170e-01 4.637080e-01 5.581190e-01 
       1.681260e-01 4.599880e-01 5.580820e-01 
       1.696460e-01 4.562620e-01 5.580300e-01 
       1.711760e-01 4.525300e-01 5.579650e-01 
       1.727190e-01 4.487910e-01 5.578850e-01 
       1.742740e-01 4.450440e-01 5.577920e-01 
       1.758410e-01 4.412900e-01 5.576850e-01 
       1.774230e-01 4.375270e-01 5.575650e-01 
       1.790190e-01 4.337560e-01 5.574300e-01 
       1.806290e-01 4.299750e-01 5.572820e-01 
       1.822560e-01 4.261840e-01 5.571200e-01 
       1.838980e-01 4.223830e-01 5.569440e-01 
       1.855560e-01 4.185700e-01 5.567530e-01 
       1.872310e-01 4.147460e-01 5.565470e-01 
