function wistia = wistia()
wistia = [ ... 
       8.941176e-01 1 4.784314e-01 
       8.957785e-01 9.985852e-01 4.725260e-01 
       8.974394e-01 9.971703e-01 4.666205e-01 
       8.991003e-01 9.957555e-01 4.607151e-01 
       9.007612e-01 9.943406e-01 4.548097e-01 
       9.024221e-01 9.929258e-01 4.489043e-01 
       9.040830e-01 9.915110e-01 4.429988e-01 
       9.057439e-01 9.900961e-01 4.370934e-01 
       9.074048e-01 9.886813e-01 4.311880e-01 
       9.090657e-01 9.872664e-01 4.252826e-01 
       9.107266e-01 9.858516e-01 4.193772e-01 
       9.123875e-01 9.844368e-01 4.134717e-01 
       9.140484e-01 9.830219e-01 4.075663e-01 
       9.157093e-01 9.816071e-01 4.016609e-01 
       9.173702e-01 9.801922e-01 3.957555e-01 
       9.190311e-01 9.787774e-01 3.898501e-01 
       9.206920e-01 9.773626e-01 3.839446e-01 
       9.223529e-01 9.759477e-01 3.780392e-01 
       9.240138e-01 9.745329e-01 3.721338e-01 
       9.256747e-01 9.731180e-01 3.662284e-01 
       9.273356e-01 9.717032e-01 3.603230e-01 
       9.289965e-01 9.702884e-01 3.544175e-01 
       9.306574e-01 9.688735e-01 3.485121e-01 
       9.323183e-01 9.674587e-01 3.426067e-01 
       9.339792e-01 9.660438e-01 3.367013e-01 
       9.356401e-01 9.646290e-01 3.307958e-01 
       9.373010e-01 9.632141e-01 3.248904e-01 
       9.389619e-01 9.617993e-01 3.189850e-01 
       9.406228e-01 9.603845e-01 3.130796e-01 
       9.422837e-01 9.589696e-01 3.071742e-01 
       9.439446e-01 9.575548e-01 3.012687e-01 
       9.456055e-01 9.561399e-01 2.953633e-01 
       9.472664e-01 9.547251e-01 2.894579e-01 
       9.489273e-01 9.533103e-01 2.835525e-01 
       9.505882e-01 9.518954e-01 2.776471e-01 
       9.522491e-01 9.504806e-01 2.717416e-01 
       9.539100e-01 9.490657e-01 2.658362e-01 
       9.555709e-01 9.476509e-01 2.599308e-01 
       9.572318e-01 9.462361e-01 2.540254e-01 
       9.588927e-01 9.448212e-01 2.481200e-01 
       9.605536e-01 9.434064e-01 2.422145e-01 
       9.622145e-01 9.419915e-01 2.363091e-01 
       9.638754e-01 9.405767e-01 2.304037e-01 
       9.655363e-01 9.391619e-01 2.244983e-01 
       9.671972e-01 9.377470e-01 2.185928e-01 
       9.688581e-01 9.363322e-01 2.126874e-01 
       9.705190e-01 9.349173e-01 2.067820e-01 
       9.721799e-01 9.335025e-01 2.008766e-01 
       9.738408e-01 9.320877e-01 1.949712e-01 
       9.755017e-01 9.306728e-01 1.890657e-01 
       9.771626e-01 9.292580e-01 1.831603e-01 
       9.788235e-01 9.278431e-01 1.772549e-01 
       9.804844e-01 9.264283e-01 1.713495e-01 
       9.821453e-01 9.250135e-01 1.654441e-01 
       9.838062e-01 9.235986e-01 1.595386e-01 
       9.854671e-01 9.221838e-01 1.536332e-01 
       9.871280e-01 9.207689e-01 1.477278e-01 
       9.887889e-01 9.193541e-01 1.418224e-01 
       9.904498e-01 9.179393e-01 1.359170e-01 
       9.921107e-01 9.165244e-01 1.300115e-01 
       9.937716e-01 9.151096e-01 1.241061e-01 
       9.954325e-01 9.136947e-01 1.182007e-01 
       9.970934e-01 9.122799e-01 1.122953e-01 
       9.987543e-01 9.108651e-01 1.063899e-01 
       1 9.091426e-01 1.015609e-01 
       1 9.064975e-01 9.996155e-02 
       1 9.038524e-01 9.836217e-02 
       1 9.012072e-01 9.676278e-02 
       1 8.985621e-01 9.516340e-02 
       1 8.959170e-01 9.356401e-02 
       1 8.932718e-01 9.196463e-02 
       1 8.906267e-01 9.036524e-02 
       1 8.879815e-01 8.876586e-02 
       1 8.853364e-01 8.716647e-02 
       1 8.826913e-01 8.556709e-02 
       1 8.800461e-01 8.396770e-02 
       1 8.774010e-01 8.236832e-02 
       1 8.747559e-01 8.076894e-02 
       1 8.721107e-01 7.916955e-02 
       1 8.694656e-01 7.757017e-02 
       1 8.668205e-01 7.597078e-02 
       1 8.641753e-01 7.437140e-02 
       1 8.615302e-01 7.277201e-02 
       1 8.588850e-01 7.117263e-02 
       1 8.562399e-01 6.957324e-02 
       1 8.535948e-01 6.797386e-02 
       1 8.509496e-01 6.637447e-02 
       1 8.483045e-01 6.477509e-02 
       1 8.456594e-01 6.317570e-02 
       1 8.430142e-01 6.157632e-02 
       1 8.403691e-01 5.997693e-02 
       1 8.377240e-01 5.837755e-02 
       1 8.350788e-01 5.677816e-02 
       1 8.324337e-01 5.517878e-02 
       1 8.297885e-01 5.357939e-02 
       1 8.271434e-01 5.198001e-02 
       1 8.244983e-01 5.038062e-02 
       1 8.218531e-01 4.878124e-02 
       1 8.192080e-01 4.718185e-02 
       1 8.165629e-01 4.558247e-02 
       1 8.139177e-01 4.398308e-02 
       1 8.112726e-01 4.238370e-02 
       1 8.086275e-01 4.078431e-02 
       1 8.059823e-01 3.918493e-02 
       1 8.033372e-01 3.758554e-02 
       1 8.006920e-01 3.598616e-02 
       1 7.980469e-01 3.438677e-02 
       1 7.954018e-01 3.278739e-02 
       1 7.927566e-01 3.118800e-02 
       1 7.901115e-01 2.958862e-02 
       1 7.874664e-01 2.798923e-02 
       1 7.848212e-01 2.638985e-02 
       1 7.821761e-01 2.479047e-02 
       1 7.795309e-01 2.319108e-02 
       1 7.768858e-01 2.159170e-02 
       1 7.742407e-01 1.999231e-02 
       1 7.715955e-01 1.839293e-02 
       1 7.689504e-01 1.679354e-02 
       1 7.663053e-01 1.519416e-02 
       1 7.636601e-01 1.359477e-02 
       1 7.610150e-01 1.199539e-02 
       1 7.583699e-01 1.039600e-02 
       1 7.557247e-01 8.796617e-03 
       1 7.530796e-01 7.197232e-03 
       1 7.504344e-01 5.597847e-03 
       1 7.477893e-01 3.998462e-03 
       1 7.451442e-01 2.399077e-03 
       1 7.424990e-01 7.996924e-04 
       1 7.402845e-01 0 
       1 7.385006e-01 0 
       1 7.367166e-01 0 
       1 7.349327e-01 0 
       1 7.331488e-01 0 
       1 7.313649e-01 0 
       1 7.295809e-01 0 
       1 7.277970e-01 0 
       1 7.260131e-01 0 
       1 7.242291e-01 0 
       1 7.224452e-01 0 
       1 7.206613e-01 0 
       1 7.188774e-01 0 
       1 7.170934e-01 0 
       1 7.153095e-01 0 
       1 7.135256e-01 0 
       1 7.117416e-01 0 
       1 7.099577e-01 0 
       1 7.081738e-01 0 
       1 7.063899e-01 0 
       1 7.046059e-01 0 
       1 7.028220e-01 0 
       1 7.010381e-01 0 
       1 6.992541e-01 0 
       1 6.974702e-01 0 
       1 6.956863e-01 0 
       1 6.939023e-01 0 
       1 6.921184e-01 0 
       1 6.903345e-01 0 
       1 6.885506e-01 0 
       1 6.867666e-01 0 
       1 6.849827e-01 0 
       1 6.831988e-01 0 
       1 6.814148e-01 0 
       1 6.796309e-01 0 
       1 6.778470e-01 0 
       1 6.760631e-01 0 
       1 6.742791e-01 0 
       1 6.724952e-01 0 
       1 6.707113e-01 0 
       1 6.689273e-01 0 
       1 6.671434e-01 0 
       1 6.653595e-01 0 
       1 6.635755e-01 0 
       1 6.617916e-01 0 
       1 6.600077e-01 0 
       1 6.582238e-01 0 
       1 6.564398e-01 0 
       1 6.546559e-01 0 
       1 6.528720e-01 0 
       1 6.510880e-01 0 
       1 6.493041e-01 0 
       1 6.475202e-01 0 
       1 6.457363e-01 0 
       1 6.439523e-01 0 
       1 6.421684e-01 0 
       1 6.403845e-01 0 
       1 6.386005e-01 0 
       1 6.368166e-01 0 
       1 6.350327e-01 0 
       1 6.332488e-01 0 
       1 6.314648e-01 0 
       1 6.296809e-01 0 
       1 6.278970e-01 0 
       9.998616e-01 6.259285e-01 0 
       9.996770e-01 6.238985e-01 0 
       9.994925e-01 6.218685e-01 0 
       9.993080e-01 6.198385e-01 0 
       9.991234e-01 6.178085e-01 0 
       9.989389e-01 6.157785e-01 0 
       9.987543e-01 6.137486e-01 0 
       9.985698e-01 6.117186e-01 0 
       9.983852e-01 6.096886e-01 0 
       9.982007e-01 6.076586e-01 0 
       9.980161e-01 6.056286e-01 0 
       9.978316e-01 6.035986e-01 0 
       9.976471e-01 6.015686e-01 0 
       9.974625e-01 5.995386e-01 0 
       9.972780e-01 5.975087e-01 0 
       9.970934e-01 5.954787e-01 0 
       9.969089e-01 5.934487e-01 0 
       9.967243e-01 5.914187e-01 0 
       9.965398e-01 5.893887e-01 0 
       9.963552e-01 5.873587e-01 0 
       9.961707e-01 5.853287e-01 0 
       9.959862e-01 5.832987e-01 0 
       9.958016e-01 5.812687e-01 0 
       9.956171e-01 5.792388e-01 0 
       9.954325e-01 5.772088e-01 0 
       9.952480e-01 5.751788e-01 0 
       9.950634e-01 5.731488e-01 0 
       9.948789e-01 5.711188e-01 0 
       9.946943e-01 5.690888e-01 0 
