function ylgnbu = ylgnbu()
ylgnbu = [ ... 
       1 1 8.509804e-01 
       9.977855e-01 9.991388e-01 8.460592e-01 
       9.955709e-01 9.982776e-01 8.411380e-01 
       9.933564e-01 9.974164e-01 8.362168e-01 
       9.911419e-01 9.965552e-01 8.312957e-01 
       9.889273e-01 9.956940e-01 8.263745e-01 
       9.867128e-01 9.948328e-01 8.214533e-01 
       9.844983e-01 9.939715e-01 8.165321e-01 
       9.822837e-01 9.931103e-01 8.116109e-01 
       9.800692e-01 9.922491e-01 8.066897e-01 
       9.778547e-01 9.913879e-01 8.017686e-01 
       9.756401e-01 9.905267e-01 7.968474e-01 
       9.734256e-01 9.896655e-01 7.919262e-01 
       9.712111e-01 9.888043e-01 7.870050e-01 
       9.689965e-01 9.879431e-01 7.820838e-01 
       9.667820e-01 9.870819e-01 7.771626e-01 
       9.645675e-01 9.862207e-01 7.722414e-01 
       9.623529e-01 9.853595e-01 7.673203e-01 
       9.601384e-01 9.844983e-01 7.623991e-01 
       9.579239e-01 9.836371e-01 7.574779e-01 
       9.557093e-01 9.827759e-01 7.525567e-01 
       9.534948e-01 9.819146e-01 7.476355e-01 
       9.512803e-01 9.810534e-01 7.427143e-01 
       9.490657e-01 9.801922e-01 7.377932e-01 
       9.468512e-01 9.793310e-01 7.328720e-01 
       9.446367e-01 9.784698e-01 7.279508e-01 
       9.424221e-01 9.776086e-01 7.230296e-01 
       9.402076e-01 9.767474e-01 7.181084e-01 
       9.379931e-01 9.758862e-01 7.131872e-01 
       9.357785e-01 9.750250e-01 7.082661e-01 
       9.335640e-01 9.741638e-01 7.033449e-01 
       9.313495e-01 9.733026e-01 6.984237e-01 
       9.288274e-01 9.723183e-01 6.941638e-01 
       9.241522e-01 9.704729e-01 6.945329e-01 
       9.194771e-01 9.686275e-01 6.949020e-01 
       9.148020e-01 9.667820e-01 6.952710e-01 
       9.101269e-01 9.649366e-01 6.956401e-01 
       9.054517e-01 9.630911e-01 6.960092e-01 
       9.007766e-01 9.612457e-01 6.963783e-01 
       8.961015e-01 9.594002e-01 6.967474e-01 
       8.914264e-01 9.575548e-01 6.971165e-01 
       8.867512e-01 9.557093e-01 6.974856e-01 
       8.820761e-01 9.538639e-01 6.978547e-01 
       8.774010e-01 9.520185e-01 6.982238e-01 
       8.727259e-01 9.501730e-01 6.985928e-01 
       8.680507e-01 9.483276e-01 6.989619e-01 
       8.633756e-01 9.464821e-01 6.993310e-01 
       8.587005e-01 9.446367e-01 6.997001e-01 
       8.540254e-01 9.427912e-01 7.000692e-01 
       8.493502e-01 9.409458e-01 7.004383e-01 
       8.446751e-01 9.391003e-01 7.008074e-01 
       8.400000e-01 9.372549e-01 7.011765e-01 
       8.353249e-01 9.354095e-01 7.015456e-01 
       8.306498e-01 9.335640e-01 7.019146e-01 
       8.259746e-01 9.317186e-01 7.022837e-01 
       8.212995e-01 9.298731e-01 7.026528e-01 
       8.166244e-01 9.280277e-01 7.030219e-01 
       8.119493e-01 9.261822e-01 7.033910e-01 
       8.072741e-01 9.243368e-01 7.037601e-01 
       8.025990e-01 9.224913e-01 7.041292e-01 
       7.979239e-01 9.206459e-01 7.044983e-01 
       7.932488e-01 9.188005e-01 7.048674e-01 
       7.885736e-01 9.169550e-01 7.052364e-01 
       7.838985e-01 9.151096e-01 7.056055e-01 
       7.781776e-01 9.128643e-01 7.060977e-01 
       7.693195e-01 9.094195e-01 7.069589e-01 
       7.604614e-01 9.059746e-01 7.078201e-01 
       7.516032e-01 9.025298e-01 7.086813e-01 
       7.427451e-01 8.990850e-01 7.095425e-01 
       7.338870e-01 8.956401e-01 7.104037e-01 
       7.250288e-01 8.921953e-01 7.112649e-01 
       7.161707e-01 8.887505e-01 7.121261e-01 
       7.073126e-01 8.853057e-01 7.129873e-01 
       6.984544e-01 8.818608e-01 7.138485e-01 
       6.895963e-01 8.784160e-01 7.147097e-01 
       6.807382e-01 8.749712e-01 7.155709e-01 
       6.718800e-01 8.715263e-01 7.164321e-01 
       6.630219e-01 8.680815e-01 7.172933e-01 
       6.541638e-01 8.646367e-01 7.181546e-01 
       6.453057e-01 8.611918e-01 7.190158e-01 
       6.364475e-01 8.577470e-01 7.198770e-01 
       6.275894e-01 8.543022e-01 7.207382e-01 
       6.187313e-01 8.508574e-01 7.215994e-01 
       6.098731e-01 8.474125e-01 7.224606e-01 
       6.010150e-01 8.439677e-01 7.233218e-01 
       5.921569e-01 8.405229e-01 7.241830e-01 
       5.832987e-01 8.370780e-01 7.250442e-01 
       5.744406e-01 8.336332e-01 7.259054e-01 
       5.655825e-01 8.301884e-01 7.267666e-01 
       5.567243e-01 8.267436e-01 7.276278e-01 
       5.478662e-01 8.232987e-01 7.284890e-01 
       5.390081e-01 8.198539e-01 7.293502e-01 
       5.301499e-01 8.164091e-01 7.302115e-01 
       5.212918e-01 8.129642e-01 7.310727e-01 
       5.124337e-01 8.095194e-01 7.319339e-01 
       5.035755e-01 8.060746e-01 7.327951e-01 
       4.951788e-01 8.028604e-01 7.337486e-01 
       4.875509e-01 8.000308e-01 7.348558e-01 
       4.799231e-01 7.972011e-01 7.359631e-01 
       4.722953e-01 7.943714e-01 7.370704e-01 
       4.646674e-01 7.915417e-01 7.381776e-01 
       4.570396e-01 7.887120e-01 7.392849e-01 
       4.494118e-01 7.858824e-01 7.403922e-01 
       4.417839e-01 7.830527e-01 7.414994e-01 
       4.341561e-01 7.802230e-01 7.426067e-01 
       4.265283e-01 7.773933e-01 7.437140e-01 
       4.189004e-01 7.745636e-01 7.448212e-01 
       4.112726e-01 7.717339e-01 7.459285e-01 
       4.036448e-01 7.689043e-01 7.470358e-01 
       3.960169e-01 7.660746e-01 7.481430e-01 
       3.883891e-01 7.632449e-01 7.492503e-01 
       3.807612e-01 7.604152e-01 7.503576e-01 
       3.731334e-01 7.575855e-01 7.514648e-01 
       3.655056e-01 7.547559e-01 7.525721e-01 
       3.578777e-01 7.519262e-01 7.536794e-01 
       3.502499e-01 7.490965e-01 7.547866e-01 
       3.426221e-01 7.462668e-01 7.558939e-01 
       3.349942e-01 7.434371e-01 7.570012e-01 
       3.273664e-01 7.406075e-01 7.581084e-01 
       3.197386e-01 7.377778e-01 7.592157e-01 
       3.121107e-01 7.349481e-01 7.603230e-01 
       3.044829e-01 7.321184e-01 7.614302e-01 
       2.968551e-01 7.292887e-01 7.625375e-01 
       2.892272e-01 7.264591e-01 7.636448e-01 
       2.815994e-01 7.236294e-01 7.647520e-01 
       2.739715e-01 7.207997e-01 7.658593e-01 
       2.663437e-01 7.179700e-01 7.669666e-01 
       2.587159e-01 7.151403e-01 7.680738e-01 
       2.526874e-01 7.114494e-01 7.683814e-01 
       2.482584e-01 7.068973e-01 7.678893e-01 
       2.438293e-01 7.023453e-01 7.673972e-01 
       2.394002e-01 6.977932e-01 7.669050e-01 
       2.349712e-01 6.932411e-01 7.664129e-01 
       2.305421e-01 6.886890e-01 7.659208e-01 
       2.261130e-01 6.841369e-01 7.654287e-01 
       2.216840e-01 6.795848e-01 7.649366e-01 
       2.172549e-01 6.750327e-01 7.644444e-01 
       2.128258e-01 6.704806e-01 7.639523e-01 
       2.083968e-01 6.659285e-01 7.634602e-01 
       2.039677e-01 6.613764e-01 7.629681e-01 
       1.995386e-01 6.568243e-01 7.624760e-01 
       1.951096e-01 6.522722e-01 7.619839e-01 
       1.906805e-01 6.477201e-01 7.614917e-01 
       1.862514e-01 6.431680e-01 7.609996e-01 
       1.818224e-01 6.386159e-01 7.605075e-01 
       1.773933e-01 6.340638e-01 7.600154e-01 
       1.729642e-01 6.295117e-01 7.595233e-01 
       1.685352e-01 6.249596e-01 7.590311e-01 
       1.641061e-01 6.204075e-01 7.585390e-01 
       1.596770e-01 6.158554e-01 7.580469e-01 
       1.552480e-01 6.113033e-01 7.575548e-01 
       1.508189e-01 6.067512e-01 7.570627e-01 
       1.463899e-01 6.021992e-01 7.565705e-01 
       1.419608e-01 5.976471e-01 7.560784e-01 
       1.375317e-01 5.930950e-01 7.555863e-01 
       1.331027e-01 5.885429e-01 7.550942e-01 
       1.286736e-01 5.839908e-01 7.546021e-01 
       1.242445e-01 5.794387e-01 7.541100e-01 
       1.198155e-01 5.748866e-01 7.536178e-01 
       1.153864e-01 5.703345e-01 7.531257e-01 
       1.141100e-01 5.647059e-01 7.510957e-01 
       1.147251e-01 5.584314e-01 7.481430e-01 
       1.153403e-01 5.521569e-01 7.451903e-01 
       1.159554e-01 5.458824e-01 7.422376e-01 
       1.165705e-01 5.396078e-01 7.392849e-01 
       1.171857e-01 5.333333e-01 7.363322e-01 
       1.178008e-01 5.270588e-01 7.333795e-01 
       1.184160e-01 5.207843e-01 7.304268e-01 
       1.190311e-01 5.145098e-01 7.274740e-01 
