function ylgn = ylgn()
ylgn = [ ... 
       1 1 8.980392e-01 
       9.990158e-01 9.996309e-01 8.926259e-01 
       9.980315e-01 9.992618e-01 8.872126e-01 
       9.970473e-01 9.988927e-01 8.817993e-01 
       9.960631e-01 9.985236e-01 8.763860e-01 
       9.950788e-01 9.981546e-01 8.709727e-01 
       9.940946e-01 9.977855e-01 8.655594e-01 
       9.931103e-01 9.974164e-01 8.601461e-01 
       9.921261e-01 9.970473e-01 8.547328e-01 
       9.911419e-01 9.966782e-01 8.493195e-01 
       9.901576e-01 9.963091e-01 8.439062e-01 
       9.891734e-01 9.959400e-01 8.384929e-01 
       9.881892e-01 9.955709e-01 8.330796e-01 
       9.872049e-01 9.952018e-01 8.276663e-01 
       9.862207e-01 9.948328e-01 8.222530e-01 
       9.852364e-01 9.944637e-01 8.168397e-01 
       9.842522e-01 9.940946e-01 8.114264e-01 
       9.832680e-01 9.937255e-01 8.060131e-01 
       9.822837e-01 9.933564e-01 8.005998e-01 
       9.812995e-01 9.929873e-01 7.951865e-01 
       9.803153e-01 9.926182e-01 7.897732e-01 
       9.793310e-01 9.922491e-01 7.843599e-01 
       9.783468e-01 9.918800e-01 7.789466e-01 
       9.773626e-01 9.915110e-01 7.735333e-01 
       9.763783e-01 9.911419e-01 7.681200e-01 
       9.753941e-01 9.907728e-01 7.627067e-01 
       9.744098e-01 9.904037e-01 7.572933e-01 
       9.734256e-01 9.900346e-01 7.518800e-01 
       9.724414e-01 9.896655e-01 7.464667e-01 
       9.714571e-01 9.892964e-01 7.410534e-01 
       9.704729e-01 9.889273e-01 7.356401e-01 
       9.694887e-01 9.885582e-01 7.302268e-01 
       9.681661e-01 9.880507e-01 7.251519e-01 
       9.644752e-01 9.865744e-01 7.224452e-01 
       9.607843e-01 9.850980e-01 7.197386e-01 
       9.570934e-01 9.836217e-01 7.170319e-01 
       9.534025e-01 9.821453e-01 7.143253e-01 
       9.497116e-01 9.806690e-01 7.116186e-01 
       9.460208e-01 9.791926e-01 7.089120e-01 
       9.423299e-01 9.777163e-01 7.062053e-01 
       9.386390e-01 9.762399e-01 7.034987e-01 
       9.349481e-01 9.747636e-01 7.007920e-01 
       9.312572e-01 9.732872e-01 6.980854e-01 
       9.275663e-01 9.718108e-01 6.953787e-01 
       9.238754e-01 9.703345e-01 6.926720e-01 
       9.201845e-01 9.688581e-01 6.899654e-01 
       9.164937e-01 9.673818e-01 6.872587e-01 
       9.128028e-01 9.659054e-01 6.845521e-01 
       9.091119e-01 9.644291e-01 6.818454e-01 
       9.054210e-01 9.629527e-01 6.791388e-01 
       9.017301e-01 9.614764e-01 6.764321e-01 
       8.980392e-01 9.600000e-01 6.737255e-01 
       8.943483e-01 9.585236e-01 6.710188e-01 
       8.906574e-01 9.570473e-01 6.683122e-01 
       8.869666e-01 9.555709e-01 6.656055e-01 
       8.832757e-01 9.540946e-01 6.628989e-01 
       8.795848e-01 9.526182e-01 6.601922e-01 
       8.758939e-01 9.511419e-01 6.574856e-01 
       8.722030e-01 9.496655e-01 6.547789e-01 
       8.685121e-01 9.481892e-01 6.520723e-01 
       8.648212e-01 9.467128e-01 6.493656e-01 
       8.611303e-01 9.452364e-01 6.466590e-01 
       8.574394e-01 9.437601e-01 6.439523e-01 
       8.537486e-01 9.422837e-01 6.412457e-01 
       8.496271e-01 9.405921e-01 6.385698e-01 
       8.442138e-01 9.382545e-01 6.359862e-01 
       8.388005e-01 9.359170e-01 6.334025e-01 
       8.333872e-01 9.335794e-01 6.308189e-01 
       8.279739e-01 9.312418e-01 6.282353e-01 
       8.225606e-01 9.289043e-01 6.256517e-01 
       8.171473e-01 9.265667e-01 6.230681e-01 
       8.117339e-01 9.242291e-01 6.204844e-01 
       8.063206e-01 9.218916e-01 6.179008e-01 
       8.009073e-01 9.195540e-01 6.153172e-01 
       7.954940e-01 9.172165e-01 6.127336e-01 
       7.900807e-01 9.148789e-01 6.101499e-01 
       7.846674e-01 9.125413e-01 6.075663e-01 
       7.792541e-01 9.102038e-01 6.049827e-01 
       7.738408e-01 9.078662e-01 6.023991e-01 
       7.684275e-01 9.055286e-01 5.998155e-01 
       7.630142e-01 9.031911e-01 5.972318e-01 
       7.576009e-01 9.008535e-01 5.946482e-01 
       7.521876e-01 8.985160e-01 5.920646e-01 
       7.467743e-01 8.961784e-01 5.894810e-01 
       7.413610e-01 8.938408e-01 5.868973e-01 
       7.359477e-01 8.915033e-01 5.843137e-01 
       7.305344e-01 8.891657e-01 5.817301e-01 
       7.251211e-01 8.868281e-01 5.791465e-01 
       7.197078e-01 8.844906e-01 5.765629e-01 
       7.142945e-01 8.821530e-01 5.739792e-01 
       7.088812e-01 8.798155e-01 5.713956e-01 
       7.034679e-01 8.774779e-01 5.688120e-01 
       6.980546e-01 8.751403e-01 5.662284e-01 
       6.926413e-01 8.728028e-01 5.636448e-01 
       6.872280e-01 8.704652e-01 5.610611e-01 
       6.818147e-01 8.681276e-01 5.584775e-01 
       6.759862e-01 8.656055e-01 5.558939e-01 
       6.694656e-01 8.627759e-01 5.533103e-01 
       6.629450e-01 8.599462e-01 5.507266e-01 
       6.564245e-01 8.571165e-01 5.481430e-01 
       6.499039e-01 8.542868e-01 5.455594e-01 
       6.433833e-01 8.514571e-01 5.429758e-01 
       6.368627e-01 8.486275e-01 5.403922e-01 
       6.303422e-01 8.457978e-01 5.378085e-01 
       6.238216e-01 8.429681e-01 5.352249e-01 
       6.173010e-01 8.401384e-01 5.326413e-01 
       6.107805e-01 8.373087e-01 5.300577e-01 
       6.042599e-01 8.344790e-01 5.274740e-01 
       5.977393e-01 8.316494e-01 5.248904e-01 
       5.912188e-01 8.288197e-01 5.223068e-01 
       5.846982e-01 8.259900e-01 5.197232e-01 
       5.781776e-01 8.231603e-01 5.171396e-01 
       5.716571e-01 8.203306e-01 5.145559e-01 
       5.651365e-01 8.175010e-01 5.119723e-01 
       5.586159e-01 8.146713e-01 5.093887e-01 
       5.520953e-01 8.118416e-01 5.068051e-01 
       5.455748e-01 8.090119e-01 5.042215e-01 
       5.390542e-01 8.061822e-01 5.016378e-01 
       5.325336e-01 8.033526e-01 4.990542e-01 
       5.260131e-01 8.005229e-01 4.964706e-01 
       5.194925e-01 7.976932e-01 4.938870e-01 
       5.129719e-01 7.948635e-01 4.913033e-01 
       5.064514e-01 7.920338e-01 4.887197e-01 
       4.999308e-01 7.892042e-01 4.861361e-01 
       4.934102e-01 7.863745e-01 4.835525e-01 
       4.868897e-01 7.835448e-01 4.809689e-01 
       4.803691e-01 7.807151e-01 4.783852e-01 
       4.738485e-01 7.778854e-01 4.758016e-01 
       4.672049e-01 7.748097e-01 4.727874e-01 
       4.604383e-01 7.714879e-01 4.693426e-01 
       4.536717e-01 7.681661e-01 4.658977e-01 
       4.469050e-01 7.648443e-01 4.624529e-01 
       4.401384e-01 7.615225e-01 4.590081e-01 
       4.333718e-01 7.582007e-01 4.555632e-01 
       4.266052e-01 7.548789e-01 4.521184e-01 
       4.198385e-01 7.515571e-01 4.486736e-01 
       4.130719e-01 7.482353e-01 4.452288e-01 
       4.063053e-01 7.449135e-01 4.417839e-01 
       3.995386e-01 7.415917e-01 4.383391e-01 
       3.927720e-01 7.382699e-01 4.348943e-01 
       3.860054e-01 7.349481e-01 4.314494e-01 
       3.792388e-01 7.316263e-01 4.280046e-01 
       3.724721e-01 7.283045e-01 4.245598e-01 
       3.657055e-01 7.249827e-01 4.211150e-01 
       3.589389e-01 7.216609e-01 4.176701e-01 
       3.521722e-01 7.183391e-01 4.142253e-01 
       3.454056e-01 7.150173e-01 4.107805e-01 
       3.386390e-01 7.116955e-01 4.073356e-01 
       3.318724e-01 7.083737e-01 4.038908e-01 
       3.251057e-01 7.050519e-01 4.004460e-01 
       3.183391e-01 7.017301e-01 3.970012e-01 
       3.115725e-01 6.984083e-01 3.935563e-01 
       3.048058e-01 6.950865e-01 3.901115e-01 
       2.980392e-01 6.917647e-01 3.866667e-01 
       2.912726e-01 6.884429e-01 3.832218e-01 
       2.845060e-01 6.851211e-01 3.797770e-01 
       2.777393e-01 6.817993e-01 3.763322e-01 
       2.709727e-01 6.784775e-01 3.728874e-01 
       2.642061e-01 6.751557e-01 3.694425e-01 
       2.574394e-01 6.718339e-01 3.659977e-01 
       2.525952e-01 6.675894e-01 3.627067e-01 
       2.489043e-01 6.627912e-01 3.595079e-01 
       2.452134e-01 6.579931e-01 3.563091e-01 
       2.415225e-01 6.531949e-01 3.531103e-01 
       2.378316e-01 6.483968e-01 3.499116e-01 
       2.341407e-01 6.435986e-01 3.467128e-01 
       2.304498e-01 6.388005e-01 3.435140e-01 
       2.267589e-01 6.340023e-01 3.403153e-01 
       2.230681e-01 6.292042e-01 3.371165e-01 
