function ylorrd = ylorrd()
ylorrd = [ ... 
       1 1 8.000000e-01 
       1 9.977855e-01 7.945867e-01 
       1 9.955709e-01 7.891734e-01 
       1 9.933564e-01 7.837601e-01 
       1 9.911419e-01 7.783468e-01 
       1 9.889273e-01 7.729335e-01 
       1 9.867128e-01 7.675202e-01 
       1 9.844983e-01 7.621069e-01 
       1 9.822837e-01 7.566936e-01 
       1 9.800692e-01 7.512803e-01 
       1 9.778547e-01 7.458670e-01 
       1 9.756401e-01 7.404537e-01 
       1 9.734256e-01 7.350404e-01 
       1 9.712111e-01 7.296271e-01 
       1 9.689965e-01 7.242138e-01 
       1 9.667820e-01 7.188005e-01 
       1 9.645675e-01 7.133872e-01 
       1 9.623529e-01 7.079739e-01 
       1 9.601384e-01 7.025606e-01 
       1 9.579239e-01 6.971473e-01 
       1 9.557093e-01 6.917339e-01 
       1 9.534948e-01 6.863206e-01 
       1 9.512803e-01 6.809073e-01 
       1 9.490657e-01 6.754940e-01 
       1 9.468512e-01 6.700807e-01 
       1 9.446367e-01 6.646674e-01 
       1 9.424221e-01 6.592541e-01 
       1 9.402076e-01 6.538408e-01 
       1 9.379931e-01 6.484275e-01 
       1 9.357785e-01 6.430142e-01 
       1 9.335640e-01 6.376009e-01 
       1 9.313495e-01 6.321876e-01 
       9.999846e-01 9.291042e-01 6.268051e-01 
       9.998616e-01 9.266436e-01 6.216378e-01 
       9.997386e-01 9.241830e-01 6.164706e-01 
       9.996155e-01 9.217224e-01 6.113033e-01 
       9.994925e-01 9.192618e-01 6.061361e-01 
       9.993695e-01 9.168012e-01 6.009689e-01 
       9.992464e-01 9.143406e-01 5.958016e-01 
       9.991234e-01 9.118800e-01 5.906344e-01 
       9.990004e-01 9.094195e-01 5.854671e-01 
       9.988774e-01 9.069589e-01 5.802999e-01 
       9.987543e-01 9.044983e-01 5.751326e-01 
       9.986313e-01 9.020377e-01 5.699654e-01 
       9.985083e-01 8.995771e-01 5.647982e-01 
       9.983852e-01 8.971165e-01 5.596309e-01 
       9.982622e-01 8.946559e-01 5.544637e-01 
       9.981392e-01 8.921953e-01 5.492964e-01 
       9.980161e-01 8.897347e-01 5.441292e-01 
       9.978931e-01 8.872741e-01 5.389619e-01 
       9.977701e-01 8.848135e-01 5.337947e-01 
       9.976471e-01 8.823529e-01 5.286275e-01 
       9.975240e-01 8.798923e-01 5.234602e-01 
       9.974010e-01 8.774318e-01 5.182930e-01 
       9.972780e-01 8.749712e-01 5.131257e-01 
       9.971549e-01 8.725106e-01 5.079585e-01 
       9.970319e-01 8.700500e-01 5.027912e-01 
       9.969089e-01 8.675894e-01 4.976240e-01 
       9.967859e-01 8.651288e-01 4.924567e-01 
       9.966628e-01 8.626682e-01 4.872895e-01 
       9.965398e-01 8.602076e-01 4.821223e-01 
       9.964168e-01 8.577470e-01 4.769550e-01 
       9.962937e-01 8.552864e-01 4.717878e-01 
       9.961707e-01 8.528258e-01 4.666205e-01 
       9.960784e-01 8.497809e-01 4.614533e-01 
       9.960784e-01 8.449827e-01 4.562860e-01 
       9.960784e-01 8.401845e-01 4.511188e-01 
       9.960784e-01 8.353864e-01 4.459516e-01 
       9.960784e-01 8.305882e-01 4.407843e-01 
       9.960784e-01 8.257901e-01 4.356171e-01 
       9.960784e-01 8.209919e-01 4.304498e-01 
       9.960784e-01 8.161938e-01 4.252826e-01 
       9.960784e-01 8.113956e-01 4.201153e-01 
       9.960784e-01 8.065975e-01 4.149481e-01 
       9.960784e-01 8.017993e-01 4.097809e-01 
       9.960784e-01 7.970012e-01 4.046136e-01 
       9.960784e-01 7.922030e-01 3.994464e-01 
       9.960784e-01 7.874048e-01 3.942791e-01 
       9.960784e-01 7.826067e-01 3.891119e-01 
       9.960784e-01 7.778085e-01 3.839446e-01 
       9.960784e-01 7.730104e-01 3.787774e-01 
       9.960784e-01 7.682122e-01 3.736101e-01 
       9.960784e-01 7.634141e-01 3.684429e-01 
       9.960784e-01 7.586159e-01 3.632757e-01 
       9.960784e-01 7.538178e-01 3.581084e-01 
       9.960784e-01 7.490196e-01 3.529412e-01 
       9.960784e-01 7.442215e-01 3.477739e-01 
       9.960784e-01 7.394233e-01 3.426067e-01 
       9.960784e-01 7.346251e-01 3.374394e-01 
       9.960784e-01 7.298270e-01 3.322722e-01 
       9.960784e-01 7.250288e-01 3.271050e-01 
       9.960784e-01 7.202307e-01 3.219377e-01 
       9.960784e-01 7.154325e-01 3.167705e-01 
       9.960784e-01 7.106344e-01 3.116032e-01 
       9.960784e-01 7.058362e-01 3.064360e-01 
       9.960784e-01 7.010381e-01 3.012687e-01 
       9.960323e-01 6.963322e-01 2.973010e-01 
       9.959093e-01 6.917801e-01 2.953326e-01 
       9.957862e-01 6.872280e-01 2.933641e-01 
       9.956632e-01 6.826759e-01 2.913956e-01 
       9.955402e-01 6.781238e-01 2.894271e-01 
       9.954171e-01 6.735717e-01 2.874587e-01 
       9.952941e-01 6.690196e-01 2.854902e-01 
       9.951711e-01 6.644675e-01 2.835217e-01 
       9.950481e-01 6.599154e-01 2.815532e-01 
       9.949250e-01 6.553633e-01 2.795848e-01 
       9.948020e-01 6.508112e-01 2.776163e-01 
       9.946790e-01 6.462591e-01 2.756478e-01 
       9.945559e-01 6.417070e-01 2.736794e-01 
       9.944329e-01 6.371549e-01 2.717109e-01 
       9.943099e-01 6.326028e-01 2.697424e-01 
       9.941869e-01 6.280507e-01 2.677739e-01 
       9.940638e-01 6.234987e-01 2.658055e-01 
       9.939408e-01 6.189466e-01 2.638370e-01 
       9.938178e-01 6.143945e-01 2.618685e-01 
       9.936947e-01 6.098424e-01 2.599000e-01 
       9.935717e-01 6.052903e-01 2.579316e-01 
       9.934487e-01 6.007382e-01 2.559631e-01 
       9.933256e-01 5.961861e-01 2.539946e-01 
       9.932026e-01 5.916340e-01 2.520261e-01 
       9.930796e-01 5.870819e-01 2.500577e-01 
       9.929566e-01 5.825298e-01 2.480892e-01 
       9.928335e-01 5.779777e-01 2.461207e-01 
       9.927105e-01 5.734256e-01 2.441522e-01 
       9.925875e-01 5.688735e-01 2.421838e-01 
       9.924644e-01 5.643214e-01 2.402153e-01 
       9.923414e-01 5.597693e-01 2.382468e-01 
       9.922184e-01 5.552172e-01 2.362784e-01 
       9.920953e-01 5.490657e-01 2.341869e-01 
       9.919723e-01 5.413149e-01 2.319723e-01 
       9.918493e-01 5.335640e-01 2.297578e-01 
       9.917263e-01 5.258131e-01 2.275433e-01 
       9.916032e-01 5.180623e-01 2.253287e-01 
       9.914802e-01 5.103114e-01 2.231142e-01 
       9.913572e-01 5.025606e-01 2.208997e-01 
       9.912341e-01 4.948097e-01 2.186851e-01 
       9.911111e-01 4.870588e-01 2.164706e-01 
       9.909881e-01 4.793080e-01 2.142561e-01 
       9.908651e-01 4.715571e-01 2.120415e-01 
       9.907420e-01 4.638062e-01 2.098270e-01 
       9.906190e-01 4.560554e-01 2.076125e-01 
       9.904960e-01 4.483045e-01 2.053979e-01 
       9.903729e-01 4.405536e-01 2.031834e-01 
       9.902499e-01 4.328028e-01 2.009689e-01 
       9.901269e-01 4.250519e-01 1.987543e-01 
       9.900038e-01 4.173010e-01 1.965398e-01 
       9.898808e-01 4.095502e-01 1.943253e-01 
       9.897578e-01 4.017993e-01 1.921107e-01 
       9.896348e-01 3.940484e-01 1.898962e-01 
       9.895117e-01 3.862976e-01 1.876817e-01 
       9.893887e-01 3.785467e-01 1.854671e-01 
       9.892657e-01 3.707958e-01 1.832526e-01 
       9.891426e-01 3.630450e-01 1.810381e-01 
       9.890196e-01 3.552941e-01 1.788235e-01 
       9.888966e-01 3.475433e-01 1.766090e-01 
       9.887735e-01 3.397924e-01 1.743945e-01 
       9.886505e-01 3.320415e-01 1.721799e-01 
       9.885275e-01 3.242907e-01 1.699654e-01 
       9.884045e-01 3.165398e-01 1.677509e-01 
       9.882814e-01 3.087889e-01 1.655363e-01 
       9.863130e-01 3.018839e-01 1.636294e-01 
       9.832372e-01 2.954864e-01 1.619070e-01 
       9.801615e-01 2.890888e-01 1.601845e-01 
       9.770857e-01 2.826913e-01 1.584621e-01 
       9.740100e-01 2.762937e-01 1.567397e-01 
       9.709343e-01 2.698962e-01 1.550173e-01 
       9.678585e-01 2.634987e-01 1.532949e-01 
       9.647828e-01 2.571011e-01 1.515725e-01 
       9.617070e-01 2.507036e-01 1.498501e-01 
       9.586313e-01 2.443060e-01 1.481276e-01 
       9.555556e-01 2.379085e-01 1.464052e-01 
       9.524798e-01 2.315110e-01 1.446828e-01 
       9.494041e-01 2.251134e-01 1.429604e-01 
       9.463283e-01 2.187159e-01 1.412380e-01 
       9.432526e-01 2.123183e-01 1.395156e-01 
       9.401769e-01 2.059208e-01 1.377932e-01 
       9.371011e-01 1.995233e-01 1.360707e-01 
