function ylorbr = ylorbr()
ylorbr = [ ... 
       1 1 8.980392e-01 
       1 9.990158e-01 8.929950e-01 
       1 9.980315e-01 8.879508e-01 
       1 9.970473e-01 8.829066e-01 
       1 9.960631e-01 8.778624e-01 
       1 9.950788e-01 8.728181e-01 
       1 9.940946e-01 8.677739e-01 
       1 9.931103e-01 8.627297e-01 
       1 9.921261e-01 8.576855e-01 
       1 9.911419e-01 8.526413e-01 
       1 9.901576e-01 8.475971e-01 
       1 9.891734e-01 8.425529e-01 
       1 9.881892e-01 8.375087e-01 
       1 9.872049e-01 8.324644e-01 
       1 9.862207e-01 8.274202e-01 
       1 9.852364e-01 8.223760e-01 
       1 9.842522e-01 8.173318e-01 
       1 9.832680e-01 8.122876e-01 
       1 9.822837e-01 8.072434e-01 
       1 9.812995e-01 8.021992e-01 
       1 9.803153e-01 7.971549e-01 
       1 9.793310e-01 7.921107e-01 
       1 9.783468e-01 7.870665e-01 
       1 9.773626e-01 7.820223e-01 
       1 9.763783e-01 7.769781e-01 
       1 9.753941e-01 7.719339e-01 
       1 9.744098e-01 7.668897e-01 
       1 9.734256e-01 7.618454e-01 
       1 9.724414e-01 7.568012e-01 
       1 9.714571e-01 7.517570e-01 
       1 9.704729e-01 7.467128e-01 
       1 9.694887e-01 7.416686e-01 
       9.999846e-01 9.683199e-01 7.365936e-01 
       9.998616e-01 9.658593e-01 7.313033e-01 
       9.997386e-01 9.633987e-01 7.260131e-01 
       9.996155e-01 9.609381e-01 7.207228e-01 
       9.994925e-01 9.584775e-01 7.154325e-01 
       9.993695e-01 9.560169e-01 7.101423e-01 
       9.992464e-01 9.535563e-01 7.048520e-01 
       9.991234e-01 9.510957e-01 6.995617e-01 
       9.990004e-01 9.486351e-01 6.942714e-01 
       9.988774e-01 9.461745e-01 6.889812e-01 
       9.987543e-01 9.437140e-01 6.836909e-01 
       9.986313e-01 9.412534e-01 6.784006e-01 
       9.985083e-01 9.387928e-01 6.731103e-01 
       9.983852e-01 9.363322e-01 6.678201e-01 
       9.982622e-01 9.338716e-01 6.625298e-01 
       9.981392e-01 9.314110e-01 6.572395e-01 
       9.980161e-01 9.289504e-01 6.519493e-01 
       9.978931e-01 9.264898e-01 6.466590e-01 
       9.977701e-01 9.240292e-01 6.413687e-01 
       9.976471e-01 9.215686e-01 6.360784e-01 
       9.975240e-01 9.191080e-01 6.307882e-01 
       9.974010e-01 9.166474e-01 6.254979e-01 
       9.972780e-01 9.141869e-01 6.202076e-01 
       9.971549e-01 9.117263e-01 6.149173e-01 
       9.970319e-01 9.092657e-01 6.096271e-01 
       9.969089e-01 9.068051e-01 6.043368e-01 
       9.967859e-01 9.043445e-01 5.990465e-01 
       9.966628e-01 9.018839e-01 5.937562e-01 
       9.965398e-01 8.994233e-01 5.884660e-01 
       9.964168e-01 8.969627e-01 5.831757e-01 
       9.962937e-01 8.945021e-01 5.778854e-01 
       9.961707e-01 8.920415e-01 5.725952e-01 
       9.960784e-01 8.892426e-01 5.665975e-01 
       9.960784e-01 8.854287e-01 5.584775e-01 
       9.960784e-01 8.816148e-01 5.503576e-01 
       9.960784e-01 8.778008e-01 5.422376e-01 
       9.960784e-01 8.739869e-01 5.341176e-01 
       9.960784e-01 8.701730e-01 5.259977e-01 
       9.960784e-01 8.663591e-01 5.178777e-01 
       9.960784e-01 8.625452e-01 5.097578e-01 
       9.960784e-01 8.587313e-01 5.016378e-01 
       9.960784e-01 8.549173e-01 4.935179e-01 
       9.960784e-01 8.511034e-01 4.853979e-01 
       9.960784e-01 8.472895e-01 4.772780e-01 
       9.960784e-01 8.434756e-01 4.691580e-01 
       9.960784e-01 8.396617e-01 4.610381e-01 
       9.960784e-01 8.358478e-01 4.529181e-01 
       9.960784e-01 8.320338e-01 4.447982e-01 
       9.960784e-01 8.282199e-01 4.366782e-01 
       9.960784e-01 8.244060e-01 4.285582e-01 
       9.960784e-01 8.205921e-01 4.204383e-01 
       9.960784e-01 8.167782e-01 4.123183e-01 
       9.960784e-01 8.129642e-01 4.041984e-01 
       9.960784e-01 8.091503e-01 3.960784e-01 
       9.960784e-01 8.053364e-01 3.879585e-01 
       9.960784e-01 8.015225e-01 3.798385e-01 
       9.960784e-01 7.977086e-01 3.717186e-01 
       9.960784e-01 7.938947e-01 3.635986e-01 
       9.960784e-01 7.900807e-01 3.554787e-01 
       9.960784e-01 7.862668e-01 3.473587e-01 
       9.960784e-01 7.824529e-01 3.392388e-01 
       9.960784e-01 7.786390e-01 3.311188e-01 
       9.960784e-01 7.748251e-01 3.229988e-01 
       9.960784e-01 7.710111e-01 3.148789e-01 
       9.960784e-01 7.666436e-01 3.080507e-01 
       9.960784e-01 7.613533e-01 3.033756e-01 
       9.960784e-01 7.560631e-01 2.987005e-01 
       9.960784e-01 7.507728e-01 2.940254e-01 
       9.960784e-01 7.454825e-01 2.893502e-01 
       9.960784e-01 7.401922e-01 2.846751e-01 
       9.960784e-01 7.349020e-01 2.800000e-01 
       9.960784e-01 7.296117e-01 2.753249e-01 
       9.960784e-01 7.243214e-01 2.706498e-01 
       9.960784e-01 7.190311e-01 2.659746e-01 
       9.960784e-01 7.137409e-01 2.612995e-01 
       9.960784e-01 7.084506e-01 2.566244e-01 
       9.960784e-01 7.031603e-01 2.519493e-01 
       9.960784e-01 6.978700e-01 2.472741e-01 
       9.960784e-01 6.925798e-01 2.425990e-01 
       9.960784e-01 6.872895e-01 2.379239e-01 
       9.960784e-01 6.819992e-01 2.332488e-01 
       9.960784e-01 6.767090e-01 2.285736e-01 
       9.960784e-01 6.714187e-01 2.238985e-01 
       9.960784e-01 6.661284e-01 2.192234e-01 
       9.960784e-01 6.608381e-01 2.145483e-01 
       9.960784e-01 6.555479e-01 2.098731e-01 
       9.960784e-01 6.502576e-01 2.051980e-01 
       9.960784e-01 6.449673e-01 2.005229e-01 
       9.960784e-01 6.396770e-01 1.958478e-01 
       9.960784e-01 6.343868e-01 1.911726e-01 
       9.960784e-01 6.290965e-01 1.864975e-01 
       9.960784e-01 6.238062e-01 1.818224e-01 
       9.960784e-01 6.185160e-01 1.771473e-01 
       9.960784e-01 6.132257e-01 1.724721e-01 
       9.960784e-01 6.079354e-01 1.677970e-01 
       9.960784e-01 6.026451e-01 1.631219e-01 
       9.949712e-01 5.974779e-01 1.594925e-01 
       9.927566e-01 5.924337e-01 1.569089e-01 
       9.905421e-01 5.873895e-01 1.543253e-01 
       9.883276e-01 5.823453e-01 1.517416e-01 
       9.861130e-01 5.773010e-01 1.491580e-01 
       9.838985e-01 5.722568e-01 1.465744e-01 
       9.816840e-01 5.672126e-01 1.439908e-01 
       9.794694e-01 5.621684e-01 1.414072e-01 
       9.772549e-01 5.571242e-01 1.388235e-01 
       9.750404e-01 5.520800e-01 1.362399e-01 
       9.728258e-01 5.470358e-01 1.336563e-01 
       9.706113e-01 5.419915e-01 1.310727e-01 
       9.683968e-01 5.369473e-01 1.284890e-01 
       9.661822e-01 5.319031e-01 1.259054e-01 
       9.639677e-01 5.268589e-01 1.233218e-01 
       9.617532e-01 5.218147e-01 1.207382e-01 
       9.595386e-01 5.167705e-01 1.181546e-01 
       9.573241e-01 5.117263e-01 1.155709e-01 
       9.551096e-01 5.066820e-01 1.129873e-01 
       9.528950e-01 5.016378e-01 1.104037e-01 
       9.506805e-01 4.965936e-01 1.078201e-01 
       9.484660e-01 4.915494e-01 1.052364e-01 
       9.462514e-01 4.865052e-01 1.026528e-01 
       9.440369e-01 4.814610e-01 1.000692e-01 
       9.418224e-01 4.764168e-01 9.748558e-02 
       9.396078e-01 4.713725e-01 9.490196e-02 
       9.373933e-01 4.663283e-01 9.231834e-02 
       9.351788e-01 4.612841e-01 8.973472e-02 
       9.329642e-01 4.562399e-01 8.715110e-02 
       9.307497e-01 4.511957e-01 8.456747e-02 
       9.285352e-01 4.461515e-01 8.198385e-02 
       9.263206e-01 4.411073e-01 7.940023e-02 
       9.230296e-01 4.364475e-01 7.704729e-02 
       9.190927e-01 4.320185e-01 7.483276e-02 
       9.151557e-01 4.275894e-01 7.261822e-02 
       9.112188e-01 4.231603e-01 7.040369e-02 
       9.072818e-01 4.187313e-01 6.818916e-02 
       9.033449e-01 4.143022e-01 6.597463e-02 
       8.994079e-01 4.098731e-01 6.376009e-02 
       8.954710e-01 4.054441e-01 6.154556e-02 
       8.915340e-01 4.010150e-01 5.933103e-02 
       8.875971e-01 3.965859e-01 5.711649e-02 
       8.836601e-01 3.921569e-01 5.490196e-02 
       8.797232e-01 3.877278e-01 5.268743e-02 
       8.757862e-01 3.832987e-01 5.047290e-02 
       8.718493e-01 3.788697e-01 4.825836e-02 
       8.679123e-01 3.744406e-01 4.604383e-02 
       8.639754e-01 3.700115e-01 4.382930e-02 
       8.600384e-01 3.655825e-01 4.161476e-02 
