function acton = acton()
acton = [ ... 
       1.806269e-01 1.299160e-01 3.002437e-01 
       1.846099e-01 1.333614e-01 3.037825e-01 
       1.885882e-01 1.368291e-01 3.073295e-01 
       1.925468e-01 1.403233e-01 3.109002e-01 
       1.965479e-01 1.438316e-01 3.144430e-01 
       2.004885e-01 1.473405e-01 3.180147e-01 
       2.045146e-01 1.508463e-01 3.215805e-01 
       2.084932e-01 1.543690e-01 3.251534e-01 
       2.124992e-01 1.579160e-01 3.287519e-01 
       2.165235e-01 1.614877e-01 3.323455e-01 
       2.205435e-01 1.649969e-01 3.359277e-01 
       2.245257e-01 1.685791e-01 3.395403e-01 
       2.285995e-01 1.721380e-01 3.431428e-01 
       2.326269e-01 1.757057e-01 3.467490e-01 
       2.367004e-01 1.793089e-01 3.503701e-01 
       2.407376e-01 1.828872e-01 3.539780e-01 
       2.448144e-01 1.865016e-01 3.576216e-01 
       2.489296e-01 1.901040e-01 3.612373e-01 
       2.530304e-01 1.937331e-01 3.648735e-01 
       2.571493e-01 1.973439e-01 3.685233e-01 
       2.612781e-01 2.009423e-01 3.721553e-01 
       2.654252e-01 2.046050e-01 3.758101e-01 
       2.696032e-01 2.082264e-01 3.794615e-01 
       2.737827e-01 2.118806e-01 3.831236e-01 
       2.779785e-01 2.155049e-01 3.867690e-01 
       2.822048e-01 2.191549e-01 3.904345e-01 
       2.864184e-01 2.228073e-01 3.940973e-01 
       2.906859e-01 2.264581e-01 3.977683e-01 
       2.949638e-01 2.300768e-01 4.014311e-01 
       2.992822e-01 2.337321e-01 4.050945e-01 
       3.035921e-01 2.374165e-01 4.087620e-01 
       3.079410e-01 2.410393e-01 4.124357e-01 
       3.123109e-01 2.446750e-01 4.160902e-01 
       3.167291e-01 2.483521e-01 4.197554e-01 
       3.211549e-01 2.519830e-01 4.234033e-01 
       3.255981e-01 2.556096e-01 4.270689e-01 
       3.300974e-01 2.592512e-01 4.307135e-01 
       3.346164e-01 2.628621e-01 4.343489e-01 
       3.391563e-01 2.664735e-01 4.379931e-01 
       3.437147e-01 2.700844e-01 4.416160e-01 
       3.483249e-01 2.736727e-01 4.452260e-01 
       3.529624e-01 2.772456e-01 4.488359e-01 
       3.576378e-01 2.807871e-01 4.524289e-01 
       3.623281e-01 2.843416e-01 4.559940e-01 
       3.670581e-01 2.878681e-01 4.595567e-01 
       3.718180e-01 2.913927e-01 4.630855e-01 
       3.766334e-01 2.948609e-01 4.666174e-01 
       3.814616e-01 2.983212e-01 4.701189e-01 
       3.863137e-01 3.017525e-01 4.735808e-01 
       3.912260e-01 3.051748e-01 4.770348e-01 
       3.961510e-01 3.085492e-01 4.804533e-01 
       4.011180e-01 3.118693e-01 4.838379e-01 
       4.061063e-01 3.151866e-01 4.872023e-01 
       4.111208e-01 3.184548e-01 4.905236e-01 
       4.161675e-01 3.216740e-01 4.937989e-01 
       4.212359e-01 3.248517e-01 4.970390e-01 
       4.263373e-01 3.279919e-01 5.002330e-01 
       4.314728e-01 3.310692e-01 5.033833e-01 
       4.366117e-01 3.341214e-01 5.064895e-01 
       4.417783e-01 3.370972e-01 5.095465e-01 
       4.469508e-01 3.400215e-01 5.125440e-01 
       4.521536e-01 3.428875e-01 5.154845e-01 
       4.573489e-01 3.456720e-01 5.183810e-01 
       4.625606e-01 3.484165e-01 5.212004e-01 
       4.677877e-01 3.510910e-01 5.239647e-01 
       4.730070e-01 3.536791e-01 5.266691e-01 
       4.782381e-01 3.562207e-01 5.292996e-01 
       4.834585e-01 3.586635e-01 5.318576e-01 
       4.886820e-01 3.610460e-01 5.343470e-01 
       4.938922e-01 3.633555e-01 5.367767e-01 
       4.990887e-01 3.655887e-01 5.391170e-01 
       5.042830e-01 3.677328e-01 5.413844e-01 
       5.094437e-01 3.698054e-01 5.435895e-01 
       5.145954e-01 3.717927e-01 5.457155e-01 
       5.197137e-01 3.737123e-01 5.477577e-01 
       5.248185e-01 3.755337e-01 5.497283e-01 
       5.298945e-01 3.772884e-01 5.516227e-01 
       5.349372e-01 3.789516e-01 5.534306e-01 
       5.399476e-01 3.805439e-01 5.551728e-01 
       5.449331e-01 3.820406e-01 5.568441e-01 
       5.498801e-01 3.834795e-01 5.584226e-01 
       5.547902e-01 3.848180e-01 5.599493e-01 
       5.596662e-01 3.860895e-01 5.613884e-01 
       5.644995e-01 3.872904e-01 5.627677e-01 
       5.692936e-01 3.884248e-01 5.640697e-01 
       5.740539e-01 3.894775e-01 5.652932e-01 
       5.787781e-01 3.904627e-01 5.664728e-01 
       5.834576e-01 3.913914e-01 5.675789e-01 
       5.880990e-01 3.922402e-01 5.686196e-01 
       5.927173e-01 3.930346e-01 5.696055e-01 
       5.972842e-01 3.937722e-01 5.705377e-01 
       6.018135e-01 3.944556e-01 5.714183e-01 
       6.063126e-01 3.950911e-01 5.722520e-01 
       6.107859e-01 3.956792e-01 5.730362e-01 
       6.152162e-01 3.962136e-01 5.737692e-01 
       6.196338e-01 3.967044e-01 5.744628e-01 
       6.240154e-01 3.971680e-01 5.751289e-01 
       6.283732e-01 3.976054e-01 5.757668e-01 
       6.327071e-01 3.980120e-01 5.763698e-01 
       6.370284e-01 3.983904e-01 5.769411e-01 
       6.413248e-01 3.987485e-01 5.774895e-01 
       6.456184e-01 3.990939e-01 5.780271e-01 
       6.499082e-01 3.994346e-01 5.785589e-01 
       6.541852e-01 3.997790e-01 5.790858e-01 
       6.584642e-01 4.001348e-01 5.796092e-01 
       6.627521e-01 4.005038e-01 5.801322e-01 
       6.670362e-01 4.008849e-01 5.806628e-01 
       6.713393e-01 4.012812e-01 5.812102e-01 
       6.756577e-01 4.017080e-01 5.817801e-01 
       6.799909e-01 4.021847e-01 5.823781e-01 
       6.843521e-01 4.027204e-01 5.830111e-01 
       6.887506e-01 4.033163e-01 5.836861e-01 
       6.931697e-01 4.039705e-01 5.844101e-01 
       6.976185e-01 4.046967e-01 5.851921e-01 
       7.021088e-01 4.055303e-01 5.860299e-01 
       7.066463e-01 4.064476e-01 5.869324e-01 
       7.112156e-01 4.074700e-01 5.879150e-01 
       7.158268e-01 4.086145e-01 5.889831e-01 
       7.204685e-01 4.098921e-01 5.901447e-01 
       7.251599e-01 4.112920e-01 5.914066e-01 
       7.298764e-01 4.128549e-01 5.927716e-01 
       7.346232e-01 4.145512e-01 5.942333e-01 
       7.393946e-01 4.164192e-01 5.958134e-01 
       7.441687e-01 4.184439e-01 5.975135e-01 
       7.489503e-01 4.206479e-01 5.993315e-01 
       7.537277e-01 4.230214e-01 6.012622e-01 
       7.584839e-01 4.255790e-01 6.033224e-01 
       7.631966e-01 4.283023e-01 6.054905e-01 
       7.678607e-01 4.311992e-01 6.077904e-01 
       7.724597e-01 4.342459e-01 6.101847e-01 
       7.769765e-01 4.374740e-01 6.126893e-01 
       7.813819e-01 4.408232e-01 6.152952e-01 
       7.856701e-01 4.443381e-01 6.179933e-01 
       7.898189e-01 4.479505e-01 6.207760e-01 
       7.938212e-01 4.516978e-01 6.236240e-01 
       7.976452e-01 4.555282e-01 6.265247e-01 
       8.012964e-01 4.594451e-01 6.294801e-01 
       8.047573e-01 4.634153e-01 6.324787e-01 
       8.080162e-01 4.674546e-01 6.354979e-01 
       8.110680e-01 4.715217e-01 6.385383e-01 
       8.139065e-01 4.756067e-01 6.415804e-01 
       8.165389e-01 4.796972e-01 6.446222e-01 
       8.189471e-01 4.837731e-01 6.476557e-01 
       8.211534e-01 4.878556e-01 6.506709e-01 
       8.231495e-01 4.918977e-01 6.536571e-01 
       8.249424e-01 4.958981e-01 6.566209e-01 
       8.265466e-01 4.998669e-01 6.595407e-01 
       8.279576e-01 5.038005e-01 6.624318e-01 
       8.292023e-01 5.076813e-01 6.652725e-01 
       8.302721e-01 5.115006e-01 6.680841e-01 
       8.311903e-01 5.152755e-01 6.708474e-01 
       8.319620e-01 5.190073e-01 6.735676e-01 
       8.325952e-01 5.226721e-01 6.762502e-01 
       8.331092e-01 5.262983e-01 6.788901e-01 
       8.335133e-01 5.298682e-01 6.814924e-01 
       8.338140e-01 5.333891e-01 6.840622e-01 
       8.340212e-01 5.368853e-01 6.866024e-01 
       8.341452e-01 5.403223e-01 6.891127e-01 
       8.341956e-01 5.437314e-01 6.915829e-01 
       8.341811e-01 5.471063e-01 6.940279e-01 
       8.341096e-01 5.504531e-01 6.964609e-01 
       8.339885e-01 5.537688e-01 6.988603e-01 
       8.338248e-01 5.570741e-01 7.012484e-01 
       8.336245e-01 5.603456e-01 7.036195e-01 
       8.333939e-01 5.636088e-01 7.059756e-01 
       8.331391e-01 5.668525e-01 7.083186e-01 
       8.328663e-01 5.700773e-01 7.106515e-01 
       8.325812e-01 5.733106e-01 7.129712e-01 
       8.322879e-01 5.765347e-01 7.152951e-01 
