function bam = bam()
bam = [ ... 
       3.962206e-01 8.119872e-03 2.960456e-01 
       4.050715e-01 1.813597e-02 3.047312e-01 
       4.139077e-01 2.866329e-02 3.134172e-01 
       4.227023e-01 4.010005e-02 3.220815e-01 
       4.314799e-01 5.104328e-02 3.307186e-01 
       4.401857e-01 6.117004e-02 3.393492e-01 
       4.488523e-01 7.077585e-02 3.479157e-01 
       4.574464e-01 7.982512e-02 3.564475e-01 
       4.659863e-01 8.857826e-02 3.649199e-01 
       4.744760e-01 9.696094e-02 3.733528e-01 
       4.828854e-01 1.051585e-01 3.817319e-01 
       4.912483e-01 1.132190e-01 3.900466e-01 
       4.995117e-01 1.209798e-01 3.983203e-01 
       5.077353e-01 1.286840e-01 4.065219e-01 
       5.158646e-01 1.362268e-01 4.146582e-01 
       5.239423e-01 1.437205e-01 4.227263e-01 
       5.319387e-01 1.510677e-01 4.307445e-01 
       5.398522e-01 1.583722e-01 4.386762e-01 
       5.476992e-01 1.655345e-01 4.465493e-01 
       5.554585e-01 1.726921e-01 4.543512e-01 
       5.631541e-01 1.797731e-01 4.620677e-01 
       5.707486e-01 1.868020e-01 4.697235e-01 
       5.782686e-01 1.937927e-01 4.772848e-01 
       5.857150e-01 2.006863e-01 4.847721e-01 
       5.930641e-01 2.075985e-01 4.921905e-01 
       6.003220e-01 2.144427e-01 4.995154e-01 
       6.075028e-01 2.212630e-01 5.067694e-01 
       6.145748e-01 2.280416e-01 5.139437e-01 
       6.215663e-01 2.347933e-01 5.210193e-01 
       6.284707e-01 2.414951e-01 5.280135e-01 
       6.352649e-01 2.481934e-01 5.349238e-01 
       6.419697e-01 2.548542e-01 5.417394e-01 
       6.485726e-01 2.614773e-01 5.484847e-01 
       6.550727e-01 2.680847e-01 5.551192e-01 
       6.614819e-01 2.746895e-01 5.616798e-01 
       6.677854e-01 2.812737e-01 5.681423e-01 
       6.739816e-01 2.878503e-01 5.745189e-01 
       6.800792e-01 2.944220e-01 5.808213e-01 
       6.860902e-01 3.009959e-01 5.870360e-01 
       6.920061e-01 3.075785e-01 5.931837e-01 
       6.978240e-01 3.141902e-01 5.992559e-01 
       7.035696e-01 3.208319e-01 6.052599e-01 
       7.092383e-01 3.274887e-01 6.112207e-01 
       7.148270e-01 3.342252e-01 6.171270e-01 
       7.203590e-01 3.410038e-01 6.229964e-01 
       7.258354e-01 3.478627e-01 6.288327e-01 
       7.312468e-01 3.548082e-01 6.346443e-01 
       7.366136e-01 3.618299e-01 6.404313e-01 
       7.419310e-01 3.689539e-01 6.461979e-01 
       7.472011e-01 3.761798e-01 6.519562e-01 
       7.524146e-01 3.835071e-01 6.576971e-01 
       7.575848e-01 3.909397e-01 6.634203e-01 
       7.626971e-01 3.984740e-01 6.691236e-01 
       7.677569e-01 4.061211e-01 6.748106e-01 
       7.727618e-01 4.138605e-01 6.804762e-01 
       7.777110e-01 4.216990e-01 6.861310e-01 
       7.825902e-01 4.296512e-01 6.917578e-01 
       7.874096e-01 4.376975e-01 6.973551e-01 
       7.921609e-01 4.458115e-01 7.029333e-01 
       7.968431e-01 4.540366e-01 7.084786e-01 
       8.014594e-01 4.623315e-01 7.139879e-01 
       8.060051e-01 4.707164e-01 7.194732e-01 
       8.104753e-01 4.791671e-01 7.249219e-01 
       8.148782e-01 4.876940e-01 7.303332e-01 
       8.192051e-01 4.962651e-01 7.357052e-01 
       8.234647e-01 5.049194e-01 7.410433e-01 
       8.276498e-01 5.136221e-01 7.463489e-01 
       8.317704e-01 5.223636e-01 7.516182e-01 
       8.358112e-01 5.311628e-01 7.568392e-01 
       8.397909e-01 5.399934e-01 7.620239e-01 
       8.436931e-01 5.488718e-01 7.671724e-01 
       8.475368e-01 5.577654e-01 7.722842e-01 
       8.513149e-01 5.666934e-01 7.773607e-01 
       8.550384e-01 5.756396e-01 7.823907e-01 
       8.586916e-01 5.845966e-01 7.873861e-01 
       8.622970e-01 5.935694e-01 7.923430e-01 
       8.658360e-01 6.025467e-01 7.972612e-01 
       8.693260e-01 6.115307e-01 8.021451e-01 
       8.727628e-01 6.205147e-01 8.069959e-01 
       8.761482e-01 6.294786e-01 8.118035e-01 
       8.794847e-01 6.384425e-01 8.165773e-01 
       8.827747e-01 6.473878e-01 8.213102e-01 
       8.860247e-01 6.563157e-01 8.260060e-01 
       8.892235e-01 6.652059e-01 8.306667e-01 
       8.923809e-01 6.740725e-01 8.352835e-01 
       8.954925e-01 6.829009e-01 8.398641e-01 
       8.985590e-01 6.916863e-01 8.443946e-01 
       9.015861e-01 7.004219e-01 8.488838e-01 
       9.045686e-01 7.091057e-01 8.533214e-01 
       9.075102e-01 7.177224e-01 8.577135e-01 
       9.104032e-01 7.262687e-01 8.620570e-01 
       9.132492e-01 7.347444e-01 8.663354e-01 
       9.160444e-01 7.431367e-01 8.705540e-01 
       9.187958e-01 7.514415e-01 8.747149e-01 
       9.215003e-01 7.596413e-01 8.788064e-01 
       9.241495e-01 7.677502e-01 8.828264e-01 
       9.267431e-01 7.757551e-01 8.867776e-01 
       9.292834e-01 7.836498e-01 8.906433e-01 
       9.317663e-01 7.914220e-01 8.944329e-01 
       9.341884e-01 7.990798e-01 8.981277e-01 
       9.365560e-01 8.066091e-01 9.017368e-01 
       9.388492e-01 8.140021e-01 9.052531e-01 
       9.410773e-01 8.212687e-01 9.086619e-01 
       9.432391e-01 8.283930e-01 9.119685e-01 
       9.453258e-01 8.353744e-01 9.151620e-01 
       9.473349e-01 8.422091e-01 9.182437e-01 
       9.492616e-01 8.488849e-01 9.211986e-01 
       9.511099e-01 8.554053e-01 9.240299e-01 
       9.528676e-01 8.617576e-01 9.267207e-01 
       9.545330e-01 8.679419e-01 9.292726e-01 
       9.561050e-01 8.739436e-01 9.316767e-01 
       9.575733e-01 8.797654e-01 9.339237e-01 
       9.589391e-01 8.854012e-01 9.360156e-01 
       9.601963e-01 8.908374e-01 9.379313e-01 
       9.613383e-01 8.960747e-01 9.396741e-01 
       9.623648e-01 9.011003e-01 9.412307e-01 
       9.632733e-01 9.059159e-01 9.426066e-01 
       9.640534e-01 9.105082e-01 9.437814e-01 
       9.647081e-01 9.148718e-01 9.447610e-01 
       9.652330e-01 9.190049e-01 9.455334e-01 
       9.656252e-01 9.229100e-01 9.460958e-01 
       9.658826e-01 9.265680e-01 9.464500e-01 
       9.660036e-01 9.299882e-01 9.465906e-01 
       9.659873e-01 9.331581e-01 9.465147e-01 
       9.658331e-01 9.360915e-01 9.462218e-01 
       9.655408e-01 9.387701e-01 9.457143e-01 
       9.651103e-01 9.412050e-01 9.449897e-01 
       9.645410e-01 9.434032e-01 9.440411e-01 
       9.638323e-01 9.453644e-01 9.428744e-01 
       9.629816e-01 9.470962e-01 9.414749e-01 
       9.619767e-01 9.486072e-01 9.398482e-01 
       9.608256e-01 9.499102e-01 9.379709e-01 
       9.595052e-01 9.510136e-01 9.358380e-01 
       9.580175e-01 9.519150e-01 9.334272e-01 
       9.563456e-01 9.526310e-01 9.307408e-01 
       9.544866e-01 9.531587e-01 9.277470e-01 
       9.524316e-01 9.534954e-01 9.244512e-01 
       9.501798e-01 9.536426e-01 9.208376e-01 
       9.477250e-01 9.535999e-01 9.169117e-01 
       9.450643e-01 9.533656e-01 9.126537e-01 
       9.421939e-01 9.529374e-01 9.080761e-01 
       9.391130e-01 9.523131e-01 9.031688e-01 
       9.358257e-01 9.515006e-01 8.979343e-01 
       9.323228e-01 9.504939e-01 8.923810e-01 
       9.286140e-01 9.492919e-01 8.865027e-01 
       9.246946e-01 9.479017e-01 8.802984e-01 
       9.205643e-01 9.463166e-01 8.737808e-01 
       9.162245e-01 9.445491e-01 8.669445e-01 
       9.116748e-01 9.425908e-01 8.598004e-01 
       9.069126e-01 9.404441e-01 8.523437e-01 
       9.019350e-01 9.381111e-01 8.445740e-01 
       8.967490e-01 9.355959e-01 8.365021e-01 
       8.913431e-01 9.328941e-01 8.281275e-01 
       8.857267e-01 9.300175e-01 8.194563e-01 
       8.798891e-01 9.269530e-01 8.104936e-01 
       8.738379e-01 9.237153e-01 8.012432e-01 
       8.675678e-01 9.202877e-01 7.917069e-01 
       8.610748e-01 9.166873e-01 7.818959e-01 
       8.543635e-01 9.129031e-01 7.718080e-01 
       8.474289e-01 9.089377e-01 7.614553e-01 
       8.402811e-01 9.047972e-01 7.508578e-01 
       8.329040e-01 9.004745e-01 7.400116e-01 
       8.253137e-01 8.959768e-01 7.289305e-01 
       8.175108e-01 8.913007e-01 7.176457e-01 
       8.095021e-01 8.864554e-01 7.061551e-01 
       8.012827e-01 8.814340e-01 6.944778e-01 
       7.928720e-01 8.762434e-01 6.826510e-01 
       7.842717e-01 8.708900e-01 6.706860e-01 
       7.754809e-01 8.653757e-01 6.585890e-01 
