function bamako = bamako()
bamako = [ ... 
       1.175327e-03 2.500443e-01 3.000005e-01 
       3.900315e-03 2.515676e-01 2.986052e-01 
       6.601952e-03 2.530538e-01 2.972193e-01 
       9.291412e-03 2.545606e-01 2.958077e-01 
       1.217464e-02 2.560376e-01 2.944018e-01 
       1.480140e-02 2.575486e-01 2.929994e-01 
       1.744992e-02 2.590712e-01 2.916066e-01 
       2.009552e-02 2.605687e-01 2.901778e-01 
       2.274316e-02 2.620822e-01 2.887766e-01 
       2.539756e-02 2.636127e-01 2.873453e-01 
       2.806353e-02 2.651109e-01 2.859215e-01 
       3.074640e-02 2.666421e-01 2.845028e-01 
       3.343737e-02 2.681630e-01 2.830909e-01 
       3.636869e-02 2.697138e-01 2.816523e-01 
       3.913612e-02 2.712387e-01 2.802091e-01 
       4.194106e-02 2.727758e-01 2.787849e-01 
       4.459655e-02 2.743216e-01 2.773398e-01 
       4.721607e-02 2.758912e-01 2.759050e-01 
       4.981607e-02 2.774328e-01 2.744317e-01 
       5.230526e-02 2.789958e-01 2.729823e-01 
       5.484601e-02 2.805350e-01 2.715116e-01 
       5.733146e-02 2.821287e-01 2.700691e-01 
       5.990312e-02 2.836898e-01 2.685958e-01 
       6.232389e-02 2.852583e-01 2.671032e-01 
       6.473655e-02 2.868416e-01 2.656418e-01 
       6.717666e-02 2.884406e-01 2.641645e-01 
       6.964657e-02 2.900302e-01 2.626710e-01 
       7.200651e-02 2.916451e-01 2.611773e-01 
       7.443450e-02 2.932350e-01 2.596900e-01 
       7.680271e-02 2.948447e-01 2.581682e-01 
       7.923199e-02 2.964720e-01 2.566715e-01 
       8.173820e-02 2.980812e-01 2.551759e-01 
       8.416266e-02 2.997216e-01 2.536507e-01 
       8.655600e-02 3.013412e-01 2.521318e-01 
       8.900774e-02 3.029792e-01 2.505919e-01 
       9.148651e-02 3.046332e-01 2.490726e-01 
       9.390603e-02 3.062976e-01 2.475397e-01 
       9.632661e-02 3.079312e-01 2.459814e-01 
       9.884458e-02 3.096142e-01 2.444302e-01 
       1.013197e-01 3.112704e-01 2.428842e-01 
       1.038401e-01 3.129396e-01 2.413436e-01 
       1.063728e-01 3.146138e-01 2.397777e-01 
       1.088448e-01 3.163153e-01 2.382086e-01 
       1.113996e-01 3.179978e-01 2.366578e-01 
       1.139128e-01 3.196993e-01 2.350860e-01 
       1.164848e-01 3.213930e-01 2.334688e-01 
       1.190376e-01 3.231110e-01 2.319145e-01 
       1.215638e-01 3.248104e-01 2.302953e-01 
       1.241585e-01 3.265289e-01 2.287281e-01 
       1.267575e-01 3.282640e-01 2.271192e-01 
       1.293751e-01 3.300032e-01 2.255110e-01 
       1.320042e-01 3.317302e-01 2.238884e-01 
       1.346493e-01 3.334846e-01 2.222780e-01 
       1.372758e-01 3.352405e-01 2.206820e-01 
       1.398838e-01 3.369851e-01 2.190392e-01 
       1.425767e-01 3.387448e-01 2.174080e-01 
       1.452757e-01 3.405142e-01 2.157774e-01 
       1.479317e-01 3.422903e-01 2.141322e-01 
       1.506220e-01 3.440552e-01 2.124827e-01 
       1.533121e-01 3.458420e-01 2.108274e-01 
       1.560693e-01 3.476500e-01 2.091668e-01 
       1.587906e-01 3.494438e-01 2.075127e-01 
       1.615449e-01 3.512503e-01 2.058514e-01 
       1.642911e-01 3.530614e-01 2.041878e-01 
       1.670533e-01 3.548887e-01 2.024789e-01 
       1.698265e-01 3.567080e-01 2.007836e-01 
       1.725915e-01 3.585261e-01 1.990984e-01 
       1.753964e-01 3.603619e-01 1.974231e-01 
       1.782380e-01 3.622182e-01 1.957168e-01 
       1.810217e-01 3.640630e-01 1.940338e-01 
       1.838695e-01 3.659301e-01 1.922979e-01 
       1.867239e-01 3.677869e-01 1.905771e-01 
       1.895890e-01 3.696628e-01 1.888661e-01 
       1.924633e-01 3.715395e-01 1.871386e-01 
       1.953516e-01 3.734351e-01 1.854188e-01 
       1.982489e-01 3.753267e-01 1.836437e-01 
       2.011557e-01 3.772396e-01 1.818854e-01 
       2.041268e-01 3.791480e-01 1.801394e-01 
       2.070645e-01 3.810782e-01 1.784087e-01 
       2.100077e-01 3.830028e-01 1.766046e-01 
       2.129706e-01 3.849302e-01 1.748588e-01 
       2.159892e-01 3.868753e-01 1.730565e-01 
       2.189802e-01 3.888429e-01 1.712706e-01 
       2.219857e-01 3.908057e-01 1.695036e-01 
       2.250117e-01 3.927726e-01 1.676760e-01 
       2.280913e-01 3.947574e-01 1.658476e-01 
       2.311530e-01 3.967446e-01 1.640748e-01 
       2.342326e-01 3.987525e-01 1.622408e-01 
       2.373491e-01 4.007806e-01 1.603653e-01 
       2.404273e-01 4.027893e-01 1.585671e-01 
       2.435659e-01 4.048197e-01 1.567113e-01 
       2.467276e-01 4.068707e-01 1.548359e-01 
       2.498873e-01 4.089269e-01 1.529586e-01 
       2.530981e-01 4.109980e-01 1.510934e-01 
       2.562931e-01 4.130817e-01 1.492246e-01 
       2.595433e-01 4.151655e-01 1.473328e-01 
       2.627838e-01 4.172776e-01 1.454575e-01 
       2.660585e-01 4.193922e-01 1.435204e-01 
       2.693540e-01 4.215104e-01 1.416066e-01 
       2.726456e-01 4.236550e-01 1.396297e-01 
       2.760035e-01 4.258147e-01 1.377503e-01 
       2.793544e-01 4.279917e-01 1.357465e-01 
       2.827350e-01 4.301743e-01 1.338224e-01 
       2.861115e-01 4.323818e-01 1.318504e-01 
       2.895562e-01 4.345878e-01 1.298893e-01 
       2.929971e-01 4.368207e-01 1.278760e-01 
       2.964834e-01 4.390564e-01 1.258850e-01 
       2.999815e-01 4.413232e-01 1.238225e-01 
       3.035026e-01 4.436054e-01 1.217866e-01 
       3.070646e-01 4.458897e-01 1.197699e-01 
       3.106621e-01 4.482065e-01 1.177311e-01 
       3.142575e-01 4.505390e-01 1.156794e-01 
       3.178998e-01 4.528895e-01 1.136157e-01 
       3.215631e-01 4.552532e-01 1.115276e-01 
       3.252570e-01 4.576299e-01 1.094446e-01 
       3.290051e-01 4.600304e-01 1.073075e-01 
       3.327681e-01 4.624506e-01 1.051311e-01 
       3.365429e-01 4.648971e-01 1.030366e-01 
       3.403746e-01 4.673589e-01 1.008474e-01 
       3.442189e-01 4.698406e-01 9.869303e-02 
       3.481217e-01 4.723346e-01 9.645340e-02 
       3.520372e-01 4.748557e-01 9.432511e-02 
       3.560122e-01 4.773833e-01 9.210212e-02 
       3.600007e-01 4.799439e-01 8.984899e-02 
       3.640326e-01 4.825135e-01 8.761664e-02 
       3.681092e-01 4.850975e-01 8.527618e-02 
       3.722147e-01 4.877179e-01 8.299256e-02 
       3.763822e-01 4.903366e-01 8.068581e-02 
       3.805727e-01 4.929643e-01 7.830445e-02 
       3.847988e-01 4.956192e-01 7.595537e-02 
       3.890904e-01 4.982918e-01 7.365605e-02 
       3.934095e-01 5.009540e-01 7.122391e-02 
       3.977900e-01 5.036227e-01 6.880163e-02 
       4.021998e-01 5.062969e-01 6.626439e-02 
       4.066815e-01 5.089809e-01 6.377400e-02 
       4.112025e-01 5.116414e-01 6.117223e-02 
       4.157757e-01 5.143080e-01 5.865067e-02 
       4.204000e-01 5.169462e-01 5.607025e-02 
       4.250872e-01 5.195596e-01 5.335942e-02 
       4.298142e-01 5.221428e-01 5.071187e-02 
       4.345971e-01 5.247024e-01 4.796888e-02 
       4.394276e-01 5.272151e-01 4.527156e-02 
       4.443192e-01 5.296729e-01 4.248346e-02 
       4.492447e-01 5.320708e-01 3.969688e-02 
       4.542145e-01 5.343986e-01 3.690629e-02 
       4.592249e-01 5.366632e-01 3.400145e-02 
       4.642752e-01 5.388353e-01 3.143489e-02 
       4.693486e-01 5.409150e-01 2.895714e-02 
       4.744418e-01 5.429113e-01 2.659683e-02 
       4.795600e-01 5.447991e-01 2.436325e-02 
       4.846803e-01 5.465914e-01 2.226521e-02 
       4.898201e-01 5.482745e-01 2.031178e-02 
       4.949711e-01 5.498471e-01 1.851219e-02 
       5.001032e-01 5.513211e-01 1.687575e-02 
       5.052419e-01 5.526938e-01 1.541171e-02 
       5.103784e-01 5.539737e-01 1.413222e-02 
       5.155026e-01 5.551663e-01 1.303268e-02 
       5.206290e-01 5.562834e-01 1.217985e-02 
       5.257544e-01 5.573525e-01 1.141600e-02 
       5.308771e-01 5.583478e-01 1.083903e-02 
       5.360060e-01 5.593308e-01 1.058508e-02 
       5.411507e-01 5.602950e-01 1.061192e-02 
       5.463317e-01 5.612560e-01 1.094525e-02 
       5.515294e-01 5.622547e-01 1.164895e-02 
       5.567734e-01 5.632848e-01 1.251583e-02 
       5.620729e-01 5.643772e-01 1.364990e-02 
       5.674249e-01 5.655503e-01 1.511763e-02 
       5.728539e-01 5.668442e-01 1.692699e-02 
       5.783506e-01 5.682428e-01 1.909789e-02 
