function bamo = bamo()
bamo = [ ... 
       3.094574e-01 1.863509e-01 2.637354e-01 
       3.141895e-01 1.860880e-01 2.687994e-01 
       3.194319e-01 1.861484e-01 2.742823e-01 
       3.251466e-01 1.865509e-01 2.801970e-01 
       3.313473e-01 1.873519e-01 2.865177e-01 
       3.380051e-01 1.885068e-01 2.932326e-01 
       3.450862e-01 1.900239e-01 3.002923e-01 
       3.525389e-01 1.919325e-01 3.076550e-01 
       3.603207e-01 1.942412e-01 3.153022e-01 
       3.684108e-01 1.968705e-01 3.231640e-01 
       3.767305e-01 1.998053e-01 3.311809e-01 
       3.852217e-01 2.031174e-01 3.393694e-01 
       3.938754e-01 2.067317e-01 3.476224e-01 
       4.026255e-01 2.105732e-01 3.559345e-01 
       4.114413e-01 2.146813e-01 3.642578e-01 
       4.202862e-01 2.190327e-01 3.725863e-01 
       4.291343e-01 2.235720e-01 3.809030e-01 
       4.379638e-01 2.283094e-01 3.891568e-01 
       4.467380e-01 2.331636e-01 3.973478e-01 
       4.554614e-01 2.382025e-01 4.054823e-01 
       4.641191e-01 2.433479e-01 4.135275e-01 
       4.726786e-01 2.486402e-01 4.214798e-01 
       4.811563e-01 2.539939e-01 4.293584e-01 
       4.895400e-01 2.594478e-01 4.371411e-01 
       4.978406e-01 2.649473e-01 4.448231e-01 
       5.060040e-01 2.705572e-01 4.524102e-01 
       5.140911e-01 2.761996e-01 4.598855e-01 
       5.220421e-01 2.818807e-01 4.672806e-01 
       5.299053e-01 2.875967e-01 4.745709e-01 
       5.376508e-01 2.933654e-01 4.817599e-01 
       5.452766e-01 2.991764e-01 4.888508e-01 
       5.527906e-01 3.049920e-01 4.958449e-01 
       5.601988e-01 3.108408e-01 5.027460e-01 
       5.674893e-01 3.166898e-01 5.095571e-01 
       5.746600e-01 3.225652e-01 5.162628e-01 
       5.817312e-01 3.284377e-01 5.228910e-01 
       5.886869e-01 3.343343e-01 5.294228e-01 
       5.955439e-01 3.402264e-01 5.358550e-01 
       6.022927e-01 3.461181e-01 5.422166e-01 
       6.089510e-01 3.520360e-01 5.485013e-01 
       6.154976e-01 3.579796e-01 5.546996e-01 
       6.219662e-01 3.639171e-01 5.608338e-01 
       6.283687e-01 3.698906e-01 5.669196e-01 
       6.346917e-01 3.759043e-01 5.729495e-01 
       6.409507e-01 3.819492e-01 5.789356e-01 
       6.471715e-01 3.880534e-01 5.848968e-01 
       6.533411e-01 3.942181e-01 5.908302e-01 
       6.594885e-01 4.004668e-01 5.967616e-01 
       6.656078e-01 4.067757e-01 6.026791e-01 
       6.717043e-01 4.131859e-01 6.086079e-01 
       6.777919e-01 4.196830e-01 6.145211e-01 
       6.838511e-01 4.262713e-01 6.204640e-01 
       6.899082e-01 4.329776e-01 6.263960e-01 
       6.959467e-01 4.397827e-01 6.323446e-01 
       7.019578e-01 4.466927e-01 6.382956e-01 
       7.079585e-01 4.537080e-01 6.442470e-01 
       7.139313e-01 4.608316e-01 6.502072e-01 
       7.198771e-01 4.680658e-01 6.561632e-01 
       7.257875e-01 4.754161e-01 6.621076e-01 
       7.316525e-01 4.828512e-01 6.680375e-01 
       7.374743e-01 4.904049e-01 6.739456e-01 
       7.432495e-01 4.980600e-01 6.798304e-01 
       7.489551e-01 5.057883e-01 6.856953e-01 
       7.546073e-01 5.136429e-01 6.915126e-01 
       7.601742e-01 5.215669e-01 6.972874e-01 
       7.656682e-01 5.295940e-01 7.030140e-01 
       7.710684e-01 5.376939e-01 7.086759e-01 
       7.763685e-01 5.458655e-01 7.142569e-01 
       7.815638e-01 5.540985e-01 7.197689e-01 
       7.866435e-01 5.623998e-01 7.251858e-01 
       7.915891e-01 5.707294e-01 7.304933e-01 
       7.964025e-01 5.791126e-01 7.356857e-01 
       8.010732e-01 5.875048e-01 7.407536e-01 
       8.055845e-01 5.959157e-01 7.456831e-01 
       8.099335e-01 6.043229e-01 7.504607e-01 
       8.141046e-01 6.126907e-01 7.550715e-01 
       8.180918e-01 6.210325e-01 7.594936e-01 
       8.218921e-01 6.293021e-01 7.637332e-01 
       8.254805e-01 6.374981e-01 7.677649e-01 
       8.288707e-01 6.455851e-01 7.715886e-01 
       8.320419e-01 6.535551e-01 7.751752e-01 
       8.349918e-01 6.613848e-01 7.785335e-01 
       8.377250e-01 6.690488e-01 7.816500e-01 
       8.402322e-01 6.765316e-01 7.845163e-01 
       8.425155e-01 6.838109e-01 7.871273e-01 
       8.445753e-01 6.908809e-01 7.894837e-01 
       8.464140e-01 6.977286e-01 7.915838e-01 
       8.480430e-01 7.043397e-01 7.934385e-01 
       8.494668e-01 7.107069e-01 7.950338e-01 
       8.506791e-01 7.168234e-01 7.963872e-01 
       8.517037e-01 7.226745e-01 7.975048e-01 
       8.525454e-01 7.282804e-01 7.983929e-01 
       8.531989e-01 7.336306e-01 7.990603e-01 
       8.536880e-01 7.387262e-01 7.995132e-01 
       8.540209e-01 7.435693e-01 7.997612e-01 
       8.542038e-01 7.481667e-01 7.998160e-01 
       8.542451e-01 7.525164e-01 7.996883e-01 
       8.541537e-01 7.566401e-01 7.993875e-01 
       8.539385e-01 7.605336e-01 7.989230e-01 
       8.536089e-01 7.642019e-01 7.983061e-01 
       8.531756e-01 7.676555e-01 7.975487e-01 
       8.526461e-01 7.709107e-01 7.966601e-01 
       8.520189e-01 7.739551e-01 7.956505e-01 
       8.513021e-01 7.768208e-01 7.945301e-01 
       8.505154e-01 7.794904e-01 7.933037e-01 
       8.496584e-01 7.819926e-01 7.919745e-01 
       8.487289e-01 7.843233e-01 7.905600e-01 
       8.477374e-01 7.864908e-01 7.890678e-01 
       8.466904e-01 7.885012e-01 7.874916e-01 
       8.455908e-01 7.903664e-01 7.858489e-01 
       8.444405e-01 7.920955e-01 7.841369e-01 
       8.432347e-01 7.936978e-01 7.823516e-01 
       8.419838e-01 7.951656e-01 7.804995e-01 
       8.406754e-01 7.965202e-01 7.785801e-01 
       8.393113e-01 7.977669e-01 7.765881e-01 
       8.378878e-01 7.989116e-01 7.745060e-01 
       8.363938e-01 7.999545e-01 7.723419e-01 
       8.348276e-01 8.008950e-01 7.700746e-01 
       8.331752e-01 8.017435e-01 7.676928e-01 
       8.314334e-01 8.024984e-01 7.651924e-01 
       8.295793e-01 8.031577e-01 7.625358e-01 
       8.276013e-01 8.037188e-01 7.597237e-01 
       8.254927e-01 8.041747e-01 7.567370e-01 
       8.232361e-01 8.045158e-01 7.535470e-01 
       8.208113e-01 8.047329e-01 7.501398e-01 
       8.182035e-01 8.048155e-01 7.464950e-01 
       8.154003e-01 8.047498e-01 7.425929e-01 
       8.123741e-01 8.045195e-01 7.384017e-01 
       8.091180e-01 8.041043e-01 7.339146e-01 
       8.055965e-01 8.034832e-01 7.291010e-01 
       8.018074e-01 8.026382e-01 7.239444e-01 
       7.977239e-01 8.015463e-01 7.184243e-01 
       7.933345e-01 8.001854e-01 7.125206e-01 
       7.886086e-01 7.985208e-01 7.062282e-01 
       7.835401e-01 7.965349e-01 6.995115e-01 
       7.781154e-01 7.942129e-01 6.923908e-01 
       7.723247e-01 7.915153e-01 6.848322e-01 
       7.661698e-01 7.884401e-01 6.768685e-01 
       7.596442e-01 7.849683e-01 6.684934e-01 
       7.527675e-01 7.810875e-01 6.597330e-01 
       7.455563e-01 7.768054e-01 6.506186e-01 
       7.380255e-01 7.721140e-01 6.411823e-01 
       7.302185e-01 7.670329e-01 6.314845e-01 
       7.221504e-01 7.615819e-01 6.215526e-01 
       7.138840e-01 7.557837e-01 6.114647e-01 
       7.054483e-01 7.496564e-01 6.012557e-01 
       6.968887e-01 7.432540e-01 5.909951e-01 
       6.882508e-01 7.365828e-01 5.807330e-01 
       6.795635e-01 7.297008e-01 5.705118e-01 
       6.708845e-01 7.226229e-01 5.603906e-01 
       6.622290e-01 7.154052e-01 5.503906e-01 
       6.536200e-01 7.080536e-01 5.405501e-01 
       6.450959e-01 7.006133e-01 5.308948e-01 
       6.366812e-01 6.931045e-01 5.214401e-01 
       6.283717e-01 6.855452e-01 5.122088e-01 
       6.201903e-01 6.779604e-01 5.032013e-01 
       6.121342e-01 6.703670e-01 4.944460e-01 
       6.042357e-01 6.627732e-01 4.859091e-01 
       5.964701e-01 6.551901e-01 4.776228e-01 
       5.888493e-01 6.476423e-01 4.695827e-01 
       5.813886e-01 6.401336e-01 4.617617e-01 
       5.740716e-01 6.326600e-01 4.541810e-01 
       5.669123e-01 6.252363e-01 4.468239e-01 
       5.598905e-01 6.178670e-01 4.396929e-01 
       5.530071e-01 6.105606e-01 4.327815e-01 
       5.462843e-01 6.033145e-01 4.260687e-01 
       5.396790e-01 5.961298e-01 4.195805e-01 
       5.332264e-01 5.890096e-01 4.132821e-01 
       5.269140e-01 5.819677e-01 4.071715e-01 
