function batloww = batloww()
batloww = [ ... 
       4.636828e-03 9.834343e-02 3.498329e-01 
       8.580193e-03 1.045593e-01 3.509233e-01 
       1.256492e-02 1.108249e-01 3.519814e-01 
       1.617091e-02 1.169319e-01 3.530574e-01 
       1.962264e-02 1.229816e-01 3.541058e-01 
       2.291608e-02 1.290142e-01 3.551678e-01 
       2.605573e-02 1.350143e-01 3.561955e-01 
       2.904645e-02 1.409314e-01 3.572250e-01 
       3.189075e-02 1.467526e-01 3.582288e-01 
       3.469551e-02 1.525620e-01 3.592277e-01 
       3.736685e-02 1.583567e-01 3.602186e-01 
       3.980428e-02 1.640722e-01 3.612000e-01 
       4.210376e-02 1.697113e-01 3.621751e-01 
       4.410741e-02 1.752738e-01 3.631200e-01 
       4.596764e-02 1.807606e-01 3.640565e-01 
       4.774224e-02 1.862054e-01 3.649762e-01 
       4.946456e-02 1.915140e-01 3.658828e-01 
       5.089001e-02 1.967656e-01 3.667634e-01 
       5.225399e-02 2.018445e-01 3.676096e-01 
       5.354654e-02 2.068764e-01 3.684575e-01 
       5.477412e-02 2.117518e-01 3.692658e-01 
       5.595198e-02 2.165104e-01 3.700487e-01 
       5.702126e-02 2.211407e-01 3.708135e-01 
       5.797458e-02 2.256482e-01 3.715568e-01 
       5.905572e-02 2.300192e-01 3.722805e-01 
       6.002890e-02 2.343353e-01 3.729843e-01 
       6.086946e-02 2.385005e-01 3.736728e-01 
       6.177353e-02 2.425927e-01 3.743415e-01 
       6.277096e-02 2.465980e-01 3.749789e-01 
       6.362770e-02 2.505189e-01 3.756079e-01 
       6.451607e-02 2.543947e-01 3.762346e-01 
       6.542024e-02 2.581680e-01 3.768368e-01 
       6.634692e-02 2.619230e-01 3.774197e-01 
       6.730320e-02 2.656261e-01 3.779942e-01 
       6.828896e-02 2.693010e-01 3.785589e-01 
       6.932416e-02 2.729227e-01 3.791121e-01 
       7.025875e-02 2.765456e-01 3.796539e-01 
       7.136731e-02 2.801264e-01 3.801857e-01 
       7.239725e-02 2.837116e-01 3.807080e-01 
       7.360857e-02 2.872754e-01 3.812129e-01 
       7.472213e-02 2.908501e-01 3.816940e-01 
       7.592322e-02 2.944011e-01 3.821599e-01 
       7.718532e-02 2.979553e-01 3.826179e-01 
       7.852107e-02 3.015012e-01 3.830591e-01 
       7.993707e-02 3.050582e-01 3.834720e-01 
       8.144473e-02 3.085974e-01 3.838550e-01 
       8.292328e-02 3.121023e-01 3.842101e-01 
       8.456204e-02 3.156453e-01 3.845369e-01 
       8.616266e-02 3.191456e-01 3.848317e-01 
       8.796798e-02 3.226495e-01 3.850906e-01 
       8.979249e-02 3.261107e-01 3.853102e-01 
       9.174593e-02 3.295992e-01 3.854871e-01 
       9.370773e-02 3.330467e-01 3.856179e-01 
       9.582347e-02 3.364611e-01 3.856992e-01 
       9.807559e-02 3.398847e-01 3.857276e-01 
       1.003559e-01 3.432719e-01 3.856995e-01 
       1.028111e-01 3.466330e-01 3.856114e-01 
       1.053292e-01 3.499793e-01 3.854599e-01 
       1.079872e-01 3.532924e-01 3.852415e-01 
       1.108176e-01 3.565898e-01 3.849527e-01 
       1.137156e-01 3.598463e-01 3.845908e-01 
       1.167367e-01 3.630760e-01 3.841541e-01 
       1.198744e-01 3.662908e-01 3.836406e-01 
       1.231392e-01 3.694544e-01 3.830381e-01 
       1.265763e-01 3.725894e-01 3.823403e-01 
       1.301559e-01 3.756982e-01 3.815737e-01 
       1.337883e-01 3.787703e-01 3.807129e-01 
       1.375888e-01 3.818050e-01 3.797498e-01 
       1.414885e-01 3.847998e-01 3.787011e-01 
       1.455318e-01 3.877625e-01 3.775607e-01 
       1.496664e-01 3.906934e-01 3.763326e-01 
       1.538886e-01 3.935751e-01 3.749913e-01 
       1.582873e-01 3.964245e-01 3.735693e-01 
       1.627623e-01 3.992298e-01 3.720424e-01 
       1.673436e-01 4.020028e-01 3.704305e-01 
       1.720035e-01 4.047428e-01 3.687384e-01 
       1.767809e-01 4.074490e-01 3.669377e-01 
       1.816404e-01 4.101241e-01 3.650486e-01 
       1.866148e-01 4.127570e-01 3.630760e-01 
       1.916531e-01 4.153457e-01 3.610152e-01 
       1.968040e-01 4.179135e-01 3.588762e-01 
       2.019722e-01 4.204495e-01 3.566728e-01 
       2.072710e-01 4.229561e-01 3.543726e-01 
       2.126074e-01 4.254499e-01 3.519934e-01 
       2.180269e-01 4.279111e-01 3.495631e-01 
       2.235040e-01 4.303450e-01 3.470619e-01 
       2.290435e-01 4.327641e-01 3.444756e-01 
       2.346536e-01 4.351644e-01 3.418518e-01 
       2.402725e-01 4.375450e-01 3.391694e-01 
       2.459824e-01 4.399033e-01 3.364103e-01 
       2.517592e-01 4.422603e-01 3.336290e-01 
       2.575466e-01 4.445985e-01 3.307738e-01 
       2.634085e-01 4.469183e-01 3.278940e-01 
       2.692998e-01 4.492418e-01 3.249646e-01 
       2.752208e-01 4.515503e-01 3.220123e-01 
       2.811723e-01 4.538489e-01 3.190200e-01 
       2.871750e-01 4.561453e-01 3.160062e-01 
       2.932160e-01 4.584377e-01 3.129409e-01 
       2.992998e-01 4.607202e-01 3.098797e-01 
       3.054003e-01 4.630005e-01 3.067774e-01 
       3.115116e-01 4.652844e-01 3.036503e-01 
       3.176733e-01 4.675709e-01 3.005199e-01 
       3.238500e-01 4.698530e-01 2.973867e-01 
       3.300657e-01 4.721270e-01 2.942166e-01 
       3.362834e-01 4.743989e-01 2.910636e-01 
       3.425508e-01 4.766702e-01 2.878773e-01 
       3.488215e-01 4.789452e-01 2.846964e-01 
       3.551329e-01 4.812162e-01 2.815184e-01 
       3.614431e-01 4.834928e-01 2.783380e-01 
       3.677842e-01 4.857725e-01 2.751479e-01 
       3.741685e-01 4.880646e-01 2.719386e-01 
       3.805638e-01 4.903457e-01 2.687793e-01 
       3.869758e-01 4.926254e-01 2.655843e-01 
       3.934317e-01 4.949291e-01 2.624011e-01 
       3.999111e-01 4.972261e-01 2.592375e-01 
       4.064332e-01 4.995224e-01 2.560438e-01 
       4.129843e-01 5.018463e-01 2.528978e-01 
       4.195636e-01 5.041703e-01 2.497302e-01 
       4.261739e-01 5.064902e-01 2.466020e-01 
       4.328437e-01 5.088407e-01 2.434747e-01 
       4.395439e-01 5.111842e-01 2.403711e-01 
       4.462916e-01 5.135562e-01 2.373337e-01 
       4.530949e-01 5.159240e-01 2.342710e-01 
       4.599403e-01 5.183309e-01 2.312617e-01 
       4.668522e-01 5.207347e-01 2.282935e-01 
       4.738056e-01 5.231675e-01 2.253499e-01 
       4.808273e-01 5.256103e-01 2.224871e-01 
       4.879261e-01 5.280731e-01 2.196885e-01 
       4.950743e-01 5.305606e-01 2.169646e-01 
       5.022926e-01 5.330671e-01 2.143217e-01 
       5.095854e-01 5.355911e-01 2.117995e-01 
       5.169561e-01 5.381557e-01 2.093636e-01 
       5.243954e-01 5.407250e-01 2.070983e-01 
       5.319186e-01 5.433274e-01 2.049582e-01 
       5.395129e-01 5.459567e-01 2.029989e-01 
       5.471980e-01 5.486080e-01 2.012235e-01 
       5.549604e-01 5.512771e-01 1.996804e-01 
       5.628101e-01 5.539745e-01 1.983891e-01 
       5.707228e-01 5.566992e-01 1.973699e-01 
       5.787264e-01 5.594440e-01 1.966442e-01 
       5.868003e-01 5.622178e-01 1.962111e-01 
       5.949473e-01 5.649903e-01 1.961249e-01 
       6.031618e-01 5.678010e-01 1.964166e-01 
       6.114348e-01 5.706161e-01 1.970821e-01 
       6.197622e-01 5.734538e-01 1.981409e-01 
       6.281292e-01 5.763012e-01 1.996368e-01 
       6.365330e-01 5.791416e-01 2.015874e-01 
       6.449495e-01 5.819826e-01 2.040224e-01 
       6.533856e-01 5.848331e-01 2.068759e-01 
       6.618284e-01 5.876632e-01 2.101680e-01 
       6.702463e-01 5.904895e-01 2.139426e-01 
       6.786262e-01 5.933036e-01 2.181552e-01 
       6.869679e-01 5.960867e-01 2.228093e-01 
       6.952476e-01 5.988470e-01 2.278751e-01 
       7.034523e-01 6.015730e-01 2.333125e-01 
       7.115661e-01 6.042719e-01 2.391698e-01 
       7.195711e-01 6.069223e-01 2.453465e-01 
       7.274534e-01 6.095258e-01 2.518840e-01 
       7.352105e-01 6.120806e-01 2.586845e-01 
       7.428228e-01 6.145854e-01 2.657598e-01 
       7.502747e-01 6.170458e-01 2.730641e-01 
       7.575692e-01 6.194467e-01 2.805586e-01 
       7.646949e-01 6.217751e-01 2.882584e-01 
       7.716457e-01 6.240656e-01 2.960992e-01 
       7.784145e-01 6.262813e-01 3.040570e-01 
       7.850076e-01 6.284489e-01 3.121049e-01 
       7.914137e-01 6.305530e-01 3.202650e-01 
       7.976417e-01 6.325945e-01 3.284397e-01 
       8.036942e-01 6.345863e-01 3.366538e-01 
