function batlowk = batlowk()
batlowk = [ ... 
       1.075345e-02 1.469675e-02 1.969225e-02 
       1.470506e-02 2.247708e-02 3.011005e-02 
       1.851268e-02 3.032253e-02 4.078018e-02 
       2.237751e-02 3.843476e-02 5.042556e-02 
       2.630592e-02 4.603591e-02 5.912515e-02 
       3.030402e-02 5.308400e-02 6.695987e-02 
       3.441295e-02 5.972235e-02 7.423608e-02 
       3.872746e-02 6.575857e-02 8.100508e-02 
       4.280717e-02 7.157169e-02 8.742188e-02 
       4.691196e-02 7.697721e-02 9.339105e-02 
       5.066494e-02 8.231752e-02 9.929070e-02 
       5.403379e-02 8.738571e-02 1.052637e-01 
       5.709420e-02 9.225233e-02 1.114058e-01 
       5.984003e-02 9.695510e-02 1.175736e-01 
       6.190593e-02 1.017643e-01 1.238386e-01 
       6.361883e-02 1.067815e-01 1.302397e-01 
       6.529492e-02 1.118123e-01 1.365738e-01 
       6.703953e-02 1.169149e-01 1.430360e-01 
       6.887452e-02 1.220945e-01 1.495264e-01 
       7.063377e-02 1.273957e-01 1.560341e-01 
       7.250893e-02 1.327710e-01 1.625520e-01 
       7.447676e-02 1.382040e-01 1.690982e-01 
       7.645645e-02 1.436683e-01 1.755948e-01 
       7.855665e-02 1.492024e-01 1.821119e-01 
       8.079042e-02 1.547775e-01 1.886385e-01 
       8.305996e-02 1.603932e-01 1.950925e-01 
       8.542286e-02 1.660785e-01 2.014825e-01 
       8.797231e-02 1.717860e-01 2.078531e-01 
       9.056689e-02 1.775453e-01 2.141333e-01 
       9.323159e-02 1.832602e-01 2.203317e-01 
       9.607311e-02 1.890354e-01 2.264143e-01 
       9.904805e-02 1.948102e-01 2.323790e-01 
       1.021204e-01 2.005313e-01 2.382161e-01 
       1.053005e-01 2.063227e-01 2.439143e-01 
       1.086129e-01 2.120386e-01 2.494788e-01 
       1.120861e-01 2.177208e-01 2.548977e-01 
       1.156166e-01 2.233798e-01 2.601060e-01 
       1.192649e-01 2.289889e-01 2.651331e-01 
       1.229887e-01 2.345533e-01 2.699962e-01 
       1.268572e-01 2.400216e-01 2.746203e-01 
       1.308490e-01 2.454392e-01 2.790682e-01 
       1.348814e-01 2.507977e-01 2.832762e-01 
       1.389511e-01 2.560477e-01 2.872512e-01 
       1.431445e-01 2.612278e-01 2.910270e-01 
       1.473804e-01 2.663058e-01 2.945440e-01 
       1.516446e-01 2.712678e-01 2.978402e-01 
       1.560043e-01 2.761472e-01 3.008944e-01 
       1.603183e-01 2.808674e-01 3.037146e-01 
       1.647306e-01 2.855060e-01 3.063166e-01 
       1.691665e-01 2.900305e-01 3.086587e-01 
       1.735561e-01 2.944284e-01 3.107747e-01 
       1.780169e-01 2.987164e-01 3.126365e-01 
       1.824004e-01 3.028644e-01 3.143001e-01 
       1.868422e-01 3.069158e-01 3.157511e-01 
       1.912533e-01 3.108456e-01 3.169649e-01 
       1.956644e-01 3.146291e-01 3.179783e-01 
       2.000416e-01 3.183265e-01 3.187916e-01 
       2.044598e-01 3.219010e-01 3.194121e-01 
       2.088040e-01 3.253633e-01 3.198484e-01 
       2.131391e-01 3.287454e-01 3.201042e-01 
       2.174886e-01 3.320104e-01 3.201861e-01 
       2.217917e-01 3.351935e-01 3.201025e-01 
       2.261147e-01 3.382554e-01 3.198608e-01 
       2.303736e-01 3.412647e-01 3.194696e-01 
       2.346806e-01 3.441732e-01 3.189400e-01 
       2.389229e-01 3.470384e-01 3.182786e-01 
       2.431763e-01 3.498123e-01 3.174911e-01 
       2.474494e-01 3.525259e-01 3.165892e-01 
       2.517096e-01 3.551979e-01 3.155726e-01 
       2.559421e-01 3.578010e-01 3.144337e-01 
       2.602097e-01 3.603418e-01 3.132157e-01 
       2.644692e-01 3.628623e-01 3.118793e-01 
       2.687507e-01 3.653409e-01 3.104982e-01 
       2.730213e-01 3.677802e-01 3.090082e-01 
       2.773161e-01 3.701928e-01 3.074151e-01 
       2.816163e-01 3.725791e-01 3.057949e-01 
       2.859247e-01 3.749462e-01 3.040638e-01 
       2.902675e-01 3.772934e-01 3.022820e-01 
       2.946274e-01 3.796165e-01 3.004525e-01 
       2.990212e-01 3.819263e-01 2.985650e-01 
       3.034073e-01 3.842285e-01 2.966325e-01 
       3.078307e-01 3.865150e-01 2.946289e-01 
       3.122758e-01 3.888132e-01 2.925990e-01 
       3.167685e-01 3.910951e-01 2.905208e-01 
       3.212672e-01 3.933628e-01 2.884143e-01 
       3.257885e-01 3.956482e-01 2.862567e-01 
       3.303598e-01 3.979234e-01 2.840865e-01 
       3.349653e-01 4.001996e-01 2.818908e-01 
       3.395848e-01 4.024735e-01 2.796596e-01 
       3.442214e-01 4.047604e-01 2.773988e-01 
       3.489242e-01 4.070586e-01 2.751168e-01 
       3.536445e-01 4.093604e-01 2.728133e-01 
       3.584115e-01 4.116646e-01 2.705149e-01 
       3.632156e-01 4.139842e-01 2.681614e-01 
       3.680645e-01 4.163118e-01 2.658323e-01 
       3.729490e-01 4.186448e-01 2.634825e-01 
       3.778845e-01 4.209932e-01 2.611048e-01 
       3.828645e-01 4.233550e-01 2.587369e-01 
       3.878828e-01 4.257346e-01 2.563455e-01 
       3.929565e-01 4.281267e-01 2.539790e-01 
       3.980868e-01 4.305278e-01 2.516035e-01 
       4.032597e-01 4.329432e-01 2.492086e-01 
       4.084812e-01 4.353787e-01 2.468258e-01 
       4.137623e-01 4.378229e-01 2.444403e-01 
       4.190978e-01 4.402715e-01 2.420918e-01 
       4.244869e-01 4.427491e-01 2.397362e-01 
       4.299347e-01 4.452289e-01 2.374166e-01 
       4.354460e-01 4.477203e-01 2.350904e-01 
       4.409966e-01 4.502406e-01 2.327612e-01 
       4.466257e-01 4.527699e-01 2.304762e-01 
       4.523174e-01 4.553020e-01 2.282474e-01 
       4.580505e-01 4.578425e-01 2.260250e-01 
       4.638628e-01 4.603947e-01 2.238156e-01 
       4.697363e-01 4.629596e-01 2.216685e-01 
       4.756660e-01 4.655363e-01 2.195745e-01 
       4.816573e-01 4.681239e-01 2.175162e-01 
       4.877241e-01 4.707208e-01 2.155086e-01 
       4.938424e-01 4.733056e-01 2.135599e-01 
       5.000269e-01 4.759183e-01 2.116998e-01 
       5.062849e-01 4.785182e-01 2.098724e-01 
       5.126111e-01 4.811216e-01 2.081421e-01 
       5.190080e-01 4.837305e-01 2.065144e-01 
       5.254579e-01 4.863423e-01 2.049281e-01 
       5.319801e-01 4.889495e-01 2.034648e-01 
       5.385710e-01 4.915666e-01 2.020803e-01 
       5.452165e-01 4.941608e-01 2.008161e-01 
       5.519341e-01 4.967474e-01 1.996767e-01 
       5.587001e-01 4.993352e-01 1.986674e-01 
       5.655378e-01 5.019226e-01 1.977903e-01 
       5.724439e-01 5.044951e-01 1.970614e-01 
       5.793981e-01 5.070413e-01 1.964661e-01 
       5.864013e-01 5.095838e-01 1.960027e-01 
       5.934612e-01 5.121063e-01 1.957035e-01 
       6.005651e-01 5.146207e-01 1.955779e-01 
       6.077244e-01 5.171098e-01 1.956276e-01 
       6.149080e-01 5.195701e-01 1.958610e-01 
       6.221387e-01 5.220078e-01 1.962876e-01 
       6.294053e-01 5.244345e-01 1.968905e-01 
       6.367060e-01 5.268350e-01 1.976643e-01 
       6.440154e-01 5.292011e-01 1.986460e-01 
       6.513596e-01 5.315325e-01 1.998311e-01 
       6.587068e-01 5.338339e-01 2.012285e-01 
       6.660719e-01 5.361174e-01 2.028433e-01 
       6.734430e-01 5.383717e-01 2.046678e-01 
       6.808056e-01 5.405795e-01 2.066942e-01 
       6.881774e-01 5.427656e-01 2.088910e-01 
       6.955327e-01 5.449124e-01 2.113291e-01 
       7.028745e-01 5.470299e-01 2.139601e-01 
       7.101957e-01 5.491196e-01 2.168030e-01 
       7.174981e-01 5.511707e-01 2.198360e-01 
       7.247655e-01 5.531882e-01 2.230745e-01 
       7.320026e-01 5.551842e-01 2.265053e-01 
       7.392056e-01 5.571596e-01 2.300979e-01 
       7.463569e-01 5.590876e-01 2.339203e-01 
       7.534676e-01 5.609997e-01 2.379304e-01 
       7.605333e-01 5.628964e-01 2.421030e-01 
       7.675372e-01 5.647530e-01 2.464509e-01 
       7.744878e-01 5.666066e-01 2.509934e-01 
       7.813819e-01 5.684287e-01 2.556843e-01 
       7.882036e-01 5.702400e-01 2.605514e-01 
       7.949597e-01 5.720456e-01 2.655807e-01 
       8.016419e-01 5.738327e-01 2.707769e-01 
       8.082520e-01 5.756210e-01 2.761205e-01 
       8.147786e-01 5.773909e-01 2.815956e-01 
       8.212268e-01 5.791711e-01 2.872250e-01 
       8.275867e-01 5.809416e-01 2.930132e-01 
       8.338637e-01 5.827172e-01 2.989490e-01 
       8.400440e-01 5.845052e-01 3.050091e-01 
       8.461222e-01 5.862987e-01 3.112043e-01 
