function batlow = batlow()
batlow = [ ... 
       5.193153e-03 9.823812e-02 3.498419e-01 
       9.065215e-03 1.044867e-01 3.509331e-01 
       1.296335e-02 1.107792e-01 3.519924e-01 
       1.652993e-02 1.169133e-01 3.530697e-01 
       1.993562e-02 1.229846e-01 3.541197e-01 
       2.318878e-02 1.290352e-01 3.551824e-01 
       2.629125e-02 1.350444e-01 3.562102e-01 
       2.924549e-02 1.409640e-01 3.572385e-01 
       3.205278e-02 1.467742e-01 3.582388e-01 
       3.485319e-02 1.525583e-01 3.592326e-01 
       3.744912e-02 1.583130e-01 3.602159e-01 
       3.984509e-02 1.639778e-01 3.611871e-01 
       4.210448e-02 1.695570e-01 3.621514e-01 
       4.406930e-02 1.750529e-01 3.630835e-01 
       4.590454e-02 1.804600e-01 3.640071e-01 
       4.766492e-02 1.858444e-01 3.649146e-01 
       4.937771e-02 1.910761e-01 3.658098e-01 
       5.079491e-02 1.962742e-01 3.666843e-01 
       5.216442e-02 2.013231e-01 3.675244e-01 
       5.347061e-02 2.063572e-01 3.683703e-01 
       5.472082e-02 2.112336e-01 3.691839e-01 
       5.592796e-02 2.160463e-01 3.699735e-01 
       5.703320e-02 2.207544e-01 3.707500e-01 
       5.803216e-02 2.253395e-01 3.715089e-01 
       5.916445e-02 2.298424e-01 3.722520e-01 
       6.016698e-02 2.342991e-01 3.729781e-01 
       6.105185e-02 2.386250e-01 3.736915e-01 
       6.205992e-02 2.428879e-01 3.743860e-01 
       6.307119e-02 2.470852e-01 3.750498e-01 
       6.398207e-02 2.512134e-01 3.757088e-01 
       6.493600e-02 2.552641e-01 3.763622e-01 
       6.590266e-02 2.592565e-01 3.769872e-01 
       6.689896e-02 2.631877e-01 3.775944e-01 
       6.792124e-02 2.670557e-01 3.781912e-01 
       6.900154e-02 2.709217e-01 3.787742e-01 
       7.000087e-02 2.747127e-01 3.793421e-01 
       7.111497e-02 2.784971e-01 3.798949e-01 
       7.219239e-02 2.822486e-01 3.804344e-01 
       7.344022e-02 2.859416e-01 3.809568e-01 
       7.459478e-02 2.896535e-01 3.814525e-01 
       7.583316e-02 2.933208e-01 3.819221e-01 
       7.713575e-02 2.969956e-01 3.823763e-01 
       7.851694e-02 3.006216e-01 3.828141e-01 
       7.998409e-02 3.042521e-01 3.832238e-01 
       8.155250e-02 3.078584e-01 3.835976e-01 
       8.308212e-02 3.114607e-01 3.839361e-01 
       8.477796e-02 3.150433e-01 3.842396e-01 
       8.650290e-02 3.186153e-01 3.845058e-01 
       8.835320e-02 3.221670e-01 3.847307e-01 
       9.028135e-02 3.256854e-01 3.849100e-01 
       9.230383e-02 3.292198e-01 3.850397e-01 
       9.446213e-02 3.327117e-01 3.851156e-01 
       9.661810e-02 3.361615e-01 3.851338e-01 
       9.901532e-02 3.396206e-01 3.850902e-01 
       1.014808e-01 3.430357e-01 3.849806e-01 
       1.040778e-01 3.464095e-01 3.848010e-01 
       1.068415e-01 3.497741e-01 3.845475e-01 
       1.096952e-01 3.530982e-01 3.842172e-01 
       1.126549e-01 3.563910e-01 3.838073e-01 
       1.157480e-01 3.596383e-01 3.833102e-01 
       1.189919e-01 3.628486e-01 3.827129e-01 
       1.223201e-01 3.660305e-01 3.820256e-01 
       1.258895e-01 3.691596e-01 3.812594e-01 
       1.295190e-01 3.722384e-01 3.803776e-01 
       1.332978e-01 3.752818e-01 3.793954e-01 
       1.372122e-01 3.782823e-01 3.783146e-01 
       1.412597e-01 3.812396e-01 3.771346e-01 
       1.454321e-01 3.841301e-01 3.758398e-01 
       1.497061e-01 3.869750e-01 3.744488e-01 
       1.540730e-01 3.897772e-01 3.729340e-01 
       1.586196e-01 3.925308e-01 3.713203e-01 
       1.632459e-01 3.952372e-01 3.696085e-01 
       1.679516e-01 3.978895e-01 3.677840e-01 
       1.727877e-01 4.004962e-01 3.658673e-01 
       1.777520e-01 4.030413e-01 3.638325e-01 
       1.827318e-01 4.055506e-01 3.617140e-01 
       1.878859e-01 4.080032e-01 3.594845e-01 
       1.930504e-01 4.104274e-01 3.571769e-01 
       1.983095e-01 4.127975e-01 3.547665e-01 
       2.036761e-01 4.151160e-01 3.522526e-01 
       2.090752e-01 4.174121e-01 3.496767e-01 
       2.145549e-01 4.196610e-01 3.470187e-01 
       2.201119e-01 4.218642e-01 3.442611e-01 
       2.257072e-01 4.240494e-01 3.414592e-01 
       2.313623e-01 4.261975e-01 3.385720e-01 
       2.370745e-01 4.283246e-01 3.356345e-01 
       2.427949e-01 4.304181e-01 3.326346e-01 
       2.486169e-01 4.324926e-01 3.295712e-01 
       2.544523e-01 4.345291e-01 3.264342e-01 
       2.603199e-01 4.365564e-01 3.232850e-01 
       2.662410e-01 4.385554e-01 3.200852e-01 
       2.721682e-01 4.405413e-01 3.168308e-01 
       2.781711e-01 4.425243e-01 3.135517e-01 
       2.841746e-01 4.444837e-01 3.102428e-01 
       2.902139e-01 4.464200e-01 3.068892e-01 
       2.962942e-01 4.483565e-01 3.035091e-01 
       3.023786e-01 4.502816e-01 3.001224e-01 
       3.085169e-01 4.522048e-01 2.967208e-01 
       3.146484e-01 4.541071e-01 2.932788e-01 
       3.208336e-01 4.560056e-01 2.898410e-01 
       3.270066e-01 4.579004e-01 2.863765e-01 
       3.332348e-01 4.597940e-01 2.829372e-01 
       3.394691e-01 4.616846e-01 2.794678e-01 
       3.457034e-01 4.635629e-01 2.759985e-01 
       3.519760e-01 4.654401e-01 2.724923e-01 
       3.582771e-01 4.673314e-01 2.690370e-01 
       3.645890e-01 4.692131e-01 2.655435e-01 
       3.709224e-01 4.710853e-01 2.620638e-01 
       3.772910e-01 4.729518e-01 2.585875e-01 
       3.836751e-01 4.748417e-01 2.551315e-01 
       3.900702e-01 4.767108e-01 2.516646e-01 
       3.965049e-01 4.785874e-01 2.482121e-01 
       4.029676e-01 4.804660e-01 2.447312e-01 
       4.094548e-01 4.823507e-01 2.413138e-01 
       4.159674e-01 4.842253e-01 2.378948e-01 
       4.225070e-01 4.861130e-01 2.344935e-01 
       4.290944e-01 4.880107e-01 2.310964e-01 
       4.357136e-01 4.898905e-01 2.277284e-01 
       4.423653e-01 4.917954e-01 2.243537e-01 
       4.490519e-01 4.936844e-01 2.210735e-01 
       4.557739e-01 4.955847e-01 2.177744e-01 
       4.625387e-01 4.974973e-01 2.145178e-01 
       4.693682e-01 4.993927e-01 2.113176e-01 
       4.762207e-01 5.013144e-01 2.081484e-01 
       4.831228e-01 5.032162e-01 2.050370e-01 
       4.900811e-01 5.051366e-01 2.019762e-01 
       4.970888e-01 5.070578e-01 1.989943e-01 
       5.041534e-01 5.089840e-01 1.961180e-01 
       5.112532e-01 5.108979e-01 1.932956e-01 
       5.184248e-01 5.128215e-01 1.905664e-01 
       5.256367e-01 5.147464e-01 1.879899e-01 
       5.329068e-01 5.166620e-01 1.854969e-01 
       5.402253e-01 5.185842e-01 1.830992e-01 
       5.475993e-01 5.204856e-01 1.808836e-01 
       5.550237e-01 5.223908e-01 1.788537e-01 
       5.625064e-01 5.242926e-01 1.769641e-01 
       5.700156e-01 5.261859e-01 1.752727e-01 
       5.775820e-01 5.280582e-01 1.737747e-01 
       5.851992e-01 5.299269e-01 1.724935e-01 
       5.928462e-01 5.317770e-01 1.714487e-01 
       6.005204e-01 5.336045e-01 1.706478e-01 
       6.082399e-01 5.354231e-01 1.701045e-01 
       6.159723e-01 5.372312e-01 1.698261e-01 
       6.237390e-01 5.390018e-01 1.698138e-01 
       6.315127e-01 5.407524e-01 1.700748e-01 
       6.393009e-01 5.424839e-01 1.706223e-01 
       6.470985e-01 5.441830e-01 1.714649e-01 
       6.548889e-01 5.458628e-01 1.726027e-01 
       6.626912e-01 5.475029e-01 1.740442e-01 
       6.704774e-01 5.491268e-01 1.757465e-01 
       6.782435e-01 5.507118e-01 1.778028e-01 
       6.859952e-01 5.522743e-01 1.800562e-01 
       6.937199e-01 5.537968e-01 1.826103e-01 
       7.014211e-01 5.552943e-01 1.854782e-01 
       7.090976e-01 5.567716e-01 1.885464e-01 
       7.167312e-01 5.582045e-01 1.918505e-01 
       7.243223e-01 5.596276e-01 1.954081e-01 
       7.318779e-01 5.610109e-01 1.991739e-01 
       7.393926e-01 5.623855e-01 2.031790e-01 
       7.468502e-01 5.637254e-01 2.073749e-01 
       7.542683e-01 5.650332e-01 2.117608e-01 
       7.616288e-01 5.663437e-01 2.163215e-01 
       7.689417e-01 5.676304e-01 2.210451e-01 
       7.762077e-01 5.688988e-01 2.259301e-01 
       7.834158e-01 5.701616e-01 2.309617e-01 
       7.905683e-01 5.714208e-01 2.361602e-01 
       7.976655e-01 5.726815e-01 2.414903e-01 
       8.047093e-01 5.739279e-01 2.469553e-01 
       8.116922e-01 5.751867e-01 2.525717e-01 
