function berlin = berlin()
berlin = [ ... 
       6.210820e-01 6.901818e-01 9.995067e-01 
       6.121573e-01 6.892278e-01 9.953743e-01 
       6.032018e-01 6.882497e-01 9.912393e-01 
       5.942002e-01 6.872567e-01 9.870916e-01 
       5.851652e-01 6.862481e-01 9.829222e-01 
       5.760877e-01 6.852223e-01 9.787334e-01 
       5.669610e-01 6.841660e-01 9.745244e-01 
       5.577912e-01 6.830982e-01 9.702876e-01 
       5.485900e-01 6.819923e-01 9.660159e-01 
       5.393274e-01 6.808588e-01 9.617045e-01 
       5.300345e-01 6.796910e-01 9.573502e-01 
       5.206873e-01 6.784837e-01 9.529419e-01 
       5.112947e-01 6.772296e-01 9.484663e-01 
       5.018629e-01 6.759081e-01 9.439234e-01 
       4.923680e-01 6.745264e-01 9.392968e-01 
       4.828320e-01 6.730751e-01 9.345743e-01 
       4.732391e-01 6.715296e-01 9.297513e-01 
       4.636102e-01 6.698985e-01 9.248064e-01 
       4.539310e-01 6.681517e-01 9.197351e-01 
       4.442131e-01 6.662754e-01 9.145178e-01 
       4.344395e-01 6.642713e-01 9.091364e-01 
       4.246454e-01 6.621197e-01 9.035862e-01 
       4.148181e-01 6.597910e-01 8.978454e-01 
       4.049751e-01 6.572887e-01 8.919053e-01 
       3.951374e-01 6.545789e-01 8.857505e-01 
       3.852958e-01 6.516743e-01 8.793678e-01 
       3.754928e-01 6.485356e-01 8.727574e-01 
       3.657421e-01 6.451645e-01 8.659029e-01 
       3.560588e-01 6.415524e-01 8.588006e-01 
       3.464529e-01 6.376922e-01 8.514506e-01 
       3.369820e-01 6.335736e-01 8.438552e-01 
       3.276417e-01 6.291888e-01 8.360175e-01 
       3.184869e-01 6.245513e-01 8.279366e-01 
       3.095388e-01 6.196570e-01 8.196285e-01 
       3.007843e-01 6.144973e-01 8.111081e-01 
       2.923090e-01 6.091149e-01 8.023787e-01 
       2.840978e-01 6.034850e-01 7.934703e-01 
       2.762050e-01 5.976336e-01 7.843861e-01 
       2.685946e-01 5.915796e-01 7.751434e-01 
       2.613078e-01 5.853354e-01 7.657803e-01 
       2.543684e-01 5.789078e-01 7.562959e-01 
       2.477533e-01 5.723280e-01 7.467193e-01 
       2.414644e-01 5.655962e-01 7.370663e-01 
       2.355153e-01 5.587480e-01 7.273514e-01 
       2.298421e-01 5.518019e-01 7.175996e-01 
       2.245033e-01 5.447500e-01 7.078050e-01 
       2.194847e-01 5.376281e-01 6.979978e-01 
       2.146941e-01 5.304326e-01 6.881895e-01 
       2.101719e-01 5.231929e-01 6.783771e-01 
       2.058888e-01 5.158972e-01 6.685783e-01 
       2.017706e-01 5.085978e-01 6.587870e-01 
       1.978782e-01 5.012581e-01 6.490299e-01 
       1.941722e-01 4.939025e-01 6.392874e-01 
       1.905556e-01 4.865407e-01 6.295724e-01 
       1.871119e-01 4.791812e-01 6.198982e-01 
       1.837522e-01 4.718258e-01 6.102410e-01 
       1.804996e-01 4.644738e-01 6.006224e-01 
       1.773655e-01 4.571167e-01 5.910371e-01 
       1.742639e-01 4.497877e-01 5.814832e-01 
       1.712245e-01 4.424741e-01 5.719664e-01 
       1.682417e-01 4.351720e-01 5.624864e-01 
       1.652925e-01 4.278837e-01 5.530209e-01 
       1.624390e-01 4.206080e-01 5.436034e-01 
       1.595449e-01 4.133700e-01 5.342099e-01 
       1.567387e-01 4.061468e-01 5.248558e-01 
       1.539055e-01 3.989320e-01 5.155239e-01 
       1.511224e-01 3.917574e-01 5.062302e-01 
       1.483458e-01 3.845912e-01 4.969716e-01 
       1.456407e-01 3.774615e-01 4.877509e-01 
       1.428790e-01 3.703428e-01 4.785442e-01 
       1.401384e-01 3.632568e-01 4.693885e-01 
       1.374658e-01 3.562042e-01 4.602390e-01 
       1.347768e-01 3.491617e-01 4.511467e-01 
       1.320791e-01 3.421503e-01 4.420850e-01 
       1.294012e-01 3.351727e-01 4.330416e-01 
       1.267353e-01 3.281952e-01 4.240358e-01 
       1.240896e-01 3.212593e-01 4.150706e-01 
       1.214556e-01 3.143468e-01 4.061442e-01 
       1.188995e-01 3.074602e-01 3.972344e-01 
       1.163155e-01 3.006076e-01 3.883763e-01 
       1.137307e-01 2.937809e-01 3.795459e-01 
       1.111873e-01 2.869804e-01 3.707479e-01 
       1.086132e-01 2.802169e-01 3.620037e-01 
       1.061595e-01 2.734967e-01 3.532802e-01 
       1.036697e-01 2.667760e-01 3.445944e-01 
       1.011827e-01 2.601081e-01 3.359523e-01 
       9.877642e-02 2.534672e-01 3.273422e-01 
       9.634719e-02 2.468499e-01 3.187825e-01 
       9.405946e-02 2.402637e-01 3.102671e-01 
       9.178843e-02 2.337272e-01 3.017582e-01 
       8.950590e-02 2.272454e-01 2.933180e-01 
       8.734096e-02 2.207999e-01 2.849135e-01 
       8.514160e-02 2.143604e-01 2.765756e-01 
       8.306933e-02 2.079814e-01 2.682487e-01 
       8.109776e-02 2.016311e-01 2.599922e-01 
       7.912956e-02 1.953606e-01 2.517814e-01 
       7.728611e-02 1.891362e-01 2.435887e-01 
       7.557093e-02 1.829431e-01 2.355016e-01 
       7.399329e-02 1.768350e-01 2.274340e-01 
       7.240956e-02 1.707852e-01 2.194328e-01 
       7.104473e-02 1.647955e-01 2.115001e-01 
       6.976749e-02 1.589009e-01 2.036278e-01 
       6.861760e-02 1.530404e-01 1.958185e-01 
       6.756009e-02 1.473186e-01 1.881243e-01 
       6.666491e-02 1.416715e-01 1.804523e-01 
       6.592315e-02 1.360759e-01 1.729166e-01 
       6.533912e-02 1.306953e-01 1.654582e-01 
       6.491061e-02 1.253485e-01 1.581693e-01 
       6.463607e-02 1.201317e-01 1.509464e-01 
       6.451681e-02 1.150701e-01 1.438893e-01 
       6.455426e-02 1.102224e-01 1.369571e-01 
       6.474870e-02 1.054274e-01 1.302295e-01 
       6.509989e-02 1.008493e-01 1.235686e-01 
       6.538323e-02 9.646871e-02 1.171700e-01 
       6.557388e-02 9.233838e-02 1.110079e-01 
       6.589242e-02 8.820105e-02 1.049815e-01 
       6.638829e-02 8.413396e-02 9.928820e-02 
       6.710798e-02 8.005057e-02 9.382919e-02 
       6.819321e-02 7.609883e-02 8.846971e-02 
       6.971960e-02 7.228255e-02 8.302505e-02 
       7.163870e-02 6.865448e-02 7.754368e-02 
       7.397767e-02 6.505793e-02 7.211038e-02 
       7.659575e-02 6.165712e-02 6.665084e-02 
       7.963686e-02 5.854976e-02 6.113260e-02 
       8.296348e-02 5.566566e-02 5.574463e-02 
       8.653692e-02 5.299651e-02 5.033595e-02 
       9.031495e-02 5.069893e-02 4.504025e-02 
       9.426001e-02 4.875264e-02 3.977284e-02 
       9.831940e-02 4.704125e-02 3.468272e-02 
       1.024585e-01 4.562435e-02 3.007438e-02 
       1.067322e-01 4.470496e-02 2.601209e-02 
       1.109858e-01 4.397224e-02 2.237916e-02 
       1.152446e-01 4.359614e-02 1.915038e-02 
       1.195470e-01 4.356737e-02 1.629872e-02 
       1.238116e-01 4.386111e-02 1.379666e-02 
       1.281049e-01 4.445851e-02 1.158837e-02 
       1.323153e-01 4.522861e-02 9.531492e-03 
       1.364513e-01 4.616358e-02 7.894699e-03 
       1.406346e-01 4.737442e-02 6.502000e-03 
       1.448836e-01 4.863435e-02 5.326599e-03 
       1.492296e-01 4.983569e-02 4.345501e-03 
       1.536852e-01 5.099673e-02 3.537354e-03 
       1.583089e-01 5.213005e-02 2.882359e-03 
       1.630139e-01 5.321812e-02 2.362789e-03 
       1.678114e-01 5.423991e-02 1.962898e-03 
       1.727356e-01 5.517159e-02 1.668979e-03 
       1.778014e-01 5.601794e-02 1.469245e-03 
       1.828632e-01 5.681980e-02 1.340070e-03 
       1.880578e-01 5.757354e-02 1.261683e-03 
       1.932333e-01 5.851415e-02 1.226108e-03 
       1.984634e-01 5.954979e-02 1.227108e-03 
       2.037781e-01 6.050092e-02 1.260105e-03 
       2.090922e-01 6.148638e-02 1.322098e-03 
       2.144697e-01 6.270983e-02 1.411614e-03 
       2.198970e-01 6.382277e-02 1.528678e-03 
       2.253453e-01 6.502719e-02 1.674786e-03 
       2.308562e-01 6.629707e-02 1.852913e-03 
       2.364220e-01 6.764497e-02 2.067532e-03 
       2.420160e-01 6.909185e-02 2.324650e-03 
       2.476809e-01 7.045757e-02 2.631854e-03 
       2.533903e-01 7.198613e-02 2.998359e-03 
       2.591760e-01 7.363957e-02 3.435049e-03 
       2.649974e-01 7.523672e-02 3.954504e-03 
       2.709336e-01 7.696547e-02 4.571019e-03 
       2.769283e-01 7.882206e-02 5.300642e-03 
       2.830166e-01 8.081913e-02 6.160778e-03 
       2.891964e-01 8.287949e-02 7.171314e-03 
       2.954665e-01 8.507465e-02 8.349364e-03 
       3.018575e-01 8.745990e-02 9.725835e-03 
