function bilbao = bilbao()
bilbao = [ ... 
       1 1 9.999090e-01 
       9.948807e-01 9.948622e-01 9.947339e-01 
       9.897628e-01 9.897320e-01 9.895657e-01 
       9.846489e-01 9.846043e-01 9.843936e-01 
       9.795394e-01 9.794794e-01 9.792170e-01 
       9.744353e-01 9.743583e-01 9.740392e-01 
       9.693443e-01 9.692478e-01 9.688610e-01 
       9.642596e-01 9.641410e-01 9.636761e-01 
       9.591890e-01 9.590452e-01 9.584898e-01 
       9.541265e-01 9.539538e-01 9.532928e-01 
       9.490726e-01 9.488661e-01 9.480835e-01 
       9.440351e-01 9.437904e-01 9.428690e-01 
       9.390088e-01 9.387207e-01 9.376376e-01 
       9.339948e-01 9.336565e-01 9.323899e-01 
       9.290012e-01 9.286062e-01 9.271301e-01 
       9.240288e-01 9.235714e-01 9.218572e-01 
       9.190694e-01 9.185384e-01 9.165577e-01 
       9.141422e-01 9.135274e-01 9.112387e-01 
       9.092299e-01 9.085252e-01 9.058984e-01 
       9.043489e-01 9.035405e-01 9.005280e-01 
       8.995022e-01 8.985713e-01 8.951364e-01 
       8.946858e-01 8.936246e-01 8.897115e-01 
       8.899013e-01 8.887047e-01 8.842630e-01 
       8.851623e-01 8.838066e-01 8.787786e-01 
       8.804646e-01 8.789322e-01 8.732680e-01 
       8.758198e-01 8.740940e-01 8.677279e-01 
       8.712243e-01 8.692924e-01 8.621578e-01 
       8.666845e-01 8.645263e-01 8.565501e-01 
       8.622140e-01 8.598039e-01 8.509156e-01 
       8.577977e-01 8.551274e-01 8.452593e-01 
       8.534568e-01 8.504963e-01 8.395771e-01 
       8.491985e-01 8.459227e-01 8.338680e-01 
       8.450133e-01 8.414121e-01 8.281318e-01 
       8.409141e-01 8.369611e-01 8.223874e-01 
       8.369030e-01 8.325741e-01 8.166225e-01 
       8.329812e-01 8.282589e-01 8.108431e-01 
       8.291626e-01 8.240180e-01 8.050592e-01 
       8.254319e-01 8.198537e-01 7.992763e-01 
       8.218129e-01 8.157765e-01 7.934894e-01 
       8.182866e-01 8.117758e-01 7.877000e-01 
       8.148725e-01 8.078608e-01 7.819285e-01 
       8.115653e-01 8.040339e-01 7.761618e-01 
       8.083607e-01 8.002946e-01 7.704129e-01 
       8.052586e-01 7.966384e-01 7.646846e-01 
       8.022654e-01 7.930805e-01 7.589750e-01 
       7.993805e-01 7.896039e-01 7.532898e-01 
       7.965848e-01 7.862181e-01 7.476410e-01 
       7.939013e-01 7.829098e-01 7.420110e-01 
       7.913010e-01 7.796910e-01 7.364127e-01 
       7.888024e-01 7.765563e-01 7.308511e-01 
       7.863899e-01 7.734905e-01 7.253272e-01 
       7.840609e-01 7.705087e-01 7.198274e-01 
       7.818104e-01 7.675912e-01 7.143584e-01 
       7.796328e-01 7.647500e-01 7.089364e-01 
       7.775356e-01 7.619637e-01 7.035344e-01 
       7.754946e-01 7.592412e-01 6.981639e-01 
       7.735196e-01 7.565774e-01 6.928365e-01 
       7.716087e-01 7.539637e-01 6.875244e-01 
       7.697399e-01 7.513998e-01 6.822411e-01 
       7.679229e-01 7.488677e-01 6.769958e-01 
       7.661553e-01 7.463826e-01 6.717605e-01 
       7.644223e-01 7.439321e-01 6.665501e-01 
       7.627230e-01 7.415069e-01 6.613685e-01 
       7.610610e-01 7.391209e-01 6.562035e-01 
       7.594200e-01 7.367415e-01 6.510468e-01 
       7.578125e-01 7.343900e-01 6.459041e-01 
       7.562209e-01 7.320505e-01 6.407786e-01 
       7.546525e-01 7.297195e-01 6.356622e-01 
       7.530870e-01 7.273924e-01 6.305594e-01 
       7.515513e-01 7.250766e-01 6.254507e-01 
       7.500092e-01 7.227455e-01 6.203586e-01 
       7.484861e-01 7.204191e-01 6.152520e-01 
       7.469646e-01 7.180820e-01 6.101573e-01 
       7.454438e-01 7.157339e-01 6.050605e-01 
       7.439280e-01 7.133568e-01 5.999606e-01 
       7.424113e-01 7.109655e-01 5.948524e-01 
       7.408838e-01 7.085440e-01 5.897357e-01 
       7.393677e-01 7.060880e-01 5.846225e-01 
       7.378256e-01 7.035946e-01 5.794990e-01 
       7.362842e-01 7.010603e-01 5.743520e-01 
       7.347414e-01 6.984759e-01 5.692083e-01 
       7.331792e-01 6.958497e-01 5.640644e-01 
       7.316050e-01 6.931610e-01 5.588939e-01 
       7.300236e-01 6.904051e-01 5.537292e-01 
       7.284209e-01 6.875930e-01 5.485691e-01 
       7.268099e-01 6.847058e-01 5.433928e-01 
       7.251892e-01 6.817464e-01 5.382313e-01 
       7.235423e-01 6.787173e-01 5.330651e-01 
       7.218876e-01 6.756082e-01 5.279173e-01 
       7.202255e-01 6.724227e-01 5.227955e-01 
       7.185464e-01 6.691514e-01 5.177014e-01 
       7.168663e-01 6.658009e-01 5.126323e-01 
       7.151676e-01 6.623778e-01 5.076197e-01 
       7.134655e-01 6.588654e-01 5.026490e-01 
       7.117635e-01 6.552901e-01 4.977623e-01 
       7.100579e-01 6.516497e-01 4.929201e-01 
       7.083565e-01 6.479326e-01 4.881912e-01 
       7.066618e-01 6.441639e-01 4.835329e-01 
       7.049698e-01 6.403499e-01 4.789940e-01 
       7.032969e-01 6.364867e-01 4.745669e-01 
       7.016309e-01 6.325794e-01 4.702554e-01 
       6.999918e-01 6.286482e-01 4.660632e-01 
       6.983700e-01 6.246895e-01 4.620188e-01 
       6.967772e-01 6.207221e-01 4.581058e-01 
       6.952067e-01 6.167405e-01 4.543453e-01 
       6.936634e-01 6.127514e-01 4.507173e-01 
       6.921589e-01 6.087866e-01 4.472321e-01 
       6.906690e-01 6.048149e-01 4.439056e-01 
       6.892293e-01 6.008604e-01 4.407012e-01 
       6.878081e-01 5.969345e-01 4.376610e-01 
       6.864224e-01 5.930269e-01 4.347357e-01 
       6.850707e-01 5.891333e-01 4.319526e-01 
       6.837451e-01 5.852894e-01 4.292748e-01 
       6.824534e-01 5.814548e-01 4.267247e-01 
       6.811876e-01 5.776552e-01 4.242817e-01 
       6.799526e-01 5.738904e-01 4.219378e-01 
       6.787461e-01 5.701494e-01 4.197068e-01 
       6.775676e-01 5.664466e-01 4.175526e-01 
       6.764011e-01 5.627679e-01 4.154721e-01 
       6.752572e-01 5.591029e-01 4.134746e-01 
       6.741343e-01 5.554680e-01 4.115336e-01 
       6.730331e-01 5.518693e-01 4.096646e-01 
       6.719400e-01 5.482833e-01 4.078378e-01 
       6.708678e-01 5.447100e-01 4.060707e-01 
       6.698059e-01 5.411546e-01 4.043276e-01 
       6.687527e-01 5.376300e-01 4.026317e-01 
       6.677134e-01 5.341004e-01 4.009844e-01 
       6.666723e-01 5.305985e-01 3.993293e-01 
       6.656525e-01 5.271072e-01 3.977317e-01 
       6.646301e-01 5.236195e-01 3.961430e-01 
       6.636268e-01 5.201343e-01 3.945682e-01 
       6.626185e-01 5.166715e-01 3.930133e-01 
       6.616152e-01 5.132106e-01 3.914810e-01 
       6.606088e-01 5.097531e-01 3.899394e-01 
       6.596164e-01 5.062976e-01 3.884284e-01 
       6.586196e-01 5.028499e-01 3.869079e-01 
       6.576360e-01 4.994066e-01 3.854030e-01 
       6.566448e-01 4.959664e-01 3.839120e-01 
       6.556543e-01 4.925294e-01 3.824107e-01 
       6.546606e-01 4.890947e-01 3.809325e-01 
       6.536763e-01 4.856601e-01 3.794346e-01 
       6.526872e-01 4.822345e-01 3.779483e-01 
       6.517082e-01 4.787983e-01 3.764732e-01 
       6.507186e-01 4.753745e-01 3.749779e-01 
       6.497339e-01 4.719415e-01 3.734961e-01 
       6.487440e-01 4.685008e-01 3.720054e-01 
       6.477512e-01 4.650669e-01 3.705214e-01 
       6.467650e-01 4.616375e-01 3.690461e-01 
       6.457675e-01 4.581972e-01 3.675477e-01 
       6.447719e-01 4.547693e-01 3.660710e-01 
       6.437744e-01 4.513244e-01 3.645697e-01 
       6.427775e-01 4.478726e-01 3.630742e-01 
       6.417701e-01 4.444414e-01 3.615818e-01 
       6.407606e-01 4.409780e-01 3.600720e-01 
       6.397490e-01 4.375377e-01 3.585589e-01 
       6.387241e-01 4.340626e-01 3.570593e-01 
       6.376951e-01 4.306068e-01 3.555369e-01 
       6.366612e-01 4.271391e-01 3.539886e-01 
       6.356065e-01 4.236469e-01 3.524508e-01 
       6.345522e-01 4.201631e-01 3.509081e-01 
       6.334770e-01 4.166688e-01 3.493345e-01 
       6.323875e-01 4.131623e-01 3.477574e-01 
       6.312842e-01 4.096381e-01 3.461454e-01 
       6.301590e-01 4.061063e-01 3.445337e-01 
       6.290113e-01 4.025446e-01 3.429118e-01 
       6.278429e-01 3.989782e-01 3.412450e-01 
       6.266425e-01 3.954036e-01 3.395679e-01 
       6.254160e-01 3.917967e-01 3.378394e-01 
       6.241608e-01 3.881675e-01 3.360931e-01 
