function broco = broco()
broco = [ ... 
       2.142882e-01 1.846712e-01 2.182145e-01 
       2.136948e-01 1.846857e-01 2.224529e-01 
       2.131495e-01 1.848674e-01 2.268542e-01 
       2.126823e-01 1.852208e-01 2.314111e-01 
       2.122749e-01 1.857388e-01 2.361174e-01 
       2.119093e-01 1.864017e-01 2.409665e-01 
       2.115865e-01 1.872758e-01 2.459900e-01 
       2.113132e-01 1.883252e-01 2.511990e-01 
       2.110924e-01 1.895324e-01 2.565310e-01 
       2.109244e-01 1.909406e-01 2.620463e-01 
       2.108087e-01 1.925532e-01 2.676987e-01 
       2.107455e-01 1.943821e-01 2.735592e-01 
       2.107354e-01 1.963754e-01 2.795515e-01 
       2.107799e-01 1.985452e-01 2.856783e-01 
       2.108807e-01 2.009403e-01 2.920010e-01 
       2.110403e-01 2.035787e-01 2.984510e-01 
       2.112623e-01 2.064099e-01 3.050702e-01 
       2.115498e-01 2.094042e-01 3.118064e-01 
       2.119027e-01 2.126358e-01 3.187148e-01 
       2.123153e-01 2.160961e-01 3.257318e-01 
       2.127907e-01 2.197295e-01 3.329098e-01 
       2.133623e-01 2.235740e-01 3.401782e-01 
       2.140388e-01 2.276329e-01 3.475685e-01 
       2.147728e-01 2.318930e-01 3.550647e-01 
       2.156338e-01 2.363403e-01 3.626339e-01 
       2.165964e-01 2.409627e-01 3.702976e-01 
       2.176448e-01 2.457867e-01 3.780445e-01 
       2.188238e-01 2.508082e-01 3.858424e-01 
       2.201360e-01 2.559828e-01 3.937040e-01 
       2.215567e-01 2.613453e-01 4.016007e-01 
       2.231441e-01 2.668520e-01 4.095341e-01 
       2.248335e-01 2.725149e-01 4.174823e-01 
       2.267393e-01 2.783406e-01 4.254320e-01 
       2.287800e-01 2.842778e-01 4.333726e-01 
       2.309748e-01 2.903510e-01 4.413100e-01 
       2.333305e-01 2.965616e-01 4.492254e-01 
       2.359138e-01 3.028530e-01 4.570927e-01 
       2.386301e-01 3.092880e-01 4.649280e-01 
       2.415729e-01 3.157869e-01 4.727049e-01 
       2.446650e-01 3.223713e-01 4.804272e-01 
       2.480034e-01 3.290401e-01 4.880892e-01 
       2.515023e-01 3.357672e-01 4.956620e-01 
       2.551971e-01 3.425686e-01 5.031615e-01 
       2.590854e-01 3.494128e-01 5.105872e-01 
       2.631628e-01 3.563144e-01 5.179286e-01 
       2.674103e-01 3.632425e-01 5.251687e-01 
       2.718735e-01 3.702147e-01 5.323234e-01 
       2.765481e-01 3.772266e-01 5.393724e-01 
       2.813624e-01 3.842485e-01 5.463434e-01 
       2.863639e-01 3.913047e-01 5.531952e-01 
       2.915684e-01 3.983635e-01 5.599709e-01 
       2.969191e-01 4.054380e-01 5.666408e-01 
       3.024132e-01 4.125244e-01 5.732150e-01 
       3.080915e-01 4.196059e-01 5.796956e-01 
       3.139272e-01 4.266891e-01 5.860789e-01 
       3.199039e-01 4.337675e-01 5.923763e-01 
       3.259993e-01 4.408528e-01 5.985701e-01 
       3.322691e-01 4.479315e-01 6.046911e-01 
       3.386374e-01 4.550154e-01 6.107204e-01 
       3.451437e-01 4.620724e-01 6.166680e-01 
       3.517577e-01 4.691346e-01 6.225279e-01 
       3.584945e-01 4.761725e-01 6.283210e-01 
       3.653416e-01 4.831989e-01 6.340325e-01 
       3.722837e-01 4.902238e-01 6.396665e-01 
       3.793334e-01 4.972325e-01 6.452259e-01 
       3.864643e-01 5.042317e-01 6.507261e-01 
       3.936953e-01 5.112007e-01 6.561596e-01 
       4.010193e-01 5.181745e-01 6.615212e-01 
       4.083972e-01 5.251218e-01 6.668148e-01 
       4.158614e-01 5.320602e-01 6.720586e-01 
       4.233921e-01 5.389807e-01 6.772419e-01 
       4.310051e-01 5.458897e-01 6.823535e-01 
       4.386621e-01 5.527731e-01 6.874192e-01 
       4.463899e-01 5.596501e-01 6.924306e-01 
       4.541751e-01 5.665074e-01 6.973718e-01 
       4.620045e-01 5.733475e-01 7.022651e-01 
       4.698922e-01 5.801707e-01 7.071068e-01 
       4.778098e-01 5.869691e-01 7.118882e-01 
       4.857744e-01 5.937579e-01 7.166167e-01 
       4.937835e-01 6.005222e-01 7.212773e-01 
       5.018283e-01 6.072760e-01 7.258939e-01 
       5.098945e-01 6.139889e-01 7.304426e-01 
       5.179993e-01 6.207020e-01 7.349331e-01 
       5.261226e-01 6.273746e-01 7.393618e-01 
       5.342606e-01 6.340332e-01 7.437160e-01 
       5.424277e-01 6.406542e-01 7.480083e-01 
       5.506010e-01 6.472533e-01 7.522225e-01 
       5.587793e-01 6.538179e-01 7.563660e-01 
       5.669798e-01 6.603503e-01 7.604298e-01 
       5.751653e-01 6.668462e-01 7.644075e-01 
       5.833524e-01 6.733114e-01 7.682935e-01 
       5.915380e-01 6.797234e-01 7.720929e-01 
       5.997068e-01 6.861015e-01 7.757870e-01 
       6.078597e-01 6.924320e-01 7.793762e-01 
       6.159805e-01 6.986952e-01 7.828519e-01 
       6.240827e-01 7.049138e-01 7.862138e-01 
       6.321407e-01 7.110718e-01 7.894412e-01 
       6.401622e-01 7.171618e-01 7.925336e-01 
       6.481243e-01 7.231687e-01 7.954819e-01 
       6.560452e-01 7.291088e-01 7.982803e-01 
       6.638907e-01 7.349660e-01 8.009170e-01 
       6.716583e-01 7.407228e-01 8.033815e-01 
       6.793464e-01 7.463887e-01 8.056647e-01 
       6.869469e-01 7.519496e-01 8.077611e-01 
       6.944365e-01 7.573921e-01 8.096536e-01 
       7.018185e-01 7.627120e-01 8.113342e-01 
       7.090845e-01 7.679023e-01 8.127881e-01 
       7.162046e-01 7.729544e-01 8.140126e-01 
       7.231690e-01 7.778600e-01 8.149943e-01 
       7.299860e-01 7.825989e-01 8.157231e-01 
       7.366185e-01 7.871737e-01 8.161852e-01 
       7.430741e-01 7.915618e-01 8.163707e-01 
       7.493149e-01 7.957619e-01 8.162716e-01 
       7.553563e-01 7.997678e-01 8.158776e-01 
       7.611605e-01 8.035514e-01 8.151783e-01 
       7.667234e-01 8.071207e-01 8.141696e-01 
       7.720346e-01 8.104492e-01 8.128445e-01 
       7.770785e-01 8.135414e-01 8.111987e-01 
       7.818352e-01 8.163864e-01 8.092223e-01 
       7.862994e-01 8.189581e-01 8.069100e-01 
       7.904514e-01 8.212703e-01 8.042603e-01 
       7.942945e-01 8.232996e-01 8.012701e-01 
       7.978009e-01 8.250431e-01 7.979438e-01 
       8.009754e-01 8.264993e-01 7.942842e-01 
       8.038037e-01 8.276514e-01 7.902803e-01 
       8.062792e-01 8.285061e-01 7.859514e-01 
       8.083928e-01 8.290554e-01 7.812896e-01 
       8.101392e-01 8.292923e-01 7.763076e-01 
       8.115254e-01 8.292181e-01 7.710130e-01 
       8.125338e-01 8.288309e-01 7.654115e-01 
       8.131740e-01 8.281282e-01 7.595050e-01 
       8.134440e-01 8.271232e-01 7.533210e-01 
       8.133450e-01 8.258038e-01 7.468652e-01 
       8.128798e-01 8.241817e-01 7.401461e-01 
       8.120549e-01 8.222642e-01 7.331730e-01 
       8.108700e-01 8.200394e-01 7.259669e-01 
       8.093396e-01 8.175317e-01 7.185326e-01 
       8.074605e-01 8.147390e-01 7.109000e-01 
       8.052446e-01 8.116724e-01 7.030690e-01 
       8.027067e-01 8.083333e-01 6.950551e-01 
       7.998578e-01 8.047332e-01 6.868823e-01 
       7.966905e-01 8.008796e-01 6.785579e-01 
       7.932402e-01 7.967812e-01 6.701045e-01 
       7.894979e-01 7.924533e-01 6.615214e-01 
       7.854847e-01 7.878954e-01 6.528252e-01 
       7.812088e-01 7.831239e-01 6.440439e-01 
       7.766869e-01 7.781482e-01 6.351827e-01 
       7.719227e-01 7.729702e-01 6.262509e-01 
       7.669315e-01 7.676075e-01 6.172643e-01 
       7.617294e-01 7.620685e-01 6.082367e-01 
       7.563271e-01 7.563632e-01 5.991677e-01 
       7.507351e-01 7.504977e-01 5.900711e-01 
       7.449546e-01 7.444779e-01 5.809725e-01 
       7.390165e-01 7.383183e-01 5.718685e-01 
       7.329117e-01 7.320318e-01 5.627755e-01 
       7.266591e-01 7.256177e-01 5.536810e-01 
       7.202717e-01 7.190826e-01 5.446222e-01 
       7.137575e-01 7.124387e-01 5.355832e-01 
       7.071263e-01 7.057032e-01 5.265987e-01 
       7.003840e-01 6.988665e-01 5.176442e-01 
       6.935412e-01 6.919546e-01 5.087412e-01 
       6.866090e-01 6.849538e-01 4.998786e-01 
       6.795894e-01 6.778878e-01 4.911084e-01 
       6.725062e-01 6.707528e-01 4.823757e-01 
       6.653419e-01 6.635588e-01 4.737134e-01 
       6.581254e-01 6.563092e-01 4.651346e-01 
       6.508494e-01 6.490102e-01 4.566326e-01 
       6.435241e-01 6.416638e-01 4.482103e-01 
       6.361683e-01 6.342936e-01 4.398751e-01 
