function broc = broc()
broc = [ ... 
       1.708126e-01 1.002718e-01 2.998481e-01 
       1.707476e-01 1.063423e-01 3.055756e-01 
       1.706093e-01 1.122886e-01 3.112973e-01 
       1.704026e-01 1.182100e-01 3.170487e-01 
       1.701342e-01 1.240406e-01 3.228240e-01 
       1.698113e-01 1.299489e-01 3.286010e-01 
       1.694348e-01 1.357231e-01 3.344053e-01 
       1.689969e-01 1.415807e-01 3.402134e-01 
       1.684977e-01 1.473852e-01 3.460280e-01 
       1.679736e-01 1.531664e-01 3.518744e-01 
       1.674454e-01 1.590000e-01 3.577526e-01 
       1.668773e-01 1.648015e-01 3.636131e-01 
       1.662569e-01 1.706322e-01 3.695075e-01 
       1.656152e-01 1.764506e-01 3.754121e-01 
       1.649879e-01 1.823070e-01 3.813497e-01 
       1.643755e-01 1.882201e-01 3.872796e-01 
       1.637294e-01 1.941122e-01 3.932439e-01 
       1.630627e-01 1.999857e-01 3.992181e-01 
       1.624095e-01 2.059645e-01 4.052249e-01 
       1.617762e-01 2.119348e-01 4.112413e-01 
       1.611374e-01 2.179203e-01 4.172857e-01 
       1.604952e-01 2.239344e-01 4.233288e-01 
       1.599128e-01 2.299862e-01 4.294109e-01 
       1.594014e-01 2.361118e-01 4.355112e-01 
       1.589504e-01 2.422309e-01 4.416199e-01 
       1.585614e-01 2.484202e-01 4.477355e-01 
       1.582510e-01 2.546272e-01 4.538850e-01 
       1.580495e-01 2.608650e-01 4.600363e-01 
       1.579894e-01 2.671469e-01 4.662024e-01 
       1.580998e-01 2.735104e-01 4.723794e-01 
       1.584065e-01 2.798898e-01 4.785488e-01 
       1.589201e-01 2.863075e-01 4.847154e-01 
       1.596647e-01 2.927965e-01 4.908954e-01 
       1.607477e-01 2.993389e-01 4.970345e-01 
       1.621604e-01 3.059214e-01 5.031590e-01 
       1.639099e-01 3.125156e-01 5.092722e-01 
       1.659932e-01 3.191922e-01 5.153364e-01 
       1.685380e-01 3.258841e-01 5.213666e-01 
       1.714872e-01 3.326479e-01 5.273510e-01 
       1.749011e-01 3.394191e-01 5.332707e-01 
       1.787393e-01 3.461993e-01 5.391348e-01 
       1.829985e-01 3.530339e-01 5.449296e-01 
       1.877636e-01 3.598705e-01 5.506496e-01 
       1.928813e-01 3.667280e-01 5.562862e-01 
       1.984220e-01 3.735840e-01 5.618601e-01 
       2.043852e-01 3.804500e-01 5.673403e-01 
       2.106531e-01 3.873023e-01 5.727430e-01 
       2.172725e-01 3.941641e-01 5.780542e-01 
       2.241581e-01 4.010298e-01 5.833015e-01 
       2.313603e-01 4.078618e-01 5.884705e-01 
       2.387475e-01 4.146962e-01 5.935815e-01 
       2.463667e-01 4.215148e-01 5.986192e-01 
       2.541815e-01 4.283386e-01 6.036095e-01 
       2.621319e-01 4.351516e-01 6.085461e-01 
       2.702396e-01 4.419513e-01 6.134232e-01 
       2.784443e-01 4.487418e-01 6.182814e-01 
       2.867422e-01 4.555256e-01 6.231016e-01 
       2.951504e-01 4.623066e-01 6.278933e-01 
       3.036278e-01 4.691012e-01 6.326629e-01 
       3.121633e-01 4.758822e-01 6.374170e-01 
       3.207877e-01 4.826641e-01 6.421586e-01 
       3.294387e-01 4.894471e-01 6.468914e-01 
       3.381097e-01 4.962388e-01 6.516182e-01 
       3.468508e-01 5.030373e-01 6.563418e-01 
       3.556175e-01 5.098473e-01 6.610552e-01 
       3.643959e-01 5.166581e-01 6.657785e-01 
       3.732172e-01 5.234791e-01 6.705058e-01 
       3.820606e-01 5.303015e-01 6.752245e-01 
       3.909413e-01 5.371398e-01 6.799487e-01 
       3.998208e-01 5.439732e-01 6.846833e-01 
       4.087408e-01 5.508220e-01 6.894274e-01 
       4.176774e-01 5.576796e-01 6.941595e-01 
       4.266264e-01 5.645412e-01 6.989092e-01 
       4.356048e-01 5.714128e-01 7.036658e-01 
       4.445947e-01 5.782920e-01 7.084265e-01 
       4.535900e-01 5.851908e-01 7.131862e-01 
       4.626086e-01 5.920898e-01 7.179591e-01 
       4.716608e-01 5.989915e-01 7.227294e-01 
       4.807047e-01 6.058987e-01 7.275133e-01 
       4.897746e-01 6.128229e-01 7.323059e-01 
       4.988680e-01 6.197635e-01 7.370953e-01 
       5.079734e-01 6.266968e-01 7.418929e-01 
       5.170881e-01 6.336492e-01 7.466988e-01 
       5.262184e-01 6.406027e-01 7.515145e-01 
       5.353551e-01 6.475659e-01 7.563263e-01 
       5.445192e-01 6.545366e-01 7.611488e-01 
       5.536892e-01 6.615242e-01 7.659791e-01 
       5.628861e-01 6.685140e-01 7.708140e-01 
       5.720837e-01 6.755090e-01 7.756509e-01 
       5.812962e-01 6.825141e-01 7.804978e-01 
       5.905249e-01 6.895356e-01 7.853533e-01 
       5.997739e-01 6.965571e-01 7.902091e-01 
       6.090357e-01 7.035892e-01 7.950738e-01 
       6.183021e-01 7.106315e-01 7.999485e-01 
       6.275850e-01 7.176837e-01 8.048217e-01 
       6.368865e-01 7.247409e-01 8.097045e-01 
       6.461923e-01 7.318068e-01 8.145902e-01 
       6.555188e-01 7.388855e-01 8.194824e-01 
       6.648520e-01 7.459650e-01 8.243833e-01 
       6.742057e-01 7.530549e-01 8.292934e-01 
       6.835685e-01 7.601596e-01 8.342018e-01 
       6.929505e-01 7.672667e-01 8.391111e-01 
       7.023320e-01 7.743829e-01 8.440247e-01 
       7.117361e-01 7.815121e-01 8.489437e-01 
       7.211412e-01 7.886419e-01 8.538543e-01 
       7.305662e-01 7.957729e-01 8.587674e-01 
       7.400002e-01 8.029113e-01 8.636764e-01 
       7.494282e-01 8.100512e-01 8.685681e-01 
       7.588753e-01 8.171913e-01 8.734334e-01 
       7.683157e-01 8.243240e-01 8.782772e-01 
       7.777645e-01 8.314548e-01 8.830789e-01 
       7.871995e-01 8.385588e-01 8.878286e-01 
       7.966158e-01 8.456449e-01 8.925119e-01 
       8.060167e-01 8.527034e-01 8.971002e-01 
       8.153806e-01 8.597107e-01 9.015647e-01 
       8.246920e-01 8.666558e-01 9.058853e-01 
       8.339422e-01 8.735243e-01 9.100141e-01 
       8.430887e-01 8.802869e-01 9.139102e-01 
       8.521172e-01 8.869195e-01 9.175218e-01 
       8.609739e-01 8.933774e-01 9.207814e-01 
       8.696237e-01 8.996316e-01 9.236465e-01 
       8.780087e-01 9.056224e-01 9.260251e-01 
       8.860606e-01 9.112942e-01 9.278503e-01 
       8.937019e-01 9.165941e-01 9.290540e-01 
       9.008630e-01 9.214541e-01 9.295621e-01 
       9.074596e-01 9.258119e-01 9.293097e-01 
       9.134043e-01 9.296017e-01 9.282475e-01 
       9.186232e-01 9.327718e-01 9.263452e-01 
       9.230667e-01 9.352830e-01 9.235861e-01 
       9.266729e-01 9.371032e-01 9.199713e-01 
       9.294288e-01 9.382151e-01 9.155369e-01 
       9.313300e-01 9.386321e-01 9.103418e-01 
       9.323917e-01 9.383766e-01 9.044312e-01 
       9.326597e-01 9.374875e-01 8.978964e-01 
       9.321881e-01 9.360142e-01 8.908117e-01 
       9.310457e-01 9.340069e-01 8.832612e-01 
       9.292959e-01 9.315403e-01 8.753210e-01 
       9.270221e-01 9.286646e-01 8.670575e-01 
       9.242973e-01 9.254460e-01 8.585408e-01 
       9.211856e-01 9.219353e-01 8.498235e-01 
       9.177593e-01 9.181775e-01 8.409428e-01 
       9.140622e-01 9.142239e-01 8.319429e-01 
       9.101499e-01 9.101071e-01 8.228450e-01 
       9.060632e-01 9.058604e-01 8.136772e-01 
       9.018367e-01 9.015081e-01 8.044663e-01 
       8.975066e-01 8.970821e-01 7.952119e-01 
       8.930856e-01 8.925882e-01 7.859385e-01 
       8.886054e-01 8.880451e-01 7.766449e-01 
       8.840720e-01 8.834692e-01 7.673345e-01 
       8.794948e-01 8.788597e-01 7.580285e-01 
       8.748926e-01 8.742304e-01 7.487122e-01 
       8.702609e-01 8.695815e-01 7.394047e-01 
       8.656137e-01 8.649145e-01 7.300862e-01 
       8.609428e-01 8.602355e-01 7.207656e-01 
       8.562522e-01 8.555339e-01 7.114562e-01 
       8.515341e-01 8.508045e-01 7.021311e-01 
       8.467900e-01 8.460550e-01 6.928178e-01 
       8.420173e-01 8.412760e-01 6.834821e-01 
       8.371973e-01 8.364523e-01 6.741423e-01 
       8.323244e-01 8.315833e-01 6.647849e-01 
       8.273890e-01 8.266470e-01 6.554160e-01 
       8.223827e-01 8.216401e-01 6.460198e-01 
       8.172803e-01 8.165461e-01 6.366058e-01 
       8.120779e-01 8.113485e-01 6.271485e-01 
       8.067579e-01 8.060327e-01 6.176629e-01 
       8.012932e-01 8.005847e-01 6.081518e-01 
       7.956795e-01 7.949851e-01 5.985909e-01 
       7.898998e-01 7.892245e-01 5.890021e-01 
       7.839409e-01 7.832786e-01 5.794014e-01 
