function buda = buda()
buda = [ ... 
       7.001510e-01 2.744521e-03 7.006124e-01 
       7.001914e-01 1.083259e-02 6.971862e-01 
       7.002259e-01 1.919646e-02 6.937841e-01 
       7.002550e-01 2.749717e-02 6.904103e-01 
       7.002793e-01 3.612902e-02 6.870670e-01 
       7.002992e-01 4.453459e-02 6.837499e-01 
       7.003153e-01 5.220087e-02 6.804668e-01 
       7.003284e-01 5.947907e-02 6.772339e-01 
       7.003389e-01 6.613769e-02 6.740236e-01 
       7.003475e-01 7.250045e-02 6.708646e-01 
       7.003549e-01 7.855694e-02 6.677465e-01 
       7.003619e-01 8.448918e-02 6.646650e-01 
       7.003692e-01 9.011814e-02 6.616467e-01 
       7.003778e-01 9.560158e-02 6.586620e-01 
       7.003886e-01 1.009189e-01 6.557399e-01 
       7.004028e-01 1.061796e-01 6.528543e-01 
       7.004216e-01 1.112724e-01 6.500347e-01 
       7.004465e-01 1.162811e-01 6.472599e-01 
       7.004791e-01 1.211412e-01 6.445318e-01 
       7.005212e-01 1.260292e-01 6.418641e-01 
       7.005750e-01 1.307944e-01 6.392464e-01 
       7.006425e-01 1.354550e-01 6.366837e-01 
       7.007263e-01 1.400786e-01 6.341688e-01 
       7.008290e-01 1.446850e-01 6.317006e-01 
       7.009533e-01 1.491926e-01 6.292845e-01 
       7.011021e-01 1.536406e-01 6.269233e-01 
       7.012787e-01 1.580843e-01 6.246145e-01 
       7.014864e-01 1.624661e-01 6.223486e-01 
       7.017292e-01 1.668010e-01 6.201466e-01 
       7.020116e-01 1.710759e-01 6.179785e-01 
       7.023371e-01 1.753355e-01 6.158667e-01 
       7.027073e-01 1.795548e-01 6.137997e-01 
       7.031218e-01 1.837408e-01 6.117905e-01 
       7.035823e-01 1.879361e-01 6.098233e-01 
       7.040934e-01 1.920334e-01 6.079113e-01 
       7.046578e-01 1.961544e-01 6.060287e-01 
       7.052749e-01 2.002004e-01 6.042130e-01 
       7.059465e-01 2.042976e-01 6.024244e-01 
       7.066708e-01 2.083104e-01 6.006851e-01 
       7.074392e-01 2.123317e-01 5.989918e-01 
       7.082650e-01 2.163334e-01 5.973367e-01 
       7.091397e-01 2.203018e-01 5.957144e-01 
       7.100533e-01 2.242193e-01 5.941342e-01 
       7.110147e-01 2.281859e-01 5.925948e-01 
       7.120108e-01 2.320992e-01 5.910729e-01 
       7.130438e-01 2.359973e-01 5.895853e-01 
       7.141126e-01 2.398639e-01 5.881306e-01 
       7.152138e-01 2.437174e-01 5.867064e-01 
       7.163392e-01 2.475862e-01 5.853092e-01 
       7.174854e-01 2.514214e-01 5.839200e-01 
       7.186418e-01 2.552330e-01 5.825569e-01 
       7.198250e-01 2.590279e-01 5.812159e-01 
       7.210116e-01 2.627977e-01 5.798971e-01 
       7.222123e-01 2.665574e-01 5.785796e-01 
       7.234226e-01 2.703151e-01 5.772842e-01 
       7.246414e-01 2.740337e-01 5.760093e-01 
       7.258602e-01 2.777468e-01 5.747229e-01 
       7.270752e-01 2.814332e-01 5.734684e-01 
       7.282942e-01 2.851067e-01 5.722161e-01 
       7.295156e-01 2.887860e-01 5.709665e-01 
       7.307307e-01 2.924282e-01 5.697292e-01 
       7.319483e-01 2.960626e-01 5.685024e-01 
       7.331590e-01 2.996886e-01 5.672873e-01 
       7.343676e-01 3.032800e-01 5.660670e-01 
       7.355685e-01 3.068827e-01 5.648534e-01 
       7.367694e-01 3.104707e-01 5.636609e-01 
       7.379630e-01 3.140243e-01 5.624635e-01 
       7.391642e-01 3.175736e-01 5.612605e-01 
       7.403474e-01 3.211149e-01 5.600773e-01 
       7.415268e-01 3.246319e-01 5.588847e-01 
       7.427136e-01 3.281534e-01 5.577109e-01 
       7.438863e-01 3.316536e-01 5.565324e-01 
       7.450563e-01 3.351663e-01 5.553574e-01 
       7.462247e-01 3.386330e-01 5.541958e-01 
       7.473930e-01 3.421106e-01 5.530264e-01 
       7.485515e-01 3.455647e-01 5.518742e-01 
       7.497041e-01 3.490243e-01 5.507136e-01 
       7.508676e-01 3.524651e-01 5.495611e-01 
       7.520153e-01 3.559083e-01 5.484156e-01 
       7.531583e-01 3.593245e-01 5.472600e-01 
       7.543106e-01 3.627429e-01 5.461237e-01 
       7.554513e-01 3.661619e-01 5.449766e-01 
       7.565888e-01 3.695559e-01 5.438371e-01 
       7.577264e-01 3.729490e-01 5.427051e-01 
       7.588602e-01 3.763501e-01 5.415610e-01 
       7.599899e-01 3.797223e-01 5.404368e-01 
       7.611216e-01 3.831034e-01 5.393052e-01 
       7.622459e-01 3.864588e-01 5.381888e-01 
       7.633715e-01 3.898233e-01 5.370649e-01 
       7.644969e-01 3.931832e-01 5.359326e-01 
       7.656208e-01 3.965332e-01 5.348163e-01 
       7.667347e-01 3.998776e-01 5.336915e-01 
       7.678499e-01 4.032283e-01 5.325864e-01 
       7.689651e-01 4.065629e-01 5.314683e-01 
       7.700804e-01 4.098983e-01 5.303567e-01 
       7.711966e-01 4.132249e-01 5.292518e-01 
       7.723023e-01 4.165447e-01 5.281361e-01 
       7.734081e-01 4.198644e-01 5.270356e-01 
       7.745139e-01 4.231709e-01 5.259276e-01 
       7.756198e-01 4.264868e-01 5.248223e-01 
       7.767269e-01 4.298000e-01 5.237229e-01 
       7.778259e-01 4.331049e-01 5.226213e-01 
       7.789207e-01 4.364127e-01 5.215212e-01 
       7.800157e-01 4.397130e-01 5.204268e-01 
       7.811101e-01 4.430155e-01 5.193421e-01 
       7.822016e-01 4.463084e-01 5.182558e-01 
       7.832853e-01 4.496113e-01 5.171715e-01 
       7.843733e-01 4.529112e-01 5.160766e-01 
       7.854495e-01 4.562021e-01 5.150067e-01 
       7.865264e-01 4.595047e-01 5.139394e-01 
       7.875904e-01 4.627918e-01 5.128647e-01 
       7.886570e-01 4.660959e-01 5.118000e-01 
       7.897132e-01 4.694110e-01 5.107438e-01 
       7.907625e-01 4.727034e-01 5.096965e-01 
       7.918068e-01 4.760153e-01 5.086612e-01 
       7.928454e-01 4.793251e-01 5.076223e-01 
       7.938766e-01 4.826355e-01 5.065889e-01 
       7.948916e-01 4.859490e-01 5.055651e-01 
       7.959001e-01 4.892683e-01 5.045719e-01 
       7.969008e-01 4.925936e-01 5.035605e-01 
       7.978935e-01 4.959242e-01 5.025711e-01 
       7.988786e-01 4.992605e-01 5.015986e-01 
       7.998531e-01 5.026013e-01 5.006220e-01 
       8.008114e-01 5.059417e-01 4.996541e-01 
       8.017627e-01 5.093009e-01 4.987149e-01 
       8.027055e-01 5.126519e-01 4.977777e-01 
       8.036412e-01 5.160048e-01 4.968315e-01 
       8.045684e-01 5.193780e-01 4.959066e-01 
       8.054808e-01 5.227449e-01 4.950002e-01 
       8.063953e-01 5.261196e-01 4.940915e-01 
       8.072961e-01 5.294961e-01 4.931826e-01 
       8.081902e-01 5.328729e-01 4.922936e-01 
       8.090814e-01 5.362542e-01 4.914188e-01 
       8.099605e-01 5.396328e-01 4.905323e-01 
       8.108389e-01 5.430294e-01 4.896434e-01 
       8.117156e-01 5.464230e-01 4.887765e-01 
       8.125827e-01 5.498106e-01 4.879156e-01 
       8.134494e-01 5.531989e-01 4.870457e-01 
       8.143142e-01 5.566007e-01 4.861776e-01 
       8.151779e-01 5.600032e-01 4.853150e-01 
       8.160416e-01 5.634054e-01 4.844560e-01 
       8.168981e-01 5.668060e-01 4.836000e-01 
       8.177524e-01 5.702004e-01 4.827483e-01 
       8.186079e-01 5.736105e-01 4.818978e-01 
       8.194636e-01 5.770192e-01 4.810347e-01 
       8.203200e-01 5.804259e-01 4.801893e-01 
       8.211774e-01 5.838315e-01 4.793366e-01 
       8.220360e-01 5.872411e-01 4.784791e-01 
       8.228885e-01 5.906542e-01 4.776260e-01 
       8.237413e-01 5.940711e-01 4.767737e-01 
       8.245961e-01 5.974891e-01 4.759241e-01 
       8.254518e-01 6.009030e-01 4.750752e-01 
       8.263101e-01 6.043297e-01 4.742135e-01 
       8.271672e-01 6.077515e-01 4.733503e-01 
       8.280204e-01 6.111731e-01 4.725045e-01 
       8.288831e-01 6.145904e-01 4.716548e-01 
       8.297402e-01 6.180222e-01 4.707957e-01 
       8.305975e-01 6.214505e-01 4.699429e-01 
       8.314588e-01 6.248861e-01 4.690866e-01 
       8.323154e-01 6.283250e-01 4.682185e-01 
       8.331739e-01 6.317594e-01 4.673682e-01 
       8.340384e-01 6.351968e-01 4.665065e-01 
       8.348970e-01 6.386410e-01 4.656385e-01 
       8.357585e-01 6.420877e-01 4.647905e-01 
       8.366217e-01 6.455316e-01 4.639309e-01 
       8.374878e-01 6.489897e-01 4.630554e-01 
       8.383483e-01 6.524393e-01 4.622008e-01 
       8.392144e-01 6.559024e-01 4.613417e-01 
       8.400831e-01 6.593573e-01 4.604689e-01 
