function bukavu = bukavu()
bukavu = [ ... 
       1.002122e-01 2.000306e-01 2.000599e-01 
       1.011910e-01 2.032722e-01 2.075923e-01 
       1.021426e-01 2.065387e-01 2.151416e-01 
       1.030923e-01 2.097827e-01 2.227960e-01 
       1.039850e-01 2.130766e-01 2.304869e-01 
       1.048497e-01 2.164539e-01 2.382907e-01 
       1.058135e-01 2.198316e-01 2.461918e-01 
       1.067602e-01 2.232691e-01 2.542240e-01 
       1.076441e-01 2.267574e-01 2.623531e-01 
       1.085685e-01 2.302796e-01 2.706336e-01 
       1.095979e-01 2.338908e-01 2.790342e-01 
       1.105550e-01 2.375843e-01 2.875647e-01 
       1.115469e-01 2.413009e-01 2.962770e-01 
       1.125682e-01 2.450833e-01 3.051463e-01 
       1.136002e-01 2.489789e-01 3.141761e-01 
       1.145992e-01 2.529294e-01 3.234005e-01 
       1.157343e-01 2.569694e-01 3.328358e-01 
       1.168317e-01 2.611015e-01 3.424790e-01 
       1.179920e-01 2.653411e-01 3.523661e-01 
       1.191584e-01 2.697179e-01 3.625418e-01 
       1.203459e-01 2.742018e-01 3.730192e-01 
       1.215859e-01 2.788500e-01 3.838446e-01 
       1.228818e-01 2.836386e-01 3.950297e-01 
       1.242363e-01 2.886065e-01 4.066094e-01 
       1.256610e-01 2.937412e-01 4.185859e-01 
       1.270515e-01 2.990834e-01 4.309830e-01 
       1.285529e-01 3.045878e-01 4.437557e-01 
       1.301184e-01 3.103015e-01 4.568635e-01 
       1.316603e-01 3.161854e-01 4.702530e-01 
       1.332775e-01 3.222513e-01 4.837891e-01 
       1.349700e-01 3.285052e-01 4.973734e-01 
       1.366820e-01 3.349566e-01 5.108152e-01 
       1.385340e-01 3.415642e-01 5.239874e-01 
       1.404591e-01 3.483571e-01 5.367451e-01 
       1.424900e-01 3.553214e-01 5.489804e-01 
       1.446397e-01 3.624026e-01 5.606544e-01 
       1.468485e-01 3.696042e-01 5.717900e-01 
       1.491802e-01 3.769013e-01 5.824347e-01 
       1.515386e-01 3.842312e-01 5.926895e-01 
       1.539471e-01 3.916009e-01 6.026155e-01 
       1.564133e-01 3.989563e-01 6.123184e-01 
       1.588397e-01 4.063157e-01 6.218602e-01 
       1.612837e-01 4.136365e-01 6.312978e-01 
       1.637122e-01 4.209206e-01 6.406400e-01 
       1.660935e-01 4.281846e-01 6.499206e-01 
       1.685074e-01 4.354094e-01 6.591399e-01 
       1.708986e-01 4.425923e-01 6.683255e-01 
       1.732773e-01 4.497408e-01 6.774664e-01 
       1.756436e-01 4.568634e-01 6.865645e-01 
       1.780651e-01 4.639791e-01 6.956324e-01 
       1.804215e-01 4.710727e-01 7.046483e-01 
       1.828588e-01 4.781610e-01 7.136001e-01 
       1.854253e-01 4.852573e-01 7.224349e-01 
       1.881040e-01 4.923745e-01 7.310877e-01 
       1.909874e-01 4.995064e-01 7.394478e-01 
       1.942846e-01 5.066692e-01 7.473466e-01 
       1.979822e-01 5.138578e-01 7.546348e-01 
       2.022744e-01 5.210482e-01 7.611377e-01 
       2.072247e-01 5.282514e-01 7.667358e-01 
       2.127804e-01 5.354440e-01 7.713690e-01 
       2.189637e-01 5.426344e-01 7.750329e-01 
       2.256395e-01 5.497876e-01 7.778362e-01 
       2.326836e-01 5.569131e-01 7.799014e-01 
       2.399964e-01 5.639956e-01 7.814090e-01 
       2.474836e-01 5.710253e-01 7.825097e-01 
       2.550426e-01 5.780155e-01 7.833465e-01 
       2.625986e-01 5.849696e-01 7.840264e-01 
       2.701666e-01 5.918674e-01 7.846091e-01 
       2.776846e-01 5.987101e-01 7.851418e-01 
       2.851533e-01 6.055076e-01 7.856507e-01 
       2.926002e-01 6.122629e-01 7.861519e-01 
       2.999987e-01 6.189828e-01 7.866497e-01 
       3.073448e-01 6.256416e-01 7.871414e-01 
       3.146556e-01 6.322709e-01 7.876284e-01 
       3.219367e-01 6.388602e-01 7.881161e-01 
       3.291904e-01 6.454134e-01 7.886047e-01 
       3.363818e-01 6.519457e-01 7.890893e-01 
       3.435669e-01 6.584392e-01 7.895687e-01 
       3.507320e-01 6.649079e-01 7.900461e-01 
       3.578604e-01 6.713579e-01 7.905229e-01 
       3.649546e-01 6.777883e-01 7.909986e-01 
       3.720361e-01 6.841825e-01 7.914727e-01 
       3.791056e-01 6.905670e-01 7.919455e-01 
       3.861416e-01 6.969331e-01 7.924171e-01 
       3.931692e-01 7.032791e-01 7.928881e-01 
       4.001756e-01 7.096035e-01 7.933584e-01 
       4.071555e-01 7.159110e-01 7.938260e-01 
       4.141186e-01 7.221883e-01 7.942899e-01 
       4.210572e-01 7.284598e-01 7.947519e-01 
       4.279948e-01 7.347173e-01 7.952139e-01 
       4.349206e-01 7.409504e-01 7.956795e-01 
       4.418606e-01 7.471885e-01 7.961547e-01 
       4.488441e-01 7.534157e-01 7.966506e-01 
       4.559216e-01 7.596568e-01 7.971867e-01 
       4.631801e-01 7.659320e-01 7.977934e-01 
       4.707551e-01 7.722476e-01 7.985148e-01 
       4.787558e-01 7.786410e-01 7.994084e-01 
       4.873696e-01 7.851408e-01 8.005287e-01 
       4.967235e-01 7.917653e-01 8.019458e-01 
       5.069676e-01 7.985427e-01 8.037134e-01 
       5.181433e-01 8.054730e-01 8.058513e-01 
       5.302177e-01 8.125567e-01 8.083633e-01 
       5.431107e-01 8.197680e-01 8.112111e-01 
       5.566661e-01 8.270860e-01 8.143398e-01 
       5.707147e-01 8.344671e-01 8.176892e-01 
       5.851070e-01 8.418827e-01 8.211922e-01 
       5.996786e-01 8.493068e-01 8.247853e-01 
       6.143268e-01 8.567152e-01 8.284321e-01 
       6.289980e-01 8.641057e-01 8.320983e-01 
       6.436232e-01 8.714538e-01 8.357584e-01 
       6.581948e-01 8.787610e-01 8.394110e-01 
       6.726846e-01 8.860306e-01 8.430408e-01 
       6.870798e-01 8.932474e-01 8.466475e-01 
       7.013893e-01 9.004242e-01 8.502369e-01 
       7.156200e-01 9.075570e-01 8.537972e-01 
       7.297531e-01 9.146390e-01 8.573404e-01 
       7.438011e-01 9.216795e-01 8.608605e-01 
       7.577646e-01 9.286714e-01 8.643609e-01 
       7.716464e-01 9.356281e-01 8.678371e-01 
       7.854447e-01 9.425425e-01 8.712908e-01 
       7.991659e-01 9.494099e-01 8.747242e-01 
       8.128047e-01 9.562460e-01 8.781418e-01 
       8.263796e-01 9.630414e-01 8.815401e-01 
       8.398857e-01 9.698023e-01 8.849193e-01 
       8.533174e-01 9.765334e-01 8.882837e-01 
       8.666972e-01 9.832379e-01 8.916329e-01 
       8.800205e-01 9.899203e-01 8.949718e-01 
       8.932943e-01 9.965757e-01 8.982925e-01 
       3.238115e-03 2.520452e-01 1.493542e-01 
       7.018554e-03 2.563068e-01 1.457634e-01 
       1.079874e-02 2.606873e-01 1.420579e-01 
       1.479370e-02 2.651595e-01 1.383037e-01 
       1.868300e-02 2.697812e-01 1.344564e-01 
       2.271189e-02 2.745069e-01 1.305289e-01 
       2.695029e-02 2.794163e-01 1.264782e-01 
       3.148172e-02 2.844493e-01 1.223486e-01 
       3.659933e-02 2.896775e-01 1.182555e-01 
       4.205442e-02 2.950593e-01 1.140067e-01 
       4.763486e-02 3.006231e-01 1.098219e-01 
       5.361855e-02 3.063789e-01 1.055136e-01 
       6.009897e-02 3.122562e-01 1.012693e-01 
       6.690577e-02 3.183348e-01 9.706481e-02 
       7.431013e-02 3.245374e-01 9.295645e-02 
       8.233697e-02 3.308752e-01 8.905683e-02 
       9.097195e-02 3.373354e-01 8.527248e-02 
       1.002615e-01 3.438494e-01 8.188505e-02 
       1.103172e-01 3.504383e-01 7.868312e-02 
       1.209436e-01 3.570221e-01 7.603404e-02 
       1.323145e-01 3.635612e-01 7.398615e-02 
       1.442519e-01 3.700409e-01 7.244247e-02 
       1.567324e-01 3.764201e-01 7.170342e-02 
       1.696914e-01 3.826159e-01 7.168861e-02 
       1.829971e-01 3.886313e-01 7.242515e-02 
       1.966743e-01 3.944008e-01 7.405507e-02 
       2.105072e-01 3.999117e-01 7.633241e-02 
       2.244648e-01 4.051439e-01 7.939535e-02 
       2.384940e-01 4.100805e-01 8.309601e-02 
       2.524885e-01 4.146911e-01 8.737785e-02 
       2.663619e-01 4.190034e-01 9.202472e-02 
       2.800611e-01 4.230053e-01 9.695851e-02 
       2.935505e-01 4.267328e-01 1.022449e-01 
       3.068069e-01 4.301799e-01 1.076758e-01 
       3.197772e-01 4.333676e-01 1.132623e-01 
       3.324567e-01 4.363378e-01 1.188425e-01 
       3.448136e-01 4.390833e-01 1.244094e-01 
       3.568849e-01 4.416629e-01 1.300474e-01 
       3.686421e-01 4.440687e-01 1.355299e-01 
       3.800997e-01 4.463218e-01 1.410339e-01 
       3.912838e-01 4.484637e-01 1.463822e-01 
