function cork = cork()
cork = [ ... 
       1.709046e-01 9.934712e-02 2.989482e-01 
       1.708273e-01 1.060572e-01 3.052844e-01 
       1.706594e-01 1.126270e-01 3.115869e-01 
       1.704085e-01 1.190767e-01 3.178929e-01 
       1.700847e-01 1.254548e-01 3.241561e-01 
       1.696981e-01 1.317517e-01 3.303996e-01 
       1.692468e-01 1.379937e-01 3.366024e-01 
       1.687198e-01 1.441359e-01 3.427890e-01 
       1.681440e-01 1.502463e-01 3.489249e-01 
       1.675665e-01 1.563203e-01 3.550520e-01 
       1.669561e-01 1.623368e-01 3.611230e-01 
       1.662854e-01 1.683077e-01 3.671941e-01 
       1.655905e-01 1.742935e-01 3.732447e-01 
       1.649149e-01 1.802306e-01 3.792796e-01 
       1.642506e-01 1.861930e-01 3.852939e-01 
       1.635428e-01 1.921108e-01 3.913164e-01 
       1.628218e-01 1.980371e-01 3.973072e-01 
       1.621171e-01 2.039934e-01 4.033102e-01 
       1.614164e-01 2.099044e-01 4.092980e-01 
       1.606837e-01 2.158595e-01 4.152858e-01 
       1.599812e-01 2.217875e-01 4.212706e-01 
       1.593426e-01 2.277647e-01 4.272773e-01 
       1.587376e-01 2.337198e-01 4.332625e-01 
       1.581442e-01 2.397304e-01 4.392626e-01 
       1.575869e-01 2.457384e-01 4.452724e-01 
       1.571229e-01 2.518078e-01 4.512896e-01 
       1.567600e-01 2.578627e-01 4.573050e-01 
       1.564970e-01 2.639957e-01 4.633269e-01 
       1.563557e-01 2.701425e-01 4.693756e-01 
       1.563684e-01 2.763304e-01 4.754096e-01 
       1.565633e-01 2.825616e-01 4.814366e-01 
       1.569630e-01 2.888281e-01 4.874783e-01 
       1.576277e-01 2.951392e-01 4.934947e-01 
       1.586190e-01 3.015060e-01 4.995044e-01 
       1.598603e-01 3.079240e-01 5.054959e-01 
       1.615589e-01 3.143904e-01 5.114667e-01 
       1.635838e-01 3.209071e-01 5.174062e-01 
       1.659870e-01 3.274357e-01 5.232892e-01 
       1.688873e-01 3.340228e-01 5.291233e-01 
       1.721709e-01 3.406176e-01 5.348842e-01 
       1.759066e-01 3.472412e-01 5.405802e-01 
       1.801119e-01 3.538520e-01 5.462016e-01 
       1.847417e-01 3.604757e-01 5.517257e-01 
       1.897521e-01 3.671033e-01 5.571624e-01 
       1.951518e-01 3.737113e-01 5.624972e-01 
       2.008723e-01 3.802899e-01 5.677235e-01 
       2.069650e-01 3.868277e-01 5.728571e-01 
       2.132683e-01 3.933407e-01 5.778721e-01 
       2.198618e-01 3.998009e-01 5.827976e-01 
       2.266384e-01 4.062295e-01 5.876204e-01 
       2.335570e-01 4.125965e-01 5.923595e-01 
       2.406417e-01 4.188940e-01 5.969921e-01 
       2.478646e-01 4.251519e-01 6.015362e-01 
       2.551443e-01 4.313481e-01 6.060017e-01 
       2.624729e-01 4.374872e-01 6.104016e-01 
       2.698705e-01 4.435661e-01 6.147246e-01 
       2.772859e-01 4.495979e-01 6.190037e-01 
       2.847158e-01 4.555824e-01 6.232147e-01 
       2.921875e-01 4.615299e-01 6.273803e-01 
       2.996705e-01 4.674434e-01 6.315159e-01 
       3.071588e-01 4.733199e-01 6.356189e-01 
       3.146725e-01 4.792029e-01 6.397100e-01 
       3.222312e-01 4.850629e-01 6.437813e-01 
       3.298184e-01 4.909512e-01 6.478575e-01 
       3.374357e-01 4.968224e-01 6.519461e-01 
       3.451071e-01 5.027310e-01 6.560435e-01 
       3.528393e-01 5.086822e-01 6.601532e-01 
       3.606159e-01 5.146554e-01 6.642916e-01 
       3.684914e-01 5.206678e-01 6.684627e-01 
       3.764229e-01 5.267410e-01 6.726627e-01 
       3.844107e-01 5.328497e-01 6.768941e-01 
       3.924862e-01 5.390121e-01 6.811517e-01 
       4.006496e-01 5.452280e-01 6.854624e-01 
       4.088609e-01 5.514980e-01 6.898016e-01 
       4.171666e-01 5.578179e-01 6.941708e-01 
       4.255348e-01 5.641991e-01 6.985874e-01 
       4.339732e-01 5.706225e-01 7.030450e-01 
       4.425100e-01 5.771136e-01 7.075303e-01 
       4.511012e-01 5.836494e-01 7.120583e-01 
       4.597686e-01 5.902418e-01 7.166275e-01 
       4.685105e-01 5.968976e-01 7.212218e-01 
       4.773269e-01 6.036003e-01 7.258678e-01 
       4.862138e-01 6.103518e-01 7.305419e-01 
       4.951798e-01 6.171636e-01 7.352564e-01 
       5.042181e-01 6.240305e-01 7.400100e-01 
       5.133170e-01 6.309471e-01 7.447922e-01 
       5.224891e-01 6.379127e-01 7.496128e-01 
       5.317399e-01 6.449314e-01 7.544825e-01 
       5.410537e-01 6.520132e-01 7.593722e-01 
       5.504458e-01 6.591351e-01 7.643087e-01 
       5.599062e-01 6.663143e-01 7.692754e-01 
       5.694249e-01 6.735490e-01 7.742800e-01 
       5.790270e-01 6.808250e-01 7.793225e-01 
       5.886820e-01 6.881646e-01 7.844032e-01 
       5.984150e-01 6.955474e-01 7.895101e-01 
       6.082213e-01 7.029803e-01 7.946532e-01 
       6.180775e-01 7.104602e-01 7.998335e-01 
       6.280077e-01 7.179890e-01 8.050386e-01 
       6.379948e-01 7.255685e-01 8.102795e-01 
       6.480427e-01 7.331881e-01 8.155577e-01 
       6.581613e-01 7.408512e-01 8.208597e-01 
       6.683337e-01 7.485668e-01 8.261950e-01 
       6.785577e-01 7.563214e-01 8.315609e-01 
       6.888464e-01 7.641165e-01 8.369459e-01 
       6.991742e-01 7.719544e-01 8.423587e-01 
       7.095657e-01 7.798258e-01 8.477851e-01 
       7.199952e-01 7.877346e-01 8.532336e-01 
       7.304681e-01 7.956757e-01 8.586942e-01 
       7.409715e-01 8.036475e-01 8.641645e-01 
       7.515179e-01 8.116439e-01 8.696213e-01 
       7.620676e-01 8.196527e-01 8.750698e-01 
       7.726337e-01 8.276793e-01 8.804869e-01 
       7.831922e-01 8.357079e-01 8.858619e-01 
       7.937282e-01 8.437199e-01 8.911613e-01 
       8.042008e-01 8.517084e-01 8.963660e-01 
       8.145828e-01 8.596454e-01 9.014309e-01 
       8.248330e-01 8.674964e-01 9.063192e-01 
       8.348923e-01 8.752280e-01 9.109699e-01 
       8.446814e-01 8.827836e-01 9.153180e-01 
       8.541085e-01 8.901092e-01 9.192970e-01 
       8.630799e-01 8.971269e-01 9.228221e-01 
       8.714580e-01 9.037401e-01 9.257973e-01 
       8.791161e-01 9.098668e-01 9.281328e-01 
       8.859283e-01 9.153956e-01 9.297495e-01 
       8.917526e-01 9.202445e-01 9.305624e-01 
       8.964810e-01 9.243198e-01 9.305039e-01 
       9.000179e-01 9.275496e-01 9.295277e-01 
       9.023028e-01 9.298919e-01 9.276155e-01 
       9.033098e-01 9.313137e-01 9.247695e-01 
       9.030417e-01 9.318161e-01 9.210153e-01 
       9.015363e-01 9.314276e-01 9.164058e-01 
       8.988699e-01 9.301910e-01 9.110086e-01 
       8.951332e-01 9.281631e-01 9.049072e-01 
       8.904283e-01 9.254316e-01 8.981891e-01 
       8.848822e-01 9.220728e-01 8.909550e-01 
       8.786063e-01 9.181668e-01 8.832875e-01 
       8.717203e-01 9.138032e-01 8.752649e-01 
       8.643195e-01 9.090471e-01 8.669515e-01 
       8.564948e-01 9.039770e-01 8.584102e-01 
       8.483300e-01 8.986463e-01 8.496863e-01 
       8.398925e-01 8.931039e-01 8.408067e-01 
       8.312241e-01 8.873894e-01 8.318073e-01 
       8.223732e-01 8.815408e-01 8.227004e-01 
       8.133691e-01 8.755766e-01 8.135057e-01 
       8.042534e-01 8.695196e-01 8.042457e-01 
       7.950308e-01 8.633940e-01 7.949149e-01 
       7.857300e-01 8.571979e-01 7.855315e-01 
       7.763559e-01 8.509539e-01 7.760936e-01 
       7.669199e-01 8.446741e-01 7.666111e-01 
       7.574392e-01 8.383514e-01 7.570904e-01 
       7.479168e-01 8.320033e-01 7.475361e-01 
       7.383486e-01 8.256201e-01 7.379389e-01 
       7.287537e-01 8.192177e-01 7.283212e-01 
       7.191339e-01 8.127992e-01 7.186763e-01 
       7.094912e-01 8.063683e-01 7.090167e-01 
       6.998221e-01 7.999203e-01 6.993239e-01 
       6.901450e-01 7.934610e-01 6.896309e-01 
       6.804504e-01 7.869922e-01 6.799121e-01 
       6.707623e-01 7.805132e-01 6.702035e-01 
       6.610543e-01 7.740334e-01 6.604721e-01 
       6.513568e-01 7.675549e-01 6.507508e-01 
       6.416524e-01 7.610810e-01 6.410246e-01 
       6.319632e-01 7.546111e-01 6.313149e-01 
       6.222756e-01 7.481417e-01 6.216015e-01 
       6.126065e-01 7.416766e-01 6.119108e-01 
       6.029589e-01 7.352315e-01 6.022338e-01 
       5.933296e-01 7.287918e-01 5.925848e-01 
       5.837172e-01 7.223674e-01 5.829403e-01 
       5.741348e-01 7.159718e-01 5.733391e-01 
