function corko = corko()
corko = [ ... 
       2.465137e-01 2.435180e-01 2.292002e-01 
       2.460744e-01 2.424330e-01 2.323232e-01 
       2.456425e-01 2.414469e-01 2.355419e-01 
       2.452195e-01 2.405243e-01 2.388314e-01 
       2.448070e-01 2.397444e-01 2.422514e-01 
       2.444065e-01 2.390522e-01 2.457638e-01 
       2.440196e-01 2.384668e-01 2.494031e-01 
       2.436475e-01 2.380193e-01 2.531617e-01 
       2.432917e-01 2.376934e-01 2.570299e-01 
       2.429545e-01 2.374877e-01 2.610172e-01 
       2.426393e-01 2.374112e-01 2.651296e-01 
       2.423491e-01 2.374723e-01 2.694031e-01 
       2.420856e-01 2.376747e-01 2.737883e-01 
       2.418492e-01 2.380199e-01 2.783144e-01 
       2.416417e-01 2.385224e-01 2.829948e-01 
       2.414662e-01 2.392140e-01 2.878005e-01 
       2.413269e-01 2.400534e-01 2.927790e-01 
       2.412290e-01 2.410857e-01 2.979075e-01 
       2.411775e-01 2.422935e-01 3.031924e-01 
       2.411767e-01 2.436786e-01 3.086578e-01 
       2.412312e-01 2.452670e-01 3.142532e-01 
       2.413451e-01 2.470676e-01 3.200331e-01 
       2.415217e-01 2.490631e-01 3.259415e-01 
       2.417633e-01 2.512682e-01 3.320453e-01 
       2.420736e-01 2.536681e-01 3.382796e-01 
       2.424600e-01 2.562744e-01 3.446858e-01 
       2.429341e-01 2.591344e-01 3.512446e-01 
       2.435019e-01 2.621751e-01 3.579479e-01 
       2.441670e-01 2.654446e-01 3.647777e-01 
       2.449377e-01 2.689479e-01 3.717494e-01 
       2.458229e-01 2.726306e-01 3.788584e-01 
       2.468290e-01 2.765653e-01 3.860729e-01 
       2.479704e-01 2.806685e-01 3.934091e-01 
       2.492092e-01 2.850089e-01 4.008557e-01 
       2.505933e-01 2.895609e-01 4.083618e-01 
       2.521433e-01 2.942813e-01 4.159587e-01 
       2.538294e-01 2.992213e-01 4.236172e-01 
       2.556680e-01 3.043153e-01 4.313467e-01 
       2.576715e-01 3.096114e-01 4.390924e-01 
       2.598617e-01 3.150410e-01 4.468859e-01 
       2.622070e-01 3.206618e-01 4.546980e-01 
       2.647285e-01 3.263922e-01 4.624944e-01 
       2.674290e-01 3.323030e-01 4.703067e-01 
       2.703567e-01 3.383051e-01 4.780853e-01 
       2.734345e-01 3.444437e-01 4.858379e-01 
       2.767039e-01 3.507075e-01 4.935545e-01 
       2.801497e-01 3.570536e-01 5.012283e-01 
       2.838001e-01 3.634756e-01 5.088380e-01 
       2.876287e-01 3.699917e-01 5.163699e-01 
       2.916666e-01 3.765943e-01 5.238448e-01 
       2.958574e-01 3.832430e-01 5.312329e-01 
       3.002402e-01 3.899360e-01 5.385430e-01 
       3.048041e-01 3.966897e-01 5.457535e-01 
       3.095462e-01 4.034944e-01 5.528653e-01 
       3.144245e-01 4.103242e-01 5.598915e-01 
       3.194914e-01 4.171740e-01 5.668122e-01 
       3.246942e-01 4.240365e-01 5.736257e-01 
       3.300717e-01 4.309323e-01 5.803413e-01 
       3.355806e-01 4.378355e-01 5.869455e-01 
       3.412208e-01 4.447393e-01 5.934538e-01 
       3.470025e-01 4.516432e-01 5.998532e-01 
       3.529001e-01 4.585446e-01 6.061420e-01 
       3.589082e-01 4.654383e-01 6.123348e-01 
       3.650459e-01 4.723431e-01 6.184311e-01 
       3.712807e-01 4.792259e-01 6.244182e-01 
       3.776280e-01 4.860928e-01 6.303076e-01 
       3.840614e-01 4.929471e-01 6.360976e-01 
       3.905842e-01 4.997898e-01 6.417870e-01 
       3.971839e-01 5.066202e-01 6.473879e-01 
       4.038743e-01 5.134338e-01 6.528876e-01 
       4.106325e-01 5.202143e-01 6.583072e-01 
       4.174486e-01 5.269948e-01 6.636349e-01 
       4.243203e-01 5.337298e-01 6.688655e-01 
       4.312615e-01 5.404625e-01 6.740088e-01 
       4.382411e-01 5.471644e-01 6.790652e-01 
       4.452642e-01 5.538431e-01 6.840351e-01 
       4.523402e-01 5.605010e-01 6.889306e-01 
       4.594344e-01 5.671355e-01 6.937227e-01 
       4.665600e-01 5.737355e-01 6.984362e-01 
       4.737034e-01 5.803172e-01 7.030694e-01 
       4.808716e-01 5.868636e-01 7.076053e-01 
       4.880641e-01 5.933903e-01 7.120586e-01 
       4.952457e-01 5.998827e-01 7.164256e-01 
       5.024298e-01 6.063406e-01 7.206902e-01 
       5.096130e-01 6.127683e-01 7.248735e-01 
       5.167850e-01 6.191750e-01 7.289506e-01 
       5.239370e-01 6.255266e-01 7.329369e-01 
       5.310649e-01 6.318500e-01 7.368147e-01 
       5.381686e-01 6.381301e-01 7.405887e-01 
       5.452218e-01 6.443643e-01 7.442545e-01 
       5.522378e-01 6.505609e-01 7.478092e-01 
       5.591908e-01 6.567077e-01 7.512424e-01 
       5.660890e-01 6.627987e-01 7.545479e-01 
       5.729220e-01 6.688313e-01 7.577212e-01 
       5.796701e-01 6.748029e-01 7.607625e-01 
       5.863249e-01 6.807076e-01 7.636572e-01 
       5.928895e-01 6.865522e-01 7.664073e-01 
       5.993394e-01 6.923228e-01 7.689968e-01 
       6.056631e-01 6.979977e-01 7.714319e-01 
       6.118693e-01 7.035983e-01 7.736830e-01 
       6.179290e-01 7.091056e-01 7.757633e-01 
       6.238427e-01 7.145004e-01 7.776589e-01 
       6.295758e-01 7.198020e-01 7.793510e-01 
       6.351404e-01 7.249845e-01 7.808448e-01 
       6.405154e-01 7.300413e-01 7.821300e-01 
       6.456801e-01 7.349682e-01 7.831894e-01 
       6.506370e-01 7.397584e-01 7.840315e-01 
       6.553596e-01 7.443909e-01 7.846331e-01 
       6.598451e-01 7.488719e-01 7.849929e-01 
       6.640748e-01 7.531868e-01 7.851057e-01 
       6.680407e-01 7.573325e-01 7.849652e-01 
       6.717204e-01 7.612913e-01 7.845663e-01 
       6.751181e-01 7.650627e-01 7.839016e-01 
       6.782179e-01 7.686237e-01 7.829629e-01 
       6.810003e-01 7.719881e-01 7.817633e-01 
       6.834766e-01 7.751296e-01 7.802808e-01 
       6.856259e-01 7.780555e-01 7.785283e-01 
       6.874382e-01 7.807471e-01 7.765019e-01 
       6.889199e-01 7.832059e-01 7.741925e-01 
       6.900506e-01 7.854285e-01 7.716212e-01 
       6.908367e-01 7.874030e-01 7.687672e-01 
       6.912827e-01 7.891338e-01 7.656591e-01 
       6.913818e-01 7.906083e-01 7.622756e-01 
       6.911329e-01 7.918356e-01 7.586452e-01 
       6.905435e-01 7.928122e-01 7.547620e-01 
       6.896209e-01 7.935373e-01 7.506308e-01 
       6.883560e-01 7.940076e-01 7.462606e-01 
       6.867607e-01 7.942273e-01 7.416644e-01 
       6.848463e-01 7.942007e-01 7.368523e-01 
       6.826188e-01 7.939309e-01 7.318290e-01 
       6.800842e-01 7.934195e-01 7.266011e-01 
       6.772689e-01 7.926693e-01 7.211797e-01 
       6.741529e-01 7.916900e-01 7.155872e-01 
       6.707746e-01 7.904868e-01 7.098109e-01 
       6.671247e-01 7.890686e-01 7.038719e-01 
       6.632362e-01 7.874304e-01 6.977783e-01 
       6.590953e-01 7.855895e-01 6.915440e-01 
       6.547351e-01 7.835461e-01 6.851742e-01 
       6.501678e-01 7.813097e-01 6.786706e-01 
       6.453884e-01 7.788842e-01 6.720521e-01 
       6.404295e-01 7.762821e-01 6.653172e-01 
       6.352827e-01 7.735002e-01 6.584786e-01 
       6.299753e-01 7.705586e-01 6.515460e-01 
       6.245124e-01 7.674479e-01 6.445096e-01 
       6.189084e-01 7.641876e-01 6.373985e-01 
       6.131533e-01 7.607775e-01 6.302023e-01 
       6.072979e-01 7.572189e-01 6.229277e-01 
       6.013095e-01 7.535212e-01 6.155776e-01 
       5.952259e-01 7.496874e-01 6.081725e-01 
       5.890416e-01 7.457298e-01 6.006877e-01 
       5.827786e-01 7.416412e-01 5.931549e-01 
       5.764475e-01 7.374336e-01 5.855617e-01 
       5.700216e-01 7.331081e-01 5.778996e-01 
       5.635577e-01 7.286612e-01 5.701982e-01 
       5.570292e-01 7.241056e-01 5.624581e-01 
       5.504478e-01 7.194429e-01 5.546522e-01 
       5.438309e-01 7.146634e-01 5.468088e-01 
       5.371882e-01 7.097897e-01 5.389201e-01 
       5.305060e-01 7.048048e-01 5.309878e-01 
       5.238100e-01 6.997187e-01 5.230219e-01 
       5.171033e-01 6.945324e-01 5.150119e-01 
       5.103773e-01 6.892600e-01 5.069691e-01 
       5.036567e-01 6.838721e-01 4.988981e-01 
       4.969400e-01 6.784009e-01 4.908016e-01 
       4.902373e-01 6.728360e-01 4.826599e-01 
       4.835409e-01 6.671691e-01 4.745076e-01 
       4.768765e-01 6.614182e-01 4.663234e-01 
       4.702403e-01 6.555744e-01 4.581258e-01 
       4.636259e-01 6.496452e-01 4.499184e-01 
