function davos = davos()
davos = [ ... 
       0 1.968457e-02 2.920117e-01 
       0 2.712303e-02 2.974773e-01 
       0 3.432420e-02 3.029515e-01 
       7.696172e-04 4.143696e-02 3.084739e-01 
       2.312903e-03 4.755891e-02 3.139987e-01 
       4.389362e-03 5.310170e-02 3.195414e-01 
       6.606679e-03 5.854075e-02 3.250768e-01 
       8.874633e-03 6.392782e-02 3.306320e-01 
       1.130380e-02 6.932695e-02 3.361842e-01 
       1.376116e-02 7.455107e-02 3.417447e-01 
       1.619033e-02 7.980610e-02 3.473025e-01 
       1.868002e-02 8.508086e-02 3.528446e-01 
       2.123283e-02 9.035236e-02 3.583801e-01 
       2.385176e-02 9.558816e-02 3.639148e-01 
       2.654001e-02 1.007927e-01 3.694453e-01 
       2.930092e-02 1.060565e-01 3.749618e-01 
       3.213675e-02 1.112707e-01 3.804728e-01 
       3.525928e-02 1.164846e-01 3.859518e-01 
       3.824994e-02 1.216461e-01 3.914407e-01 
       4.134725e-02 1.268726e-01 3.968848e-01 
       4.433811e-02 1.321178e-01 4.023219e-01 
       4.732671e-02 1.373411e-01 4.077443e-01 
       5.029081e-02 1.425446e-01 4.131430e-01 
       5.319773e-02 1.477670e-01 4.184959e-01 
       5.620353e-02 1.529575e-01 4.238342e-01 
       5.912984e-02 1.582074e-01 4.291461e-01 
       6.197995e-02 1.634358e-01 4.344171e-01 
       6.488991e-02 1.686429e-01 4.396592e-01 
       6.780473e-02 1.738565e-01 4.448657e-01 
       7.068139e-02 1.790844e-01 4.500234e-01 
       7.363868e-02 1.843008e-01 4.551476e-01 
       7.644635e-02 1.895229e-01 4.602125e-01 
       7.936958e-02 1.947593e-01 4.652433e-01 
       8.236593e-02 1.999365e-01 4.702346e-01 
       8.524557e-02 2.051662e-01 4.751682e-01 
       8.824140e-02 2.103763e-01 4.800402e-01 
       9.123537e-02 2.155829e-01 4.848507e-01 
       9.421817e-02 2.207972e-01 4.896124e-01 
       9.719216e-02 2.259780e-01 4.943241e-01 
       1.002318e-01 2.311495e-01 4.989588e-01 
       1.033287e-01 2.363212e-01 5.035265e-01 
       1.064252e-01 2.414724e-01 5.080432e-01 
       1.095349e-01 2.466044e-01 5.124693e-01 
       1.126528e-01 2.517519e-01 5.168364e-01 
       1.157969e-01 2.568572e-01 5.211220e-01 
       1.189803e-01 2.619527e-01 5.253346e-01 
       1.221417e-01 2.670212e-01 5.294716e-01 
       1.254236e-01 2.720751e-01 5.335127e-01 
       1.286721e-01 2.771361e-01 5.374925e-01 
       1.319836e-01 2.821580e-01 5.413644e-01 
       1.352971e-01 2.871284e-01 5.451685e-01 
       1.386457e-01 2.921082e-01 5.488811e-01 
       1.420219e-01 2.970562e-01 5.524952e-01 
       1.454498e-01 3.019480e-01 5.560103e-01 
       1.488291e-01 3.068453e-01 5.594506e-01 
       1.522795e-01 3.116826e-01 5.627921e-01 
       1.557876e-01 3.165188e-01 5.660244e-01 
       1.592693e-01 3.212967e-01 5.691637e-01 
       1.628129e-01 3.260382e-01 5.722131e-01 
       1.663490e-01 3.307552e-01 5.751520e-01 
       1.699312e-01 3.354491e-01 5.779897e-01 
       1.735056e-01 3.400815e-01 5.807350e-01 
       1.771312e-01 3.446703e-01 5.833694e-01 
       1.807419e-01 3.492309e-01 5.859108e-01 
       1.844075e-01 3.537364e-01 5.883307e-01 
       1.881027e-01 3.582140e-01 5.906598e-01 
       1.917561e-01 3.626380e-01 5.928898e-01 
       1.954588e-01 3.670207e-01 5.950007e-01 
       1.991633e-01 3.713491e-01 5.970185e-01 
       2.029057e-01 3.756430e-01 5.989243e-01 
       2.066766e-01 3.798882e-01 6.007260e-01 
       2.104070e-01 3.840824e-01 6.024275e-01 
       2.141802e-01 3.882292e-01 6.040318e-01 
       2.179530e-01 3.923257e-01 6.055166e-01 
       2.217260e-01 3.963752e-01 6.069186e-01 
       2.255267e-01 4.003835e-01 6.082114e-01 
       2.293141e-01 4.043232e-01 6.094003e-01 
       2.331092e-01 4.082268e-01 6.104900e-01 
       2.369512e-01 4.120818e-01 6.114857e-01 
       2.407298e-01 4.158790e-01 6.123776e-01 
       2.445431e-01 4.196363e-01 6.131778e-01 
       2.483937e-01 4.233281e-01 6.138846e-01 
       2.522012e-01 4.269928e-01 6.144996e-01 
       2.560047e-01 4.305944e-01 6.150236e-01 
       2.598410e-01 4.341415e-01 6.154581e-01 
       2.636675e-01 4.376642e-01 6.158052e-01 
       2.674522e-01 4.411117e-01 6.160663e-01 
       2.712838e-01 4.445370e-01 6.162422e-01 
       2.751006e-01 4.478891e-01 6.163348e-01 
       2.789174e-01 4.512187e-01 6.163459e-01 
       2.827279e-01 4.544993e-01 6.162776e-01 
       2.865043e-01 4.577211e-01 6.161316e-01 
       2.903054e-01 4.609086e-01 6.159100e-01 
       2.940998e-01 4.640651e-01 6.156154e-01 
       2.978897e-01 4.671665e-01 6.152503e-01 
       3.016687e-01 4.702291e-01 6.148167e-01 
       3.054673e-01 4.732396e-01 6.143163e-01 
       3.092429e-01 4.762337e-01 6.137514e-01 
       3.129909e-01 4.791809e-01 6.131248e-01 
       3.167552e-01 4.820929e-01 6.124379e-01 
       3.205178e-01 4.849582e-01 6.116953e-01 
       3.242451e-01 4.878116e-01 6.108954e-01 
       3.279886e-01 4.906185e-01 6.100324e-01 
       3.317211e-01 4.933816e-01 6.091307e-01 
       3.354619e-01 4.961232e-01 6.081703e-01 
       3.391824e-01 4.988471e-01 6.071626e-01 
       3.428964e-01 5.015358e-01 6.060972e-01 
       3.465944e-01 5.041964e-01 6.050035e-01 
       3.503044e-01 5.068197e-01 6.038680e-01 
       3.539879e-01 5.094307e-01 6.026814e-01 
       3.576952e-01 5.120114e-01 6.014611e-01 
       3.613682e-01 5.145809e-01 6.002072e-01 
       3.650464e-01 5.171231e-01 5.989190e-01 
       3.687315e-01 5.196371e-01 5.975969e-01 
       3.723902e-01 5.221357e-01 5.962437e-01 
       3.760679e-01 5.246286e-01 5.948618e-01 
       3.797260e-01 5.271036e-01 5.934567e-01 
       3.833934e-01 5.295587e-01 5.920280e-01 
       3.870376e-01 5.319989e-01 5.905634e-01 
       3.907015e-01 5.344261e-01 5.890833e-01 
       3.943500e-01 5.368542e-01 5.875885e-01 
       3.980095e-01 5.392549e-01 5.860817e-01 
       4.016509e-01 5.416529e-01 5.845487e-01 
       4.053087e-01 5.440546e-01 5.829999e-01 
       4.089584e-01 5.464507e-01 5.814437e-01 
       4.126205e-01 5.488360e-01 5.798832e-01 
       4.162657e-01 5.512137e-01 5.782968e-01 
       4.199245e-01 5.535894e-01 5.767229e-01 
       4.235770e-01 5.559665e-01 5.751242e-01 
       4.272546e-01 5.583493e-01 5.735332e-01 
       4.309199e-01 5.607389e-01 5.719356e-01 
       4.345920e-01 5.631337e-01 5.703338e-01 
       4.382750e-01 5.655156e-01 5.687388e-01 
       4.419704e-01 5.679208e-01 5.671535e-01 
       4.456534e-01 5.703244e-01 5.655550e-01 
       4.493718e-01 5.727508e-01 5.639845e-01 
       4.530884e-01 5.751720e-01 5.624127e-01 
       4.568146e-01 5.776088e-01 5.608392e-01 
       4.605536e-01 5.800711e-01 5.592892e-01 
       4.643293e-01 5.825321e-01 5.577527e-01 
       4.680903e-01 5.850254e-01 5.562239e-01 
       4.718923e-01 5.875213e-01 5.547271e-01 
       4.757015e-01 5.900449e-01 5.532367e-01 
       4.795315e-01 5.926021e-01 5.517840e-01 
       4.833756e-01 5.951632e-01 5.503433e-01 
       4.872615e-01 5.977576e-01 5.489367e-01 
       4.911708e-01 6.003787e-01 5.475474e-01 
       4.950923e-01 6.030304e-01 5.462049e-01 
       4.990477e-01 6.057050e-01 5.448820e-01 
       5.030326e-01 6.084303e-01 5.436014e-01 
       5.070631e-01 6.111752e-01 5.423620e-01 
       5.111214e-01 6.139510e-01 5.411570e-01 
       5.152212e-01 6.167836e-01 5.400048e-01 
       5.193655e-01 6.196500e-01 5.389061e-01 
       5.235494e-01 6.225511e-01 5.378556e-01 
       5.277736e-01 6.255058e-01 5.368591e-01 
       5.320560e-01 6.285126e-01 5.359090e-01 
       5.363864e-01 6.315624e-01 5.350346e-01 
       5.407667e-01 6.346694e-01 5.342222e-01 
       5.452103e-01 6.378273e-01 5.334804e-01 
       5.497129e-01 6.410425e-01 5.328239e-01 
       5.542799e-01 6.443224e-01 5.322390e-01 
       5.589076e-01 6.476680e-01 5.317352e-01 
       5.636230e-01 6.510813e-01 5.313224e-01 
       5.683932e-01 6.545556e-01 5.310046e-01 
       5.732561e-01 6.581129e-01 5.307863e-01 
       5.781854e-01 6.617405e-01 5.306730e-01 
       5.832097e-01 6.654387e-01 5.306704e-01 
       5.883177e-01 6.692242e-01 5.307845e-01 
       5.935272e-01 6.730918e-01 5.310214e-01 
