function devon = devon()
devon = [ ... 
       1.710324e-01 1.004017e-01 2.997824e-01 
       1.708677e-01 1.041437e-01 3.033725e-01 
       1.706773e-01 1.078561e-01 3.069885e-01 
       1.704630e-01 1.115943e-01 3.106139e-01 
       1.702269e-01 1.152402e-01 3.142165e-01 
       1.699718e-01 1.189391e-01 3.178403e-01 
       1.696984e-01 1.225431e-01 3.214623e-01 
       1.694041e-01 1.262401e-01 3.250883e-01 
       1.690845e-01 1.298920e-01 3.287385e-01 
       1.687373e-01 1.335007e-01 3.323832e-01 
       1.683730e-01 1.371293e-01 3.360120e-01 
       1.680072e-01 1.407669e-01 3.396726e-01 
       1.676461e-01 1.443775e-01 3.433188e-01 
       1.672778e-01 1.479901e-01 3.469769e-01 
       1.668878e-01 1.516001e-01 3.506392e-01 
       1.664757e-01 1.552352e-01 3.542936e-01 
       1.660508e-01 1.588749e-01 3.579688e-01 
       1.656233e-01 1.625081e-01 3.616390e-01 
       1.652035e-01 1.661210e-01 3.653117e-01 
       1.647971e-01 1.697871e-01 3.690021e-01 
       1.643912e-01 1.734109e-01 3.726817e-01 
       1.639681e-01 1.770750e-01 3.763912e-01 
       1.635271e-01 1.807163e-01 3.800847e-01 
       1.630807e-01 1.843985e-01 3.837953e-01 
       1.626371e-01 1.881012e-01 3.875021e-01 
       1.621981e-01 1.917538e-01 3.912377e-01 
       1.617604e-01 1.954491e-01 3.949621e-01 
       1.613099e-01 1.991411e-01 3.987002e-01 
       1.608373e-01 2.028662e-01 4.024434e-01 
       1.603622e-01 2.066198e-01 4.062140e-01 
       1.599077e-01 2.103292e-01 4.099842e-01 
       1.594707e-01 2.140838e-01 4.137582e-01 
       1.590393e-01 2.178386e-01 4.175545e-01 
       1.586009e-01 2.216012e-01 4.213489e-01 
       1.581438e-01 2.253836e-01 4.251811e-01 
       1.576764e-01 2.291794e-01 4.290128e-01 
       1.572278e-01 2.329769e-01 4.328696e-01 
       1.568056e-01 2.368287e-01 4.367440e-01 
       1.563859e-01 2.406322e-01 4.406308e-01 
       1.559524e-01 2.444850e-01 4.445643e-01 
       1.555174e-01 2.483872e-01 4.485070e-01 
       1.550966e-01 2.522610e-01 4.524907e-01 
       1.546939e-01 2.561480e-01 4.564916e-01 
       1.543086e-01 2.600836e-01 4.605362e-01 
       1.539426e-01 2.640325e-01 4.646425e-01 
       1.536001e-01 2.679662e-01 4.687767e-01 
       1.532859e-01 2.719421e-01 4.729578e-01 
       1.530048e-01 2.759749e-01 4.772091e-01 
       1.527621e-01 2.799754e-01 4.815163e-01 
       1.525633e-01 2.840073e-01 4.858864e-01 
       1.524148e-01 2.880594e-01 4.903365e-01 
       1.523231e-01 2.921373e-01 4.948570e-01 
       1.522955e-01 2.962195e-01 4.994437e-01 
       1.523394e-01 3.003098e-01 5.041362e-01 
       1.524628e-01 3.044145e-01 5.088992e-01 
       1.526738e-01 3.085286e-01 5.137491e-01 
       1.529806e-01 3.126175e-01 5.186877e-01 
       1.533916e-01 3.167274e-01 5.237061e-01 
       1.539146e-01 3.208173e-01 5.288175e-01 
       1.545555e-01 3.248639e-01 5.339929e-01 
       1.553229e-01 3.289185e-01 5.392601e-01 
       1.562294e-01 3.329261e-01 5.445979e-01 
       1.572057e-01 3.368795e-01 5.499980e-01 
       1.583784e-01 3.407974e-01 5.554482e-01 
       1.596159e-01 3.446548e-01 5.609574e-01 
       1.610545e-01 3.484631e-01 5.665108e-01 
       1.625895e-01 3.521952e-01 5.720900e-01 
       1.642578e-01 3.558793e-01 5.776889e-01 
       1.660030e-01 3.594703e-01 5.833129e-01 
       1.679043e-01 3.629933e-01 5.889411e-01 
       1.699325e-01 3.664565e-01 5.945806e-01 
       1.720245e-01 3.698230e-01 6.002119e-01 
       1.742492e-01 3.731300e-01 6.058297e-01 
       1.765312e-01 3.763787e-01 6.114487e-01 
       1.789487e-01 3.795396e-01 6.170455e-01 
       1.814032e-01 3.826483e-01 6.226224e-01 
       1.839756e-01 3.856956e-01 6.281904e-01 
       1.866186e-01 3.887110e-01 6.337360e-01 
       1.893407e-01 3.916694e-01 6.392620e-01 
       1.921343e-01 3.945866e-01 6.447715e-01 
       1.950275e-01 3.974812e-01 6.502764e-01 
       1.979819e-01 4.003592e-01 6.557675e-01 
       2.010295e-01 4.032127e-01 6.612432e-01 
       2.042306e-01 4.060646e-01 6.667111e-01 
       2.074828e-01 4.089063e-01 6.721844e-01 
       2.108630e-01 4.117607e-01 6.776508e-01 
       2.143780e-01 4.146314e-01 6.831077e-01 
       2.180329e-01 4.175276e-01 6.885709e-01 
       2.218257e-01 4.204364e-01 6.940215e-01 
       2.258157e-01 4.233836e-01 6.994812e-01 
       2.299299e-01 4.263731e-01 7.049387e-01 
       2.342924e-01 4.294082e-01 7.103903e-01 
       2.388127e-01 4.324923e-01 7.158358e-01 
       2.435535e-01 4.356167e-01 7.212567e-01 
       2.485474e-01 4.387825e-01 7.266724e-01 
       2.537254e-01 4.420281e-01 7.320655e-01 
       2.591517e-01 4.453032e-01 7.374218e-01 
       2.647780e-01 4.486494e-01 7.427503e-01 
       2.706772e-01 4.520433e-01 7.480292e-01 
       2.767729e-01 4.554797e-01 7.532497e-01 
       2.830949e-01 4.589706e-01 7.584222e-01 
       2.896217e-01 4.624950e-01 7.635156e-01 
       2.963509e-01 4.660683e-01 7.685353e-01 
       3.032568e-01 4.696879e-01 7.734735e-01 
       3.103667e-01 4.733069e-01 7.783236e-01 
       3.175974e-01 4.769735e-01 7.830720e-01 
       3.249699e-01 4.806469e-01 7.877214e-01 
       3.324936e-01 4.843340e-01 7.922666e-01 
       3.400929e-01 4.880417e-01 7.967007e-01 
       3.477859e-01 4.917392e-01 8.010302e-01 
       3.555549e-01 4.954246e-01 8.052472e-01 
       3.633591e-01 4.991081e-01 8.093633e-01 
       3.712168e-01 5.027784e-01 8.133633e-01 
       3.791128e-01 5.064382e-01 8.172675e-01 
       3.870140e-01 5.100816e-01 8.210716e-01 
       3.949350e-01 5.137088e-01 8.247799e-01 
       4.028466e-01 5.173102e-01 8.284023e-01 
       4.107579e-01 5.208811e-01 8.319429e-01 
       4.186343e-01 5.244361e-01 8.353980e-01 
       4.265039e-01 5.279660e-01 8.387822e-01 
       4.343458e-01 5.314772e-01 8.421053e-01 
       4.421722e-01 5.349636e-01 8.453588e-01 
       4.499484e-01 5.384374e-01 8.485594e-01 
       4.576946e-01 5.418724e-01 8.517071e-01 
       4.654056e-01 5.453068e-01 8.548100e-01 
       4.730847e-01 5.487237e-01 8.578628e-01 
       4.807289e-01 5.521193e-01 8.608793e-01 
       4.883408e-01 5.554935e-01 8.638617e-01 
       4.958938e-01 5.588693e-01 8.667972e-01 
       5.034141e-01 5.622487e-01 8.697046e-01 
       5.108946e-01 5.655966e-01 8.725824e-01 
       5.183351e-01 5.689562e-01 8.754237e-01 
       5.257162e-01 5.723203e-01 8.782326e-01 
       5.330489e-01 5.756817e-01 8.810085e-01 
       5.403278e-01 5.790416e-01 8.837536e-01 
       5.475483e-01 5.824050e-01 8.864613e-01 
       5.547097e-01 5.857919e-01 8.891299e-01 
       5.618041e-01 5.891690e-01 8.917603e-01 
       5.688130e-01 5.925826e-01 8.943507e-01 
       5.757601e-01 5.959892e-01 8.968948e-01 
       5.826003e-01 5.994228e-01 8.993896e-01 
       5.893542e-01 6.028639e-01 9.018304e-01 
       5.960135e-01 6.063219e-01 9.042174e-01 
       6.025583e-01 6.097997e-01 9.065498e-01 
       6.089935e-01 6.132878e-01 9.088148e-01 
       6.152852e-01 6.168025e-01 9.110172e-01 
       6.214561e-01 6.203243e-01 9.131495e-01 
       6.274897e-01 6.238544e-01 9.152056e-01 
       6.333771e-01 6.273889e-01 9.171970e-01 
       6.391102e-01 6.309411e-01 9.190988e-01 
       6.446865e-01 6.344933e-01 9.209289e-01 
       6.501140e-01 6.380431e-01 9.226854e-01 
       6.553744e-01 6.415940e-01 9.243551e-01 
       6.604761e-01 6.451446e-01 9.259509e-01 
       6.654225e-01 6.486951e-01 9.274634e-01 
       6.702161e-01 6.522343e-01 9.289039e-01 
       6.748447e-01 6.557666e-01 9.302741e-01 
       6.793289e-01 6.592806e-01 9.315671e-01 
       6.836750e-01 6.627938e-01 9.327930e-01 
       6.878877e-01 6.662813e-01 9.339569e-01 
       6.919728e-01 6.697690e-01 9.350624e-01 
       6.959358e-01 6.732351e-01 9.361145e-01 
       6.997832e-01 6.766897e-01 9.371104e-01 
       7.035382e-01 6.801226e-01 9.380577e-01 
       7.071973e-01 6.835548e-01 9.389639e-01 
       7.107747e-01 6.869722e-01 9.398335e-01 
       7.142709e-01 6.903758e-01 9.406660e-01 
       7.177131e-01 6.937710e-01 9.414661e-01 
       7.210832e-01 6.971602e-01 9.422462e-01 
