function fes = fes()
fes = [ ... 
       4.974704e-02 4.974742e-02 4.974733e-02 
       6.038393e-02 6.038454e-02 6.038439e-02 
       6.977191e-02 6.977284e-02 6.977261e-02 
       7.811585e-02 7.811742e-02 7.811703e-02 
       8.580750e-02 8.580971e-02 8.580917e-02 
       9.292016e-02 9.292289e-02 9.292222e-02 
       9.984594e-02 9.984783e-02 9.984737e-02 
       1.068000e-01 1.068012e-01 1.068009e-01 
       1.136814e-01 1.136820e-01 1.136819e-01 
       1.205464e-01 1.205468e-01 1.205467e-01 
       1.274577e-01 1.274580e-01 1.274579e-01 
       1.343892e-01 1.343893e-01 1.343893e-01 
       1.412761e-01 1.412761e-01 1.412761e-01 
       1.481259e-01 1.481259e-01 1.481259e-01 
       1.549941e-01 1.549941e-01 1.549941e-01 
       1.618779e-01 1.618779e-01 1.618779e-01 
       1.687023e-01 1.687023e-01 1.687023e-01 
       1.755094e-01 1.755094e-01 1.755094e-01 
       1.823095e-01 1.823095e-01 1.823095e-01 
       1.891205e-01 1.891205e-01 1.891205e-01 
       1.958917e-01 1.958917e-01 1.958917e-01 
       2.026331e-01 2.026331e-01 2.026331e-01 
       2.093687e-01 2.093687e-01 2.093687e-01 
       2.161000e-01 2.161000e-01 2.161000e-01 
       2.227756e-01 2.227756e-01 2.227756e-01 
       2.294160e-01 2.294160e-01 2.294160e-01 
       2.360728e-01 2.360728e-01 2.360728e-01 
       2.426628e-01 2.426628e-01 2.426628e-01 
       2.492546e-01 2.492546e-01 2.492546e-01 
       2.558065e-01 2.558065e-01 2.558065e-01 
       2.623416e-01 2.623416e-01 2.623416e-01 
       2.688541e-01 2.688541e-01 2.688541e-01 
       2.753206e-01 2.753206e-01 2.753206e-01 
       2.817572e-01 2.817572e-01 2.817572e-01 
       2.881599e-01 2.881599e-01 2.881599e-01 
       2.945385e-01 2.945385e-01 2.945385e-01 
       3.008888e-01 3.008888e-01 3.008888e-01 
       3.072112e-01 3.072112e-01 3.072112e-01 
       3.135083e-01 3.135083e-01 3.135083e-01 
       3.197633e-01 3.197633e-01 3.197633e-01 
       3.259683e-01 3.259683e-01 3.259683e-01 
       3.321749e-01 3.321749e-01 3.321749e-01 
       3.383147e-01 3.383147e-01 3.383147e-01 
       3.444351e-01 3.444351e-01 3.444351e-01 
       3.505370e-01 3.505370e-01 3.505370e-01 
       3.565847e-01 3.565847e-01 3.565847e-01 
       3.625925e-01 3.625925e-01 3.625925e-01 
       3.685799e-01 3.685799e-01 3.685799e-01 
       3.745233e-01 3.745233e-01 3.745233e-01 
       3.804294e-01 3.804294e-01 3.804294e-01 
       3.862896e-01 3.862896e-01 3.862896e-01 
       3.921320e-01 3.921320e-01 3.921320e-01 
       3.979365e-01 3.979365e-01 3.979365e-01 
       4.036993e-01 4.036993e-01 4.036993e-01 
       4.094224e-01 4.094224e-01 4.094224e-01 
       4.151108e-01 4.151108e-01 4.151108e-01 
       4.207633e-01 4.207633e-01 4.207633e-01 
       4.263886e-01 4.263886e-01 4.263886e-01 
       4.319978e-01 4.319978e-01 4.319978e-01 
       4.375618e-01 4.375618e-01 4.375618e-01 
       4.431005e-01 4.431005e-01 4.431005e-01 
       4.486276e-01 4.486276e-01 4.486276e-01 
       4.541390e-01 4.541390e-01 4.541390e-01 
       4.596460e-01 4.596460e-01 4.596460e-01 
       4.651509e-01 4.651509e-01 4.651509e-01 
       4.706783e-01 4.706783e-01 4.706783e-01 
       4.762149e-01 4.762149e-01 4.762149e-01 
       4.817797e-01 4.817797e-01 4.817797e-01 
       4.873800e-01 4.873800e-01 4.873800e-01 
       4.930046e-01 4.930046e-01 4.930046e-01 
       4.986994e-01 4.986994e-01 4.986994e-01 
       5.044367e-01 5.044367e-01 5.044367e-01 
       5.102153e-01 5.102153e-01 5.102153e-01 
       5.160569e-01 5.160569e-01 5.160569e-01 
       5.219656e-01 5.219656e-01 5.219656e-01 
       5.279428e-01 5.279428e-01 5.279428e-01 
       5.339757e-01 5.339757e-01 5.339757e-01 
       5.400815e-01 5.400815e-01 5.400815e-01 
       5.462606e-01 5.462606e-01 5.462606e-01 
       5.524940e-01 5.524940e-01 5.524940e-01 
       5.587924e-01 5.587924e-01 5.587924e-01 
       5.651666e-01 5.651666e-01 5.651666e-01 
       5.716178e-01 5.716178e-01 5.716178e-01 
       5.781304e-01 5.781304e-01 5.781304e-01 
       5.847246e-01 5.847246e-01 5.847246e-01 
       5.913824e-01 5.913824e-01 5.913824e-01 
       5.981090e-01 5.981090e-01 5.981090e-01 
       6.049177e-01 6.049177e-01 6.049177e-01 
       6.117938e-01 6.117938e-01 6.117938e-01 
       6.187524e-01 6.187524e-01 6.187524e-01 
       6.257708e-01 6.257708e-01 6.257708e-01 
       6.328744e-01 6.328744e-01 6.328744e-01 
       6.400542e-01 6.400542e-01 6.400542e-01 
       6.473059e-01 6.473059e-01 6.473059e-01 
       6.546322e-01 6.546322e-01 6.546322e-01 
       6.620511e-01 6.620511e-01 6.620511e-01 
       6.695363e-01 6.695363e-01 6.695363e-01 
       6.771062e-01 6.771062e-01 6.771062e-01 
       6.847471e-01 6.847471e-01 6.847471e-01 
       6.924842e-01 6.924842e-01 6.924842e-01 
       7.002890e-01 7.002890e-01 7.002890e-01 
       7.081830e-01 7.081830e-01 7.081830e-01 
       7.161640e-01 7.161640e-01 7.161640e-01 
       7.242201e-01 7.242201e-01 7.242201e-01 
       7.323710e-01 7.323710e-01 7.323710e-01 
       7.405978e-01 7.405978e-01 7.405978e-01 
       7.489160e-01 7.489160e-01 7.489160e-01 
       7.573247e-01 7.573247e-01 7.573247e-01 
       7.658227e-01 7.658227e-01 7.658227e-01 
       7.744016e-01 7.744016e-01 7.744016e-01 
       7.830782e-01 7.830782e-01 7.830782e-01 
       7.918454e-01 7.918454e-01 7.918454e-01 
       8.007046e-01 8.007046e-01 8.007046e-01 
       8.096569e-01 8.096569e-01 8.096569e-01 
       8.186980e-01 8.186980e-01 8.186980e-01 
       8.278397e-01 8.278397e-01 8.278397e-01 
       8.370807e-01 8.370807e-01 8.370807e-01 
       8.464094e-01 8.464094e-01 8.464094e-01 
       8.558453e-01 8.558453e-01 8.558453e-01 
       8.653718e-01 8.653718e-01 8.653718e-01 
       8.750030e-01 8.750030e-01 8.750030e-01 
       8.847329e-01 8.847329e-01 8.847329e-01 
       8.945630e-01 8.945630e-01 8.945630e-01 
       9.044835e-01 9.044835e-01 9.044835e-01 
       9.145045e-01 9.145045e-01 9.145045e-01 
       9.246085e-01 9.246085e-01 9.246085e-01 
       9.348007e-01 9.348007e-01 9.348007e-01 
       9.450720e-01 9.450720e-01 9.450720e-01 
       8.503888e-03 2.514552e-01 1.505837e-01 
       2.076280e-02 2.555490e-01 1.476225e-01 
       3.369570e-02 2.597273e-01 1.446846e-01 
       4.749200e-02 2.639774e-01 1.417962e-01 
       6.028299e-02 2.682825e-01 1.389837e-01 
       7.233670e-02 2.726747e-01 1.363093e-01 
       8.419955e-02 2.771459e-01 1.338534e-01 
       9.582586e-02 2.816515e-01 1.315623e-01 
       1.075045e-01 2.861804e-01 1.295087e-01 
       1.192182e-01 2.907434e-01 1.277326e-01 
       1.310256e-01 2.952786e-01 1.262736e-01 
       1.428858e-01 2.997851e-01 1.251086e-01 
       1.548082e-01 3.042089e-01 1.242832e-01 
       1.668015e-01 3.085601e-01 1.238085e-01 
       1.787689e-01 3.127763e-01 1.236717e-01 
       1.906877e-01 3.168862e-01 1.238577e-01 
       2.025495e-01 3.208545e-01 1.243437e-01 
       2.143188e-01 3.246524e-01 1.251073e-01 
       2.259473e-01 3.283240e-01 1.261162e-01 
       2.374084e-01 3.318373e-01 1.272587e-01 
       2.486753e-01 3.352211e-01 1.286247e-01 
       2.597511e-01 3.384331e-01 1.301544e-01 
       2.706394e-01 3.415435e-01 1.317119e-01 
       2.812997e-01 3.445199e-01 1.333714e-01 
       2.917996e-01 3.474106e-01 1.350951e-01 
       3.020770e-01 3.501880e-01 1.368218e-01 
       3.121887e-01 3.528800e-01 1.386005e-01 
       3.221525e-01 3.555060e-01 1.403693e-01 
       3.319425e-01 3.580529e-01 1.421442e-01 
       3.415907e-01 3.605335e-01 1.439104e-01 
       3.511151e-01 3.629876e-01 1.456850e-01 
       3.605060e-01 3.653957e-01 1.474037e-01 
       3.698217e-01 3.677625e-01 1.491204e-01 
       3.790514e-01 3.701049e-01 1.508267e-01 
       3.882091e-01 3.724231e-01 1.525143e-01 
       3.973085e-01 3.747314e-01 1.542090e-01 
       4.063757e-01 3.770203e-01 1.559194e-01 
       4.154000e-01 3.792895e-01 1.575616e-01 
       4.244121e-01 3.815632e-01 1.592402e-01 
       4.334113e-01 3.838293e-01 1.609166e-01 
       4.424309e-01 3.860862e-01 1.625941e-01 
