function grayc = grayc()
grayc = [ ... 
       9.999951e-01 9.999951e-01 9.999951e-01 
       9.955372e-01 9.955372e-01 9.955372e-01 
       9.910883e-01 9.910883e-01 9.910883e-01 
       9.866425e-01 9.866425e-01 9.866425e-01 
       9.821984e-01 9.821984e-01 9.821984e-01 
       9.777544e-01 9.777544e-01 9.777544e-01 
       9.733186e-01 9.733186e-01 9.733186e-01 
       9.688844e-01 9.688844e-01 9.688844e-01 
       9.644527e-01 9.644527e-01 9.644527e-01 
       9.600306e-01 9.600306e-01 9.600306e-01 
       9.556110e-01 9.556110e-01 9.556110e-01 
       9.511915e-01 9.511915e-01 9.511915e-01 
       9.467757e-01 9.467757e-01 9.467757e-01 
       9.423687e-01 9.423687e-01 9.423687e-01 
       9.379600e-01 9.379600e-01 9.379600e-01 
       9.335535e-01 9.335535e-01 9.335535e-01 
       9.291560e-01 9.291560e-01 9.291560e-01 
       9.247607e-01 9.247607e-01 9.247607e-01 
       9.203706e-01 9.203706e-01 9.203706e-01 
       9.159827e-01 9.159827e-01 9.159827e-01 
       9.116035e-01 9.116035e-01 9.116035e-01 
       9.072267e-01 9.072267e-01 9.072267e-01 
       9.028520e-01 9.028520e-01 9.028520e-01 
       8.984770e-01 8.984770e-01 8.984770e-01 
       8.941130e-01 8.941130e-01 8.941130e-01 
       8.897482e-01 8.897482e-01 8.897482e-01 
       8.853904e-01 8.853904e-01 8.853904e-01 
       8.810349e-01 8.810349e-01 8.810349e-01 
       8.766803e-01 8.766803e-01 8.766803e-01 
       8.723394e-01 8.723394e-01 8.723394e-01 
       8.679979e-01 8.679979e-01 8.679979e-01 
       8.636595e-01 8.636595e-01 8.636595e-01 
       8.593208e-01 8.593208e-01 8.593208e-01 
       8.549928e-01 8.549928e-01 8.549928e-01 
       8.506617e-01 8.506617e-01 8.506617e-01 
       8.463393e-01 8.463393e-01 8.463393e-01 
       8.420265e-01 8.420265e-01 8.420265e-01 
       8.377132e-01 8.377132e-01 8.377132e-01 
       8.334014e-01 8.334014e-01 8.334014e-01 
       8.290986e-01 8.290986e-01 8.290986e-01 
       8.247914e-01 8.247914e-01 8.247914e-01 
       8.204940e-01 8.204940e-01 8.204940e-01 
       8.162066e-01 8.162066e-01 8.162066e-01 
       8.119152e-01 8.119152e-01 8.119152e-01 
       8.076311e-01 8.076311e-01 8.076311e-01 
       8.033489e-01 8.033489e-01 8.033489e-01 
       7.990769e-01 7.990769e-01 7.990769e-01 
       7.948030e-01 7.948030e-01 7.948030e-01 
       7.905343e-01 7.905343e-01 7.905343e-01 
       7.862762e-01 7.862762e-01 7.862762e-01 
       7.820165e-01 7.820165e-01 7.820165e-01 
       7.777618e-01 7.777618e-01 7.777618e-01 
       7.735061e-01 7.735061e-01 7.735061e-01 
       7.692604e-01 7.692604e-01 7.692604e-01 
       7.650251e-01 7.650251e-01 7.650251e-01 
       7.607866e-01 7.607866e-01 7.607866e-01 
       7.565526e-01 7.565526e-01 7.565526e-01 
       7.523228e-01 7.523228e-01 7.523228e-01 
       7.481038e-01 7.481038e-01 7.481038e-01 
       7.438823e-01 7.438823e-01 7.438823e-01 
       7.396731e-01 7.396731e-01 7.396731e-01 
       7.354562e-01 7.354562e-01 7.354562e-01 
       7.312479e-01 7.312479e-01 7.312479e-01 
       7.270482e-01 7.270482e-01 7.270482e-01 
       7.228486e-01 7.228486e-01 7.228486e-01 
       7.186580e-01 7.186580e-01 7.186580e-01 
       7.144684e-01 7.144684e-01 7.144684e-01 
       7.102901e-01 7.102901e-01 7.102901e-01 
       7.061126e-01 7.061126e-01 7.061126e-01 
       7.019317e-01 7.019317e-01 7.019317e-01 
       6.977638e-01 6.977638e-01 6.977638e-01 
       6.936001e-01 6.936001e-01 6.936001e-01 
       6.894458e-01 6.894458e-01 6.894458e-01 
       6.852882e-01 6.852882e-01 6.852882e-01 
       6.811297e-01 6.811297e-01 6.811297e-01 
       6.769932e-01 6.769932e-01 6.769932e-01 
       6.728514e-01 6.728514e-01 6.728514e-01 
       6.687125e-01 6.687125e-01 6.687125e-01 
       6.645747e-01 6.645747e-01 6.645747e-01 
       6.604483e-01 6.604483e-01 6.604483e-01 
       6.563330e-01 6.563330e-01 6.563330e-01 
       6.522112e-01 6.522112e-01 6.522112e-01 
       6.480931e-01 6.480931e-01 6.480931e-01 
       6.439849e-01 6.439849e-01 6.439849e-01 
       6.398883e-01 6.398883e-01 6.398883e-01 
       6.357864e-01 6.357864e-01 6.357864e-01 
       6.316938e-01 6.316938e-01 6.316938e-01 
       6.276042e-01 6.276042e-01 6.276042e-01 
       6.235248e-01 6.235248e-01 6.235248e-01 
       6.194462e-01 6.194462e-01 6.194462e-01 
       6.153625e-01 6.153625e-01 6.153625e-01 
       6.112998e-01 6.112998e-01 6.112998e-01 
       6.072387e-01 6.072387e-01 6.072387e-01 
       6.031745e-01 6.031745e-01 6.031745e-01 
       5.991216e-01 5.991216e-01 5.991216e-01 
       5.950685e-01 5.950685e-01 5.950685e-01 
       5.910239e-01 5.910239e-01 5.910239e-01 
       5.869836e-01 5.869836e-01 5.869836e-01 
       5.829486e-01 5.829486e-01 5.829486e-01 
       5.789245e-01 5.789245e-01 5.789245e-01 
       5.748948e-01 5.748948e-01 5.748948e-01 
       5.708771e-01 5.708771e-01 5.708771e-01 
       5.668716e-01 5.668716e-01 5.668716e-01 
       5.628644e-01 5.628644e-01 5.628644e-01 
       5.588505e-01 5.588505e-01 5.588505e-01 
       5.548577e-01 5.548577e-01 5.548577e-01 
       5.508656e-01 5.508656e-01 5.508656e-01 
       5.468797e-01 5.468797e-01 5.468797e-01 
       5.428992e-01 5.428992e-01 5.428992e-01 
       5.389212e-01 5.389212e-01 5.389212e-01 
       5.349464e-01 5.349464e-01 5.349464e-01 
       5.309809e-01 5.309809e-01 5.309809e-01 
       5.270252e-01 5.270252e-01 5.270252e-01 
       5.230677e-01 5.230677e-01 5.230677e-01 
       5.191191e-01 5.191191e-01 5.191191e-01 
       5.151672e-01 5.151672e-01 5.151672e-01 
       5.112263e-01 5.112263e-01 5.112263e-01 
       5.072963e-01 5.072963e-01 5.072963e-01 
       5.033611e-01 5.033611e-01 5.033611e-01 
       4.994385e-01 4.994385e-01 4.994385e-01 
       4.955262e-01 4.955262e-01 4.955262e-01 
       4.916249e-01 4.916249e-01 4.916249e-01 
       4.877170e-01 4.877170e-01 4.877170e-01 
       4.838040e-01 4.838040e-01 4.838040e-01 
       4.799192e-01 4.799192e-01 4.799192e-01 
       4.760279e-01 4.760279e-01 4.760279e-01 
       4.721473e-01 4.721473e-01 4.721473e-01 
       4.682602e-01 4.682602e-01 4.682602e-01 
       4.644015e-01 4.644015e-01 4.644015e-01 
       4.605180e-01 4.605180e-01 4.605180e-01 
       4.566626e-01 4.566626e-01 4.566626e-01 
       4.528163e-01 4.528163e-01 4.528163e-01 
       4.489675e-01 4.489675e-01 4.489675e-01 
       4.451198e-01 4.451198e-01 4.451198e-01 
       4.412796e-01 4.412796e-01 4.412796e-01 
       4.374579e-01 4.374579e-01 4.374579e-01 
       4.336174e-01 4.336174e-01 4.336174e-01 
       4.298064e-01 4.298064e-01 4.298064e-01 
       4.259876e-01 4.259876e-01 4.259876e-01 
       4.221770e-01 4.221770e-01 4.221770e-01 
       4.183774e-01 4.183774e-01 4.183774e-01 
       4.145879e-01 4.145879e-01 4.145879e-01 
       4.108060e-01 4.108060e-01 4.108060e-01 
       4.070165e-01 4.070165e-01 4.070165e-01 
       4.032444e-01 4.032444e-01 4.032444e-01 
       3.994606e-01 3.994606e-01 3.994606e-01 
       3.957125e-01 3.957125e-01 3.957125e-01 
       3.919489e-01 3.919489e-01 3.919489e-01 
       3.881961e-01 3.881961e-01 3.881961e-01 
       3.844480e-01 3.844480e-01 3.844480e-01 
       3.807202e-01 3.807202e-01 3.807202e-01 
       3.769872e-01 3.769872e-01 3.769872e-01 
       3.732531e-01 3.732531e-01 3.732531e-01 
       3.695344e-01 3.695344e-01 3.695344e-01 
       3.658264e-01 3.658264e-01 3.658264e-01 
       3.621216e-01 3.621216e-01 3.621216e-01 
       3.584143e-01 3.584143e-01 3.584143e-01 
       3.547355e-01 3.547355e-01 3.547355e-01 
       3.510464e-01 3.510464e-01 3.510464e-01 
       3.473682e-01 3.473682e-01 3.473682e-01 
       3.436823e-01 3.436823e-01 3.436823e-01 
       3.400261e-01 3.400261e-01 3.400261e-01 
       3.363542e-01 3.363542e-01 3.363542e-01 
       3.327202e-01 3.327202e-01 3.327202e-01 
       3.290718e-01 3.290718e-01 3.290718e-01 
       3.254122e-01 3.254122e-01 3.254122e-01 
       3.217860e-01 3.217860e-01 3.217860e-01 
       3.181654e-01 3.181654e-01 3.181654e-01 
       3.145394e-01 3.145394e-01 3.145394e-01 
