function hawaii = hawaii()
hawaii = [ ... 
       5.505415e-01 6.841975e-03 4.519803e-01 
       5.514939e-01 1.536663e-02 4.479718e-01 
       5.524255e-01 2.379528e-02 4.439978e-01 
       5.533282e-01 3.232901e-02 4.400206e-01 
       5.542274e-01 4.116997e-02 4.360632e-01 
       5.550975e-01 4.928648e-02 4.321254e-01 
       5.559476e-01 5.666676e-02 4.281876e-01 
       5.567974e-01 6.352496e-02 4.242719e-01 
       5.576190e-01 6.997011e-02 4.203774e-01 
       5.584146e-01 7.602775e-02 4.165086e-01 
       5.592103e-01 8.193581e-02 4.126634e-01 
       5.599906e-01 8.750747e-02 4.088228e-01 
       5.607458e-01 9.281111e-02 4.050120e-01 
       5.614947e-01 9.808096e-02 4.012374e-01 
       5.622353e-01 1.031283e-01 3.974715e-01 
       5.629536e-01 1.080046e-01 3.937359e-01 
       5.636627e-01 1.128720e-01 3.900247e-01 
       5.643549e-01 1.175300e-01 3.863438e-01 
       5.650320e-01 1.221224e-01 3.826985e-01 
       5.657088e-01 1.266812e-01 3.790737e-01 
       5.663797e-01 1.311709e-01 3.754737e-01 
       5.670373e-01 1.355420e-01 3.719045e-01 
       5.676793e-01 1.398715e-01 3.683779e-01 
       5.683124e-01 1.441984e-01 3.648610e-01 
       5.689392e-01 1.484156e-01 3.613841e-01 
       5.695586e-01 1.526182e-01 3.579419e-01 
       5.701712e-01 1.568057e-01 3.545189e-01 
       5.707774e-01 1.609341e-01 3.511272e-01 
       5.713772e-01 1.650081e-01 3.477636e-01 
       5.719721e-01 1.691198e-01 3.444166e-01 
       5.725618e-01 1.731311e-01 3.411203e-01 
       5.731415e-01 1.771656e-01 3.378363e-01 
       5.737113e-01 1.811377e-01 3.346016e-01 
       5.742756e-01 1.851505e-01 3.313565e-01 
       5.748399e-01 1.890946e-01 3.281696e-01 
       5.754063e-01 1.930352e-01 3.249924e-01 
       5.759674e-01 1.969777e-01 3.218543e-01 
       5.765184e-01 2.008545e-01 3.187397e-01 
       5.770596e-01 2.047826e-01 3.156542e-01 
       5.775961e-01 2.086635e-01 3.125650e-01 
       5.781351e-01 2.125446e-01 3.095420e-01 
       5.786757e-01 2.164309e-01 3.065157e-01 
       5.792138e-01 2.202875e-01 3.034960e-01 
       5.797461e-01 2.241065e-01 3.005177e-01 
       5.802714e-01 2.279769e-01 2.975660e-01 
       5.807934e-01 2.318172e-01 2.946181e-01 
       5.813148e-01 2.356459e-01 2.917145e-01 
       5.818348e-01 2.394628e-01 2.888102e-01 
       5.823532e-01 2.432678e-01 2.859096e-01 
       5.828703e-01 2.470974e-01 2.830658e-01 
       5.833865e-01 2.509160e-01 2.802014e-01 
       5.839014e-01 2.547389e-01 2.773809e-01 
       5.844157e-01 2.585309e-01 2.745519e-01 
       5.849305e-01 2.623417e-01 2.717396e-01 
       5.854434e-01 2.661559e-01 2.689801e-01 
       5.859510e-01 2.699660e-01 2.661975e-01 
       5.864556e-01 2.737709e-01 2.634393e-01 
       5.869606e-01 2.775752e-01 2.606761e-01 
       5.874664e-01 2.813737e-01 2.579252e-01 
       5.879721e-01 2.851801e-01 2.552210e-01 
       5.884780e-01 2.890129e-01 2.524939e-01 
       5.889842e-01 2.928181e-01 2.497667e-01 
       5.894911e-01 2.966516e-01 2.470811e-01 
       5.899987e-01 3.004654e-01 2.443756e-01 
       5.905067e-01 3.042996e-01 2.417158e-01 
       5.910156e-01 3.081352e-01 2.390311e-01 
       5.915262e-01 3.119688e-01 2.363792e-01 
       5.920382e-01 3.158457e-01 2.336921e-01 
       5.925479e-01 3.196982e-01 2.310582e-01 
       5.930545e-01 3.235587e-01 2.284197e-01 
       5.935616e-01 3.274290e-01 2.257726e-01 
       5.940712e-01 3.313091e-01 2.231344e-01 
       5.945826e-01 3.352290e-01 2.205100e-01 
       5.950953e-01 3.391305e-01 2.178651e-01 
       5.956094e-01 3.430478e-01 2.152259e-01 
       5.961255e-01 3.469761e-01 2.126129e-01 
       5.966449e-01 3.509205e-01 2.099940e-01 
       5.971643e-01 3.548800e-01 2.073882e-01 
       5.976796e-01 3.588298e-01 2.047761e-01 
       5.981960e-01 3.628211e-01 2.021474e-01 
       5.987208e-01 3.668290e-01 1.995332e-01 
       5.992483e-01 3.708367e-01 1.969644e-01 
       5.997714e-01 3.748788e-01 1.943702e-01 
       6.002936e-01 3.789314e-01 1.917383e-01 
       6.008188e-01 3.830090e-01 1.891487e-01 
       6.013461e-01 3.870897e-01 1.865484e-01 
       6.018742e-01 3.912152e-01 1.839493e-01 
       6.024030e-01 3.953455e-01 1.813447e-01 
       6.029330e-01 3.994864e-01 1.787825e-01 
       6.034644e-01 4.036783e-01 1.761580e-01 
       6.039950e-01 4.078729e-01 1.735941e-01 
       6.045209e-01 4.121017e-01 1.710147e-01 
       6.050426e-01 4.163482e-01 1.684365e-01 
       6.055625e-01 4.206177e-01 1.658478e-01 
       6.060842e-01 4.249281e-01 1.633170e-01 
       6.066090e-01 4.292519e-01 1.607308e-01 
       6.071292e-01 4.336000e-01 1.581954e-01 
       6.076395e-01 4.379980e-01 1.556486e-01 
       6.081441e-01 4.424121e-01 1.530859e-01 
       6.086444e-01 4.468482e-01 1.505816e-01 
       6.091338e-01 4.513240e-01 1.480707e-01 
       6.096101e-01 4.558258e-01 1.456150e-01 
       6.100791e-01 4.603557e-01 1.431193e-01 
       6.105419e-01 4.649331e-01 1.406853e-01 
       6.109912e-01 4.695435e-01 1.382670e-01 
       6.114213e-01 4.741703e-01 1.358293e-01 
       6.118326e-01 4.788394e-01 1.335144e-01 
       6.122260e-01 4.835389e-01 1.312115e-01 
       6.125995e-01 4.882874e-01 1.289199e-01 
       6.129501e-01 4.930494e-01 1.267183e-01 
       6.132750e-01 4.978750e-01 1.245743e-01 
       6.135716e-01 5.027049e-01 1.224866e-01 
       6.138372e-01 5.075918e-01 1.205124e-01 
       6.140690e-01 5.125015e-01 1.186685e-01 
       6.142638e-01 5.174591e-01 1.168481e-01 
       6.144185e-01 5.224336e-01 1.151601e-01 
       6.145296e-01 5.274556e-01 1.136568e-01 
       6.145937e-01 5.325103e-01 1.122655e-01 
       6.146072e-01 5.375946e-01 1.110322e-01 
       6.145665e-01 5.427076e-01 1.099992e-01 
       6.144679e-01 5.478487e-01 1.091142e-01 
       6.143075e-01 5.530157e-01 1.084214e-01 
       6.140818e-01 5.582117e-01 1.080102e-01 
       6.137868e-01 5.634462e-01 1.078505e-01 
       6.134189e-01 5.686816e-01 1.079429e-01 
       6.129743e-01 5.739460e-01 1.083120e-01 
       6.124492e-01 5.792324e-01 1.090261e-01 
       6.118416e-01 5.845222e-01 1.100396e-01 
       6.111475e-01 5.898196e-01 1.113201e-01 
       6.103533e-01 5.951325e-01 1.129631e-01 
       6.094715e-01 6.004434e-01 1.148557e-01 
       6.084939e-01 6.057481e-01 1.171692e-01 
       6.074108e-01 6.110597e-01 1.198109e-01 
       6.062154e-01 6.163495e-01 1.227632e-01 
       6.049298e-01 6.216184e-01 1.261238e-01 
       6.035359e-01 6.268762e-01 1.297568e-01 
       6.020260e-01 6.321074e-01 1.336921e-01 
       6.004127e-01 6.373063e-01 1.379671e-01 
       5.986895e-01 6.424692e-01 1.424965e-01 
       5.968617e-01 6.475880e-01 1.473343e-01 
       5.949157e-01 6.526619e-01 1.524164e-01 
       5.928722e-01 6.576972e-01 1.577902e-01 
       5.907070e-01 6.626674e-01 1.634195e-01 
       5.884413e-01 6.675791e-01 1.692582e-01 
       5.860848e-01 6.724290e-01 1.752802e-01 
       5.836125e-01 6.772133e-01 1.815066e-01 
       5.810491e-01 6.819161e-01 1.879851e-01 
       5.783880e-01 6.865602e-01 1.945856e-01 
       5.756464e-01 6.911207e-01 2.013099e-01 
       5.728089e-01 6.956140e-01 2.082433e-01 
       5.698782e-01 7.000181e-01 2.152846e-01 
       5.668875e-01 7.043459e-01 2.224698e-01 
       5.638144e-01 7.085967e-01 2.297376e-01 
       5.606624e-01 7.127528e-01 2.371710e-01 
       5.574580e-01 7.168446e-01 2.446222e-01 
       5.541820e-01 7.208389e-01 2.522192e-01 
       5.508529e-01 7.247661e-01 2.598738e-01 
       5.474697e-01 7.286047e-01 2.675744e-01 
       5.440431e-01 7.323759e-01 2.753940e-01 
       5.405714e-01 7.360575e-01 2.832381e-01 
       5.370666e-01 7.396849e-01 2.911415e-01 
       5.335070e-01 7.432281e-01 2.990937e-01 
       5.299358e-01 7.467020e-01 3.070793e-01 
       5.263327e-01 7.501119e-01 3.151127e-01 
       5.226962e-01 7.534609e-01 3.231924e-01 
       5.190489e-01 7.567523e-01 3.312805e-01 
       5.153673e-01 7.599833e-01 3.394373e-01 
       5.116809e-01 7.631621e-01 3.475955e-01 
       5.079902e-01 7.662932e-01 3.557846e-01 
