function imola = imola()
imola = [ ... 
       1.014406e-01 2.001100e-01 7.001938e-01 
       1.032753e-01 2.030139e-01 6.988057e-01 
       1.049551e-01 2.058958e-01 6.974230e-01 
       1.067266e-01 2.087261e-01 6.960464e-01 
       1.082990e-01 2.115669e-01 6.946588e-01 
       1.099775e-01 2.143655e-01 6.932872e-01 
       1.115215e-01 2.171611e-01 6.919126e-01 
       1.130699e-01 2.199403e-01 6.905332e-01 
       1.144960e-01 2.226992e-01 6.891717e-01 
       1.160321e-01 2.254379e-01 6.878000e-01 
       1.174427e-01 2.281853e-01 6.864349e-01 
       1.189063e-01 2.308940e-01 6.850752e-01 
       1.202791e-01 2.335855e-01 6.837141e-01 
       1.216581e-01 2.363121e-01 6.823590e-01 
       1.230380e-01 2.389844e-01 6.810057e-01 
       1.244186e-01 2.416748e-01 6.796593e-01 
       1.258129e-01 2.443221e-01 6.783198e-01 
       1.271113e-01 2.469975e-01 6.769828e-01 
       1.284739e-01 2.496411e-01 6.756403e-01 
       1.298273e-01 2.523044e-01 6.743056e-01 
       1.311371e-01 2.549549e-01 6.729789e-01 
       1.324461e-01 2.575680e-01 6.716454e-01 
       1.337572e-01 2.602005e-01 6.703277e-01 
       1.350701e-01 2.628232e-01 6.690016e-01 
       1.363272e-01 2.654345e-01 6.676843e-01 
       1.376790e-01 2.680349e-01 6.663601e-01 
       1.389351e-01 2.706676e-01 6.650463e-01 
       1.402311e-01 2.732629e-01 6.637422e-01 
       1.415429e-01 2.758719e-01 6.624325e-01 
       1.428199e-01 2.784539e-01 6.611187e-01 
       1.441073e-01 2.810276e-01 6.598159e-01 
       1.454152e-01 2.836282e-01 6.585095e-01 
       1.466477e-01 2.862014e-01 6.572135e-01 
       1.479466e-01 2.888021e-01 6.559132e-01 
       1.492287e-01 2.913880e-01 6.546061e-01 
       1.505025e-01 2.939491e-01 6.533080e-01 
       1.517641e-01 2.965389e-01 6.520185e-01 
       1.530350e-01 2.991173e-01 6.507209e-01 
       1.543176e-01 3.016728e-01 6.494300e-01 
       1.556125e-01 3.042521e-01 6.481281e-01 
       1.568805e-01 3.068310e-01 6.468408e-01 
       1.581639e-01 3.094119e-01 6.455422e-01 
       1.594159e-01 3.119525e-01 6.442491e-01 
       1.606947e-01 3.145293e-01 6.429596e-01 
       1.620016e-01 3.171056e-01 6.416645e-01 
       1.632738e-01 3.196777e-01 6.403759e-01 
       1.645434e-01 3.222443e-01 6.390791e-01 
       1.657940e-01 3.247987e-01 6.377838e-01 
       1.671149e-01 3.273670e-01 6.364915e-01 
       1.683753e-01 3.299472e-01 6.351860e-01 
       1.696885e-01 3.325168e-01 6.338905e-01 
       1.709574e-01 3.350834e-01 6.325827e-01 
       1.722476e-01 3.376326e-01 6.312767e-01 
       1.735513e-01 3.401991e-01 6.299618e-01 
       1.748773e-01 3.427649e-01 6.286483e-01 
       1.761510e-01 3.453143e-01 6.273216e-01 
       1.775201e-01 3.478761e-01 6.259916e-01 
       1.788383e-01 3.504348e-01 6.246570e-01 
       1.801604e-01 3.529812e-01 6.233146e-01 
       1.815041e-01 3.555360e-01 6.219494e-01 
       1.828717e-01 3.580731e-01 6.205942e-01 
       1.842629e-01 3.605961e-01 6.192164e-01 
       1.856854e-01 3.631361e-01 6.178152e-01 
       1.870759e-01 3.656680e-01 6.164128e-01 
       1.885131e-01 3.681884e-01 6.149824e-01 
       1.899440e-01 3.706924e-01 6.135402e-01 
       1.914085e-01 3.731997e-01 6.120828e-01 
       1.929075e-01 3.756946e-01 6.106058e-01 
       1.944472e-01 3.781802e-01 6.091079e-01 
       1.959669e-01 3.806608e-01 6.075821e-01 
       1.975274e-01 3.831224e-01 6.060210e-01 
       1.991021e-01 3.855595e-01 6.044557e-01 
       2.007169e-01 3.880015e-01 6.028497e-01 
       2.023744e-01 3.904262e-01 6.012193e-01 
       2.040803e-01 3.928374e-01 5.995683e-01 
       2.057720e-01 3.952410e-01 5.978784e-01 
       2.075009e-01 3.976234e-01 5.961673e-01 
       2.092529e-01 3.999884e-01 5.944254e-01 
       2.110475e-01 4.023407e-01 5.926624e-01 
       2.128507e-01 4.046850e-01 5.908550e-01 
       2.146967e-01 4.070206e-01 5.890243e-01 
       2.165901e-01 4.093394e-01 5.871731e-01 
       2.184723e-01 4.116404e-01 5.853011e-01 
       2.204051e-01 4.139364e-01 5.833860e-01 
       2.223265e-01 4.162186e-01 5.814550e-01 
       2.242729e-01 4.184851e-01 5.795075e-01 
       2.262921e-01 4.207492e-01 5.775210e-01 
       2.282978e-01 4.230027e-01 5.755294e-01 
       2.302917e-01 4.252624e-01 5.735089e-01 
       2.323535e-01 4.275072e-01 5.714684e-01 
       2.344182e-01 4.297375e-01 5.694124e-01 
       2.364940e-01 4.319810e-01 5.673514e-01 
       2.385591e-01 4.341947e-01 5.652584e-01 
       2.406587e-01 4.364328e-01 5.631761e-01 
       2.427819e-01 4.386548e-01 5.610631e-01 
       2.449085e-01 4.408835e-01 5.589482e-01 
       2.470682e-01 4.431260e-01 5.568357e-01 
       2.492276e-01 4.453571e-01 5.547071e-01 
       2.514139e-01 4.475949e-01 5.525783e-01 
       2.535913e-01 4.498536e-01 5.504469e-01 
       2.557825e-01 4.521182e-01 5.483218e-01 
       2.579919e-01 4.543847e-01 5.461943e-01 
       2.602378e-01 4.566570e-01 5.440641e-01 
       2.624869e-01 4.589564e-01 5.419435e-01 
       2.647462e-01 4.612641e-01 5.398342e-01 
       2.670310e-01 4.635876e-01 5.377471e-01 
       2.693646e-01 4.659312e-01 5.356528e-01 
       2.716699e-01 4.683024e-01 5.335841e-01 
       2.740450e-01 4.707012e-01 5.315412e-01 
       2.764368e-01 4.731086e-01 5.295170e-01 
       2.788462e-01 4.755688e-01 5.275073e-01 
       2.812730e-01 4.780373e-01 5.255291e-01 
       2.837546e-01 4.805447e-01 5.235800e-01 
       2.862536e-01 4.830869e-01 5.216517e-01 
       2.888175e-01 4.856652e-01 5.197662e-01 
       2.914063e-01 4.882917e-01 5.179228e-01 
       2.940118e-01 4.909547e-01 5.160961e-01 
       2.966912e-01 4.936405e-01 5.143336e-01 
       2.993987e-01 4.963758e-01 5.125904e-01 
       3.021289e-01 4.991655e-01 5.108953e-01 
       3.049365e-01 5.020007e-01 5.092495e-01 
       3.077617e-01 5.048745e-01 5.076429e-01 
       3.106683e-01 5.077974e-01 5.060685e-01 
       3.135896e-01 5.107554e-01 5.045625e-01 
       3.165621e-01 5.137747e-01 5.030709e-01 
       3.195786e-01 5.168283e-01 5.016490e-01 
       3.226462e-01 5.199215e-01 5.002475e-01 
       3.257306e-01 5.230753e-01 4.989023e-01 
       3.288962e-01 5.262632e-01 4.975967e-01 
       3.320813e-01 5.294910e-01 4.963073e-01 
       3.353156e-01 5.327574e-01 4.950799e-01 
       3.385647e-01 5.360580e-01 4.938731e-01 
       3.418716e-01 5.393977e-01 4.926935e-01 
       3.452059e-01 5.427826e-01 4.915668e-01 
       3.485755e-01 5.461948e-01 4.904460e-01 
       3.519661e-01 5.496304e-01 4.893447e-01 
       3.554152e-01 5.530941e-01 4.882872e-01 
       3.588519e-01 5.565957e-01 4.872388e-01 
       3.623452e-01 5.601226e-01 4.862018e-01 
       3.658541e-01 5.636725e-01 4.851853e-01 
       3.693814e-01 5.672400e-01 4.841853e-01 
       3.729293e-01 5.708231e-01 4.831991e-01 
       3.765153e-01 5.744314e-01 4.822288e-01 
       3.800981e-01 5.780606e-01 4.812527e-01 
       3.837104e-01 5.817093e-01 4.802960e-01 
       3.873261e-01 5.853803e-01 4.793424e-01 
       3.909802e-01 5.890461e-01 4.783866e-01 
       3.946291e-01 5.927506e-01 4.774393e-01 
       3.983059e-01 5.964513e-01 4.764957e-01 
       4.019781e-01 6.001691e-01 4.755584e-01 
       4.056924e-01 6.039064e-01 4.746152e-01 
       4.093978e-01 6.076506e-01 4.736615e-01 
       4.131260e-01 6.114028e-01 4.727228e-01 
       4.168598e-01 6.151635e-01 4.717898e-01 
       4.205972e-01 6.189529e-01 4.708426e-01 
       4.243593e-01 6.227348e-01 4.699015e-01 
       4.281327e-01 6.265336e-01 4.689535e-01 
       4.319221e-01 6.303493e-01 4.679972e-01 
       4.357092e-01 6.341722e-01 4.670553e-01 
       4.395055e-01 6.379987e-01 4.660938e-01 
       4.433234e-01 6.418398e-01 4.651401e-01 
       4.471426e-01 6.456901e-01 4.641967e-01 
       4.509831e-01 6.495601e-01 4.632200e-01 
       4.548353e-01 6.534263e-01 4.622648e-01 
       4.586865e-01 6.573182e-01 4.613053e-01 
       4.625480e-01 6.612070e-01 4.603305e-01 
       4.664335e-01 6.651098e-01 4.593733e-01 
       4.703279e-01 6.690292e-01 4.583970e-01 
       4.742259e-01 6.729569e-01 4.574219e-01 
