function lajolla = lajolla()
lajolla = [ ... 
       9.998313e-01 9.997446e-01 7.999073e-01 
       9.995286e-01 9.972491e-01 7.929175e-01 
       9.992075e-01 9.947567e-01 7.859308e-01 
       9.988687e-01 9.922648e-01 7.789399e-01 
       9.985128e-01 9.897679e-01 7.719540e-01 
       9.981406e-01 9.872679e-01 7.649674e-01 
       9.977529e-01 9.847628e-01 7.579768e-01 
       9.973504e-01 9.822520e-01 7.509891e-01 
       9.969331e-01 9.797342e-01 7.439910e-01 
       9.965014e-01 9.772084e-01 7.369950e-01 
       9.960558e-01 9.746730e-01 7.299982e-01 
       9.955966e-01 9.721341e-01 7.229887e-01 
       9.951239e-01 9.695769e-01 7.159893e-01 
       9.946380e-01 9.670112e-01 7.089762e-01 
       9.941396e-01 9.644258e-01 7.019478e-01 
       9.936288e-01 9.618264e-01 6.949238e-01 
       9.931041e-01 9.592125e-01 6.878939e-01 
       9.925641e-01 9.565736e-01 6.808461e-01 
       9.920107e-01 9.539137e-01 6.738006e-01 
       9.914453e-01 9.512261e-01 6.667358e-01 
       9.908669e-01 9.485083e-01 6.596696e-01 
       9.902758e-01 9.457621e-01 6.525830e-01 
       9.896724e-01 9.429838e-01 6.454874e-01 
       9.890528e-01 9.401659e-01 6.383831e-01 
       9.884166e-01 9.373059e-01 6.312649e-01 
       9.877704e-01 9.343986e-01 6.241313e-01 
       9.871100e-01 9.314494e-01 6.169810e-01 
       9.864300e-01 9.284451e-01 6.098141e-01 
       9.857344e-01 9.253897e-01 6.026384e-01 
       9.850241e-01 9.222755e-01 5.954479e-01 
       9.842952e-01 9.190903e-01 5.882410e-01 
       9.835441e-01 9.158422e-01 5.810313e-01 
       9.827801e-01 9.125277e-01 5.738077e-01 
       9.819961e-01 9.091324e-01 5.665806e-01 
       9.811882e-01 9.056645e-01 5.593401e-01 
       9.803618e-01 9.021062e-01 5.521058e-01 
       9.795145e-01 8.984634e-01 5.448639e-01 
       9.786397e-01 8.947382e-01 5.376364e-01 
       9.777492e-01 8.909122e-01 5.304105e-01 
       9.768329e-01 8.869971e-01 5.232091e-01 
       9.758916e-01 8.829823e-01 5.160156e-01 
       9.749288e-01 8.788727e-01 5.088775e-01 
       9.739430e-01 8.746648e-01 5.017637e-01 
       9.729358e-01 8.703552e-01 4.946982e-01 
       9.719005e-01 8.659545e-01 4.876905e-01 
       9.708411e-01 8.614512e-01 4.807347e-01 
       9.697612e-01 8.568534e-01 4.738685e-01 
       9.686610e-01 8.521688e-01 4.670977e-01 
       9.675405e-01 8.473842e-01 4.604034e-01 
       9.663942e-01 8.425261e-01 4.538380e-01 
       9.652322e-01 8.375825e-01 4.473826e-01 
       9.640543e-01 8.325597e-01 4.410653e-01 
       9.628635e-01 8.274713e-01 4.349006e-01 
       9.616533e-01 8.223240e-01 4.288737e-01 
       9.604386e-01 8.171138e-01 4.230085e-01 
       9.592082e-01 8.118588e-01 4.173372e-01 
       9.579734e-01 8.065638e-01 4.118262e-01 
       9.567269e-01 8.012277e-01 4.065150e-01 
       9.554834e-01 7.958681e-01 4.013944e-01 
       9.542327e-01 7.904906e-01 3.964702e-01 
       9.529849e-01 7.851029e-01 3.917611e-01 
       9.517344e-01 7.797027e-01 3.872444e-01 
       9.504927e-01 7.743045e-01 3.829551e-01 
       9.492524e-01 7.689149e-01 3.788603e-01 
       9.480217e-01 7.635392e-01 3.749769e-01 
       9.467973e-01 7.581835e-01 3.712948e-01 
       9.455835e-01 7.528383e-01 3.678234e-01 
       9.443794e-01 7.475333e-01 3.645492e-01 
       9.431857e-01 7.422472e-01 3.614720e-01 
       9.420030e-01 7.369935e-01 3.585698e-01 
       9.408319e-01 7.317752e-01 3.558709e-01 
       9.396754e-01 7.265905e-01 3.533231e-01 
       9.385288e-01 7.214397e-01 3.509596e-01 
       9.373974e-01 7.163373e-01 3.487382e-01 
       9.362793e-01 7.112638e-01 3.466740e-01 
       9.351673e-01 7.062273e-01 3.447496e-01 
       9.340700e-01 7.012241e-01 3.429729e-01 
       9.329860e-01 6.962643e-01 3.413041e-01 
       9.319147e-01 6.913300e-01 3.397667e-01 
       9.308568e-01 6.864376e-01 3.383160e-01 
       9.298036e-01 6.815698e-01 3.369933e-01 
       9.287597e-01 6.767456e-01 3.357548e-01 
       9.277268e-01 6.719385e-01 3.346128e-01 
       9.267035e-01 6.671610e-01 3.335370e-01 
       9.256893e-01 6.624152e-01 3.325452e-01 
       9.246761e-01 6.576879e-01 3.315963e-01 
       9.236779e-01 6.529706e-01 3.307277e-01 
       9.226787e-01 6.482863e-01 3.299308e-01 
       9.216853e-01 6.436175e-01 3.291727e-01 
       9.206908e-01 6.389684e-01 3.284481e-01 
       9.197075e-01 6.343360e-01 3.277688e-01 
       9.187212e-01 6.297035e-01 3.271298e-01 
       9.177452e-01 6.250917e-01 3.265254e-01 
       9.167618e-01 6.204941e-01 3.259526e-01 
       9.157745e-01 6.158912e-01 3.254081e-01 
       9.147955e-01 6.113064e-01 3.248887e-01 
       9.138139e-01 6.067224e-01 3.243907e-01 
       9.128239e-01 6.021392e-01 3.239122e-01 
       9.118318e-01 5.975651e-01 3.234530e-01 
       9.108366e-01 5.929936e-01 3.230098e-01 
       9.098341e-01 5.884083e-01 3.225738e-01 
       9.088213e-01 5.838365e-01 3.221398e-01 
       9.078064e-01 5.792649e-01 3.217153e-01 
       9.067747e-01 5.746740e-01 3.213084e-01 
       9.057351e-01 5.700900e-01 3.209140e-01 
       9.046773e-01 5.654977e-01 3.205214e-01 
       9.036073e-01 5.609039e-01 3.201252e-01 
       9.025199e-01 5.562960e-01 3.197289e-01 
       9.014106e-01 5.516908e-01 3.193363e-01 
       9.002816e-01 5.470634e-01 3.189471e-01 
       8.991286e-01 5.424308e-01 3.185590e-01 
       8.979448e-01 5.377860e-01 3.181705e-01 
       8.967356e-01 5.331187e-01 3.177805e-01 
       8.954884e-01 5.284463e-01 3.173884e-01 
       8.942058e-01 5.237534e-01 3.169944e-01 
       8.928800e-01 5.190487e-01 3.165991e-01 
       8.915107e-01 5.143218e-01 3.162006e-01 
       8.900914e-01 5.095695e-01 3.157926e-01 
       8.886219e-01 5.048060e-01 3.153696e-01 
       8.870885e-01 5.000074e-01 3.149376e-01 
       8.854944e-01 4.952048e-01 3.145071e-01 
       8.838320e-01 4.903715e-01 3.140761e-01 
       8.820897e-01 4.855046e-01 3.136316e-01 
       8.802681e-01 4.806218e-01 3.131666e-01 
       8.783628e-01 4.757214e-01 3.126852e-01 
       8.763601e-01 4.707843e-01 3.121933e-01 
       8.742602e-01 4.658132e-01 3.116977e-01 
       8.720571e-01 4.608293e-01 3.111977e-01 
       8.697316e-01 4.558217e-01 3.106763e-01 
       8.672916e-01 4.507884e-01 3.101257e-01 
       8.647253e-01 4.457210e-01 3.095589e-01 
       8.620288e-01 4.406427e-01 3.089724e-01 
       8.591841e-01 4.355563e-01 3.083479e-01 
       8.561983e-01 4.304358e-01 3.077035e-01 
       8.530590e-01 4.253097e-01 3.070547e-01 
       8.497656e-01 4.201664e-01 3.063845e-01 
       8.463024e-01 4.150228e-01 3.056749e-01 
       8.426823e-01 4.098859e-01 3.049243e-01 
       8.388830e-01 4.047348e-01 3.041481e-01 
       8.349160e-01 3.996035e-01 3.033435e-01 
       8.307726e-01 3.944995e-01 3.025085e-01 
       8.264504e-01 3.894152e-01 3.016436e-01 
       8.219540e-01 3.843556e-01 3.007462e-01 
       8.172750e-01 3.793406e-01 2.998206e-01 
       8.124246e-01 3.743776e-01 2.988500e-01 
       8.074058e-01 3.694525e-01 2.978323e-01 
       8.022124e-01 3.645947e-01 2.967996e-01 
       7.968572e-01 3.598131e-01 2.957018e-01 
       7.913457e-01 3.551173e-01 2.945750e-01 
       7.856832e-01 3.504881e-01 2.934132e-01 
       7.798688e-01 3.459350e-01 2.922176e-01 
       7.739178e-01 3.415094e-01 2.909777e-01 
       7.678387e-01 3.371763e-01 2.896936e-01 
       7.616400e-01 3.329545e-01 2.883659e-01 
       7.553315e-01 3.288324e-01 2.869935e-01 
       7.489104e-01 3.248129e-01 2.855874e-01 
       7.424036e-01 3.209397e-01 2.841485e-01 
       7.358009e-01 3.171628e-01 2.826804e-01 
       7.291292e-01 3.135145e-01 2.811270e-01 
       7.223830e-01 3.099833e-01 2.795779e-01 
       7.155885e-01 3.065609e-01 2.779600e-01 
       7.087322e-01 3.032346e-01 2.763143e-01 
       7.018212e-01 3.000451e-01 2.745974e-01 
       6.948823e-01 2.969653e-01 2.728618e-01 
       6.879128e-01 2.939597e-01 2.710846e-01 
       6.809062e-01 2.910827e-01 2.692662e-01 
       6.738889e-01 2.882755e-01 2.673631e-01 
       6.668457e-01 2.855565e-01 2.654631e-01 
       6.597974e-01 2.829503e-01 2.635151e-01 
