function lapaz = lapaz()
lapaz = [ ... 
       1.035158e-01 4.778717e-02 3.935301e-01 
       1.048910e-01 5.352062e-02 3.967426e-01 
       1.063836e-01 5.914815e-02 3.999619e-01 
       1.077197e-01 6.448315e-02 4.031854e-01 
       1.091042e-01 6.975962e-02 4.064010e-01 
       1.104486e-01 7.482732e-02 4.096139e-01 
       1.117492e-01 7.982910e-02 4.128313e-01 
       1.130495e-01 8.479572e-02 4.160305e-01 
       1.142429e-01 8.964281e-02 4.192405e-01 
       1.155103e-01 9.444646e-02 4.224311e-01 
       1.167305e-01 9.912579e-02 4.256367e-01 
       1.179334e-01 1.038129e-01 4.288295e-01 
       1.191055e-01 1.083844e-01 4.320273e-01 
       1.202354e-01 1.130253e-01 4.352049e-01 
       1.213609e-01 1.175072e-01 4.383715e-01 
       1.224797e-01 1.219826e-01 4.415408e-01 
       1.235924e-01 1.264833e-01 4.447036e-01 
       1.246957e-01 1.309363e-01 4.478392e-01 
       1.258067e-01 1.353236e-01 4.509890e-01 
       1.268277e-01 1.396718e-01 4.541206e-01 
       1.279068e-01 1.440708e-01 4.572362e-01 
       1.289156e-01 1.483824e-01 4.603411e-01 
       1.299932e-01 1.526987e-01 4.634410e-01 
       1.309921e-01 1.570102e-01 4.665340e-01 
       1.319885e-01 1.613194e-01 4.696149e-01 
       1.329833e-01 1.655341e-01 4.726645e-01 
       1.339788e-01 1.698256e-01 4.757178e-01 
       1.349692e-01 1.740465e-01 4.787437e-01 
       1.358928e-01 1.782920e-01 4.817636e-01 
       1.368921e-01 1.824605e-01 4.847571e-01 
       1.378892e-01 1.866729e-01 4.877558e-01 
       1.388188e-01 1.908541e-01 4.907261e-01 
       1.397535e-01 1.950431e-01 4.936676e-01 
       1.407658e-01 1.991846e-01 4.965967e-01 
       1.417124e-01 2.033604e-01 4.995129e-01 
       1.426647e-01 2.075078e-01 5.024161e-01 
       1.436256e-01 2.116530e-01 5.052895e-01 
       1.445933e-01 2.157763e-01 5.081623e-01 
       1.455753e-01 2.198935e-01 5.109902e-01 
       1.464966e-01 2.239816e-01 5.138168e-01 
       1.474935e-01 2.281073e-01 5.166076e-01 
       1.484407e-01 2.321959e-01 5.193864e-01 
       1.494608e-01 2.362826e-01 5.221316e-01 
       1.504390e-01 2.403312e-01 5.248701e-01 
       1.514232e-01 2.444005e-01 5.275777e-01 
       1.524256e-01 2.484938e-01 5.302648e-01 
       1.534444e-01 2.525345e-01 5.329275e-01 
       1.544815e-01 2.565720e-01 5.355581e-01 
       1.555397e-01 2.606141e-01 5.381834e-01 
       1.566041e-01 2.646390e-01 5.407643e-01 
       1.576461e-01 2.686766e-01 5.433295e-01 
       1.587553e-01 2.726765e-01 5.458705e-01 
       1.598132e-01 2.766984e-01 5.483835e-01 
       1.609640e-01 2.806752e-01 5.508627e-01 
       1.621108e-01 2.846749e-01 5.533151e-01 
       1.632613e-01 2.886712e-01 5.557444e-01 
       1.644319e-01 2.926424e-01 5.581505e-01 
       1.655855e-01 2.966232e-01 5.605329e-01 
       1.668433e-01 3.005732e-01 5.628867e-01 
       1.680539e-01 3.045336e-01 5.651941e-01 
       1.693536e-01 3.084875e-01 5.674952e-01 
       1.706139e-01 3.124099e-01 5.697506e-01 
       1.719198e-01 3.163628e-01 5.719894e-01 
       1.732609e-01 3.202914e-01 5.741881e-01 
       1.746483e-01 3.241893e-01 5.763754e-01 
       1.760057e-01 3.281017e-01 5.785083e-01 
       1.774786e-01 3.320075e-01 5.806250e-01 
       1.789231e-01 3.358951e-01 5.827040e-01 
       1.803942e-01 3.397885e-01 5.847621e-01 
       1.819106e-01 3.436518e-01 5.867794e-01 
       1.834760e-01 3.475299e-01 5.887646e-01 
       1.850947e-01 3.513809e-01 5.907263e-01 
       1.867039e-01 3.552436e-01 5.926616e-01 
       1.883903e-01 3.590652e-01 5.945483e-01 
       1.900724e-01 3.629009e-01 5.964113e-01 
       1.918134e-01 3.667330e-01 5.982351e-01 
       1.936133e-01 3.705365e-01 6.000358e-01 
       1.954238e-01 3.743558e-01 6.017962e-01 
       1.973032e-01 3.781444e-01 6.035306e-01 
       1.991910e-01 3.819292e-01 6.052204e-01 
       2.011449e-01 3.857033e-01 6.068881e-01 
       2.031655e-01 3.894786e-01 6.085178e-01 
       2.052110e-01 3.932353e-01 6.101014e-01 
       2.073193e-01 3.969800e-01 6.116616e-01 
       2.094530e-01 4.007392e-01 6.131788e-01 
       2.116652e-01 4.044499e-01 6.146659e-01 
       2.139007e-01 4.081727e-01 6.161226e-01 
       2.162128e-01 4.118812e-01 6.175356e-01 
       2.185462e-01 4.155770e-01 6.189233e-01 
       2.209633e-01 4.192680e-01 6.202642e-01 
       2.234067e-01 4.229318e-01 6.215596e-01 
       2.259262e-01 4.266008e-01 6.228321e-01 
       2.284950e-01 4.302549e-01 6.240659e-01 
       2.311102e-01 4.338844e-01 6.252529e-01 
       2.337720e-01 4.375276e-01 6.264059e-01 
       2.365374e-01 4.411295e-01 6.275223e-01 
       2.393244e-01 4.447414e-01 6.286016e-01 
       2.421786e-01 4.483220e-01 6.296316e-01 
       2.450821e-01 4.519016e-01 6.306356e-01 
       2.480917e-01 4.554567e-01 6.315881e-01 
       2.511240e-01 4.590030e-01 6.325030e-01 
       2.542230e-01 4.625235e-01 6.333783e-01 
       2.573780e-01 4.660385e-01 6.342147e-01 
       2.606011e-01 4.695504e-01 6.350003e-01 
       2.639014e-01 4.730160e-01 6.357488e-01 
       2.672214e-01 4.764876e-01 6.364603e-01 
       2.706620e-01 4.799386e-01 6.371210e-01 
       2.741238e-01 4.833577e-01 6.377384e-01 
       2.776637e-01 4.867719e-01 6.383140e-01 
       2.812491e-01 4.901614e-01 6.388455e-01 
       2.849095e-01 4.935284e-01 6.393334e-01 
       2.886448e-01 4.968769e-01 6.397777e-01 
       2.924259e-01 5.002030e-01 6.401751e-01 
       2.962759e-01 5.035084e-01 6.405242e-01 
       3.001798e-01 5.067931e-01 6.408265e-01 
       3.041470e-01 5.100524e-01 6.410835e-01 
       3.081752e-01 5.132893e-01 6.412956e-01 
       3.122516e-01 5.164937e-01 6.414621e-01 
       3.164184e-01 5.196765e-01 6.415818e-01 
       3.206257e-01 5.228371e-01 6.416542e-01 
       3.248637e-01 5.259658e-01 6.416790e-01 
       3.291977e-01 5.290696e-01 6.416558e-01 
       3.335613e-01 5.321356e-01 6.415848e-01 
       3.379696e-01 5.351702e-01 6.414660e-01 
       3.424551e-01 5.381884e-01 6.412999e-01 
       3.469790e-01 5.411540e-01 6.410873e-01 
       3.515406e-01 5.441028e-01 6.408289e-01 
       3.561702e-01 5.470141e-01 6.405241e-01 
       3.608193e-01 5.498912e-01 6.401713e-01 
       3.655409e-01 5.527310e-01 6.397688e-01 
       3.702898e-01 5.555308e-01 6.393183e-01 
       3.750880e-01 5.582995e-01 6.388229e-01 
       3.799276e-01 5.610353e-01 6.382827e-01 
       3.847966e-01 5.637385e-01 6.376973e-01 
       3.897088e-01 5.663898e-01 6.370694e-01 
       3.946578e-01 5.690005e-01 6.363967e-01 
       3.996299e-01 5.715796e-01 6.356729e-01 
       4.046439e-01 5.741142e-01 6.349139e-01 
       4.096953e-01 5.766219e-01 6.341158e-01 
       4.147597e-01 5.790726e-01 6.332685e-01 
       4.198591e-01 5.814818e-01 6.323844e-01 
       4.249821e-01 5.838553e-01 6.314628e-01 
       4.301224e-01 5.861911e-01 6.305054e-01 
       4.352946e-01 5.884725e-01 6.295010e-01 
       4.404689e-01 5.907240e-01 6.284757e-01 
       4.456702e-01 5.929383e-01 6.274051e-01 
       4.509006e-01 5.950973e-01 6.263054e-01 
       4.561349e-01 5.972262e-01 6.251766e-01 
       4.613910e-01 5.993094e-01 6.240227e-01 
       4.666575e-01 6.013470e-01 6.228320e-01 
       4.719401e-01 6.033546e-01 6.216143e-01 
       4.772224e-01 6.053134e-01 6.203880e-01 
       4.825248e-01 6.072484e-01 6.191303e-01 
       4.878414e-01 6.091364e-01 6.178424e-01 
       4.931471e-01 6.109860e-01 6.165511e-01 
       4.984894e-01 6.127946e-01 6.152316e-01 
       5.038187e-01 6.145764e-01 6.139044e-01 
       5.091651e-01 6.163329e-01 6.125694e-01 
       5.145194e-01 6.180483e-01 6.112318e-01 
       5.198694e-01 6.197425e-01 6.098762e-01 
       5.252432e-01 6.213957e-01 6.085315e-01 
       5.306197e-01 6.230346e-01 6.071773e-01 
       5.360019e-01 6.246433e-01 6.058150e-01 
       5.413925e-01 6.262288e-01 6.044807e-01 
       5.468067e-01 6.277998e-01 6.031425e-01 
       5.522242e-01 6.293464e-01 6.018175e-01 
       5.576504e-01 6.308893e-01 6.005119e-01 
       5.630950e-01 6.324092e-01 5.992309e-01 
       5.685437e-01 6.339270e-01 5.979628e-01 
