function lisbon = lisbon()
lisbon = [ ... 
       9.001887e-01 8.998610e-01 9.999097e-01 
       8.895658e-01 8.920987e-01 9.936033e-01 
       8.789529e-01 8.843469e-01 9.873021e-01 
       8.683593e-01 8.766010e-01 9.810038e-01 
       8.577633e-01 8.688783e-01 9.747116e-01 
       8.471850e-01 8.611529e-01 9.684316e-01 
       8.366224e-01 8.534417e-01 9.621505e-01 
       8.260671e-01 8.457440e-01 9.558853e-01 
       8.155266e-01 8.380584e-01 9.496162e-01 
       8.049949e-01 8.303789e-01 9.433596e-01 
       7.944804e-01 8.227090e-01 9.371079e-01 
       7.839779e-01 8.150459e-01 9.308601e-01 
       7.734785e-01 8.073968e-01 9.246153e-01 
       7.629999e-01 7.997571e-01 9.183825e-01 
       7.525329e-01 7.921189e-01 9.121550e-01 
       7.420839e-01 7.844983e-01 9.059348e-01 
       7.316440e-01 7.768814e-01 8.997179e-01 
       7.212151e-01 7.692659e-01 8.935029e-01 
       7.108089e-01 7.616665e-01 8.872985e-01 
       7.004092e-01 7.540782e-01 8.811013e-01 
       6.900250e-01 7.464907e-01 8.749072e-01 
       6.796509e-01 7.389181e-01 8.687250e-01 
       6.693019e-01 7.313417e-01 8.625427e-01 
       6.589554e-01 7.237793e-01 8.563615e-01 
       6.486329e-01 7.162299e-01 8.501911e-01 
       6.383216e-01 7.086809e-01 8.440234e-01 
       6.280283e-01 7.011337e-01 8.378668e-01 
       6.177418e-01 6.935962e-01 8.317123e-01 
       6.074845e-01 6.860684e-01 8.255544e-01 
       5.972320e-01 6.785428e-01 8.194050e-01 
       5.869916e-01 6.710265e-01 8.132620e-01 
       5.767822e-01 6.635168e-01 8.071258e-01 
       5.665779e-01 6.560077e-01 8.009844e-01 
       5.563855e-01 6.484975e-01 7.948485e-01 
       5.462280e-01 6.409957e-01 7.887150e-01 
       5.360686e-01 6.335054e-01 7.825764e-01 
       5.259387e-01 6.260090e-01 7.764417e-01 
       5.158123e-01 6.185248e-01 7.702999e-01 
       5.057133e-01 6.110361e-01 7.641561e-01 
       4.956404e-01 6.035501e-01 7.580098e-01 
       4.855783e-01 5.960606e-01 7.518539e-01 
       4.755491e-01 5.885705e-01 7.456831e-01 
       4.655146e-01 5.810897e-01 7.395115e-01 
       4.555248e-01 5.736054e-01 7.333110e-01 
       4.455411e-01 5.661152e-01 7.270952e-01 
       4.355995e-01 5.586171e-01 7.208573e-01 
       4.256627e-01 5.511284e-01 7.145941e-01 
       4.157575e-01 5.436263e-01 7.083062e-01 
       4.058893e-01 5.361173e-01 7.019715e-01 
       3.960383e-01 5.286075e-01 6.956086e-01 
       3.862099e-01 5.210790e-01 6.891963e-01 
       3.764450e-01 5.135499e-01 6.827230e-01 
       3.666967e-01 5.059966e-01 6.761995e-01 
       3.569965e-01 4.984589e-01 6.696125e-01 
       3.473369e-01 4.908969e-01 6.629538e-01 
       3.377162e-01 4.833067e-01 6.562175e-01 
       3.281605e-01 4.757295e-01 6.493959e-01 
       3.186677e-01 4.681232e-01 6.424828e-01 
       3.092553e-01 4.605118e-01 6.354721e-01 
       2.998903e-01 4.529078e-01 6.283698e-01 
       2.906170e-01 4.452781e-01 6.211508e-01 
       2.814466e-01 4.376597e-01 6.138172e-01 
       2.723696e-01 4.300217e-01 6.063778e-01 
       2.634411e-01 4.223830e-01 5.988185e-01 
       2.546151e-01 4.147650e-01 5.911356e-01 
       2.459009e-01 4.071491e-01 5.833295e-01 
       2.373948e-01 3.995378e-01 5.754086e-01 
       2.290050e-01 3.919641e-01 5.673634e-01 
       2.208227e-01 3.844004e-01 5.591933e-01 
       2.127845e-01 3.768813e-01 5.509154e-01 
       2.049860e-01 3.693796e-01 5.425270e-01 
       1.973976e-01 3.619319e-01 5.340218e-01 
       1.900246e-01 3.545268e-01 5.254322e-01 
       1.828828e-01 3.471766e-01 5.167449e-01 
       1.759862e-01 3.398796e-01 5.079791e-01 
       1.694046e-01 3.326517e-01 4.991234e-01 
       1.630177e-01 3.254632e-01 4.902123e-01 
       1.568918e-01 3.183801e-01 4.812356e-01 
       1.510329e-01 3.113589e-01 4.722241e-01 
       1.454887e-01 3.044175e-01 4.631496e-01 
       1.401188e-01 2.975608e-01 4.540687e-01 
       1.350864e-01 2.907793e-01 4.449572e-01 
       1.303009e-01 2.840814e-01 4.358294e-01 
       1.257200e-01 2.774801e-01 4.266888e-01 
       1.213485e-01 2.709552e-01 4.175579e-01 
       1.172719e-01 2.644990e-01 4.084241e-01 
       1.134543e-01 2.581248e-01 3.993001e-01 
       1.098119e-01 2.518630e-01 3.902055e-01 
       1.063467e-01 2.456353e-01 3.811457e-01 
       1.030595e-01 2.395239e-01 3.720836e-01 
       9.994141e-02 2.334516e-01 3.630708e-01 
       9.700160e-02 2.274982e-01 3.540901e-01 
       9.430315e-02 2.215854e-01 3.451519e-01 
       9.171321e-02 2.157645e-01 3.362415e-01 
       8.922021e-02 2.099898e-01 3.273813e-01 
       8.691938e-02 2.043203e-01 3.185736e-01 
       8.471731e-02 1.986655e-01 3.098178e-01 
       8.264412e-02 1.931300e-01 3.010829e-01 
       8.069628e-02 1.876775e-01 2.924275e-01 
       7.884925e-02 1.822280e-01 2.838226e-01 
       7.715669e-02 1.769160e-01 2.752880e-01 
       7.561550e-02 1.716636e-01 2.667940e-01 
       7.421892e-02 1.665134e-01 2.583778e-01 
       7.290738e-02 1.614583e-01 2.500247e-01 
       7.172214e-02 1.564733e-01 2.417832e-01 
       7.063687e-02 1.515635e-01 2.335797e-01 
       6.975591e-02 1.467942e-01 2.255095e-01 
       6.899309e-02 1.421662e-01 2.175203e-01 
       6.830082e-02 1.376714e-01 2.096309e-01 
       6.777208e-02 1.332771e-01 2.018569e-01 
       6.739503e-02 1.290334e-01 1.942660e-01 
       6.716540e-02 1.249925e-01 1.867548e-01 
       6.708612e-02 1.211038e-01 1.794299e-01 
       6.716002e-02 1.174505e-01 1.722743e-01 
       6.738986e-02 1.140037e-01 1.652991e-01 
       6.777851e-02 1.108191e-01 1.585969e-01 
       6.833747e-02 1.078142e-01 1.520472e-01 
       6.908438e-02 1.050988e-01 1.458168e-01 
       6.990851e-02 1.027233e-01 1.397602e-01 
       7.095756e-02 1.005916e-01 1.340936e-01 
       7.214960e-02 9.881203e-02 1.286612e-01 
       7.363926e-02 9.734732e-02 1.235583e-01 
       7.517566e-02 9.619870e-02 1.188650e-01 
       7.695551e-02 9.549292e-02 1.144229e-01 
       7.897663e-02 9.511924e-02 1.104699e-01 
       8.127204e-02 9.509535e-02 1.068450e-01 
       8.373032e-02 9.542722e-02 1.035821e-01 
       8.637616e-02 9.609995e-02 1.006865e-01 
       8.931782e-02 9.721186e-02 9.826331e-02 
       9.244488e-02 9.869674e-02 9.614191e-02 
       9.582323e-02 1.005049e-01 9.453904e-02 
       9.943409e-02 1.027010e-01 9.317608e-02 
       1.033101e-01 1.051836e-01 9.231212e-02 
       1.073639e-01 1.080253e-01 9.180687e-02 
       1.116541e-01 1.112228e-01 9.162268e-02 
       1.161512e-01 1.146060e-01 9.177880e-02 
       1.207918e-01 1.183933e-01 9.223363e-02 
       1.257189e-01 1.223023e-01 9.297219e-02 
       1.307868e-01 1.265500e-01 9.411534e-02 
       1.359578e-01 1.310086e-01 9.547951e-02 
       1.413938e-01 1.356134e-01 9.705230e-02 
       1.468920e-01 1.404699e-01 9.893759e-02 
       1.525484e-01 1.454966e-01 1.010106e-01 
       1.583680e-01 1.506211e-01 1.033389e-01 
       1.642717e-01 1.559425e-01 1.058030e-01 
       1.702572e-01 1.613800e-01 1.084133e-01 
       1.763289e-01 1.669226e-01 1.112764e-01 
       1.825229e-01 1.725547e-01 1.141862e-01 
       1.888156e-01 1.783420e-01 1.172817e-01 
       1.951540e-01 1.841619e-01 1.204890e-01 
       2.015483e-01 1.900900e-01 1.238052e-01 
       2.080452e-01 1.961077e-01 1.272275e-01 
       2.145787e-01 2.021587e-01 1.307859e-01 
       2.211896e-01 2.083086e-01 1.343761e-01 
       2.278331e-01 2.145038e-01 1.380466e-01 
       2.345356e-01 2.207783e-01 1.417655e-01 
       2.412662e-01 2.270652e-01 1.455857e-01 
       2.480691e-01 2.333924e-01 1.494241e-01 
       2.549004e-01 2.398040e-01 1.532971e-01 
       2.617568e-01 2.462364e-01 1.572548e-01 
       2.686772e-01 2.527286e-01 1.612891e-01 
       2.756330e-01 2.592568e-01 1.652782e-01 
       2.826166e-01 2.658051e-01 1.694059e-01 
       2.896269e-01 2.723765e-01 1.734851e-01 
       2.966862e-01 2.790242e-01 1.776588e-01 
       3.037618e-01 2.856595e-01 1.817895e-01 
       3.109008e-01 2.923606e-01 1.860276e-01 
       3.180440e-01 2.990915e-01 1.902349e-01 
       3.252184e-01 3.058510e-01 1.945191e-01 
