function nuuk = nuuk()
nuuk = [ ... 
       1.801267e-02 3.507589e-01 5.506212e-01 
       2.592602e-02 3.517680e-01 5.491693e-01 
       3.382561e-02 3.528112e-01 5.477160e-01 
       4.200472e-02 3.538409e-01 5.462806e-01 
       4.933822e-02 3.549078e-01 5.448398e-01 
       5.601679e-02 3.559592e-01 5.434144e-01 
       6.226534e-02 3.570284e-01 5.419943e-01 
       6.812790e-02 3.581005e-01 5.405926e-01 
       7.370150e-02 3.591816e-01 5.391981e-01 
       7.889245e-02 3.602825e-01 5.378260e-01 
       8.404569e-02 3.614061e-01 5.364604e-01 
       8.891069e-02 3.625382e-01 5.351060e-01 
       9.362503e-02 3.636830e-01 5.337702e-01 
       9.827696e-02 3.648499e-01 5.324690e-01 
       1.027668e-01 3.660433e-01 5.311731e-01 
       1.071964e-01 3.672381e-01 5.299045e-01 
       1.115302e-01 3.684733e-01 5.286604e-01 
       1.157961e-01 3.697113e-01 5.274330e-01 
       1.199833e-01 3.709779e-01 5.262398e-01 
       1.241528e-01 3.722732e-01 5.250658e-01 
       1.283232e-01 3.736004e-01 5.239253e-01 
       1.324365e-01 3.749438e-01 5.228160e-01 
       1.364999e-01 3.763271e-01 5.217295e-01 
       1.406157e-01 3.777206e-01 5.206891e-01 
       1.446860e-01 3.791513e-01 5.196782e-01 
       1.487187e-01 3.806203e-01 5.187142e-01 
       1.527866e-01 3.821026e-01 5.177777e-01 
       1.568796e-01 3.836390e-01 5.168801e-01 
       1.609666e-01 3.851872e-01 5.160153e-01 
       1.650339e-01 3.867801e-01 5.152094e-01 
       1.691883e-01 3.884179e-01 5.144501e-01 
       1.732836e-01 3.900738e-01 5.137280e-01 
       1.774578e-01 3.917841e-01 5.130492e-01 
       1.815917e-01 3.935171e-01 5.124217e-01 
       1.858300e-01 3.952998e-01 5.118454e-01 
       1.900257e-01 3.971041e-01 5.113210e-01 
       1.943050e-01 3.989584e-01 5.108498e-01 
       1.985494e-01 4.008683e-01 5.104329e-01 
       2.028680e-01 4.027851e-01 5.100709e-01 
       2.072275e-01 4.047520e-01 5.097650e-01 
       2.116079e-01 4.067696e-01 5.095163e-01 
       2.160225e-01 4.088193e-01 5.093255e-01 
       2.204679e-01 4.109145e-01 5.091933e-01 
       2.249065e-01 4.130475e-01 5.091200e-01 
       2.294275e-01 4.152087e-01 5.091061e-01 
       2.339797e-01 4.174247e-01 5.091522e-01 
       2.385549e-01 4.196704e-01 5.092585e-01 
       2.431692e-01 4.219445e-01 5.094257e-01 
       2.478442e-01 4.242742e-01 5.096540e-01 
       2.525186e-01 4.266364e-01 5.099438e-01 
       2.572348e-01 4.290352e-01 5.102948e-01 
       2.619803e-01 4.314764e-01 5.107067e-01 
       2.667570e-01 4.339287e-01 5.111795e-01 
       2.715616e-01 4.364424e-01 5.117130e-01 
       2.764268e-01 4.389690e-01 5.123067e-01 
       2.812788e-01 4.415468e-01 5.129600e-01 
       2.861739e-01 4.441496e-01 5.136744e-01 
       2.911207e-01 4.467732e-01 5.144420e-01 
       2.960666e-01 4.494349e-01 5.152560e-01 
       3.010396e-01 4.521258e-01 5.161287e-01 
       3.060669e-01 4.548387e-01 5.170716e-01 
       3.110844e-01 4.575679e-01 5.180535e-01 
       3.161363e-01 4.603271e-01 5.190879e-01 
       3.211947e-01 4.631123e-01 5.201584e-01 
       3.262711e-01 4.659246e-01 5.212925e-01 
       3.313761e-01 4.687633e-01 5.224665e-01 
       3.365029e-01 4.716173e-01 5.236906e-01 
       3.416464e-01 4.744838e-01 5.249500e-01 
       3.467987e-01 4.773648e-01 5.262555e-01 
       3.519493e-01 4.802697e-01 5.275889e-01 
       3.571415e-01 4.831824e-01 5.289718e-01 
       3.623170e-01 4.861154e-01 5.303744e-01 
       3.675006e-01 4.890600e-01 5.318153e-01 
       3.727027e-01 4.920241e-01 5.332814e-01 
       3.779138e-01 4.949934e-01 5.347821e-01 
       3.831318e-01 4.979785e-01 5.363063e-01 
       3.883424e-01 5.009589e-01 5.378551e-01 
       3.935566e-01 5.039559e-01 5.394109e-01 
       3.987767e-01 5.069544e-01 5.409961e-01 
       4.040000e-01 5.099648e-01 5.426022e-01 
       4.092175e-01 5.129814e-01 5.442116e-01 
       4.144323e-01 5.159947e-01 5.458405e-01 
       4.196498e-01 5.190332e-01 5.474666e-01 
       4.248574e-01 5.220479e-01 5.491119e-01 
       4.300560e-01 5.250861e-01 5.507514e-01 
       4.352569e-01 5.281169e-01 5.523989e-01 
       4.404315e-01 5.311512e-01 5.540395e-01 
       4.456041e-01 5.341808e-01 5.556728e-01 
       4.507765e-01 5.372239e-01 5.573219e-01 
       4.559256e-01 5.402480e-01 5.589382e-01 
       4.610632e-01 5.432808e-01 5.605595e-01 
       4.661841e-01 5.463128e-01 5.621715e-01 
       4.712978e-01 5.493326e-01 5.637595e-01 
       4.763816e-01 5.523532e-01 5.653185e-01 
       4.814470e-01 5.553593e-01 5.668826e-01 
       4.864939e-01 5.583662e-01 5.684061e-01 
       4.915292e-01 5.613752e-01 5.699108e-01 
       4.965114e-01 5.643730e-01 5.713937e-01 
       5.014975e-01 5.673625e-01 5.728532e-01 
       5.064340e-01 5.703337e-01 5.742645e-01 
       5.113511e-01 5.733107e-01 5.756636e-01 
       5.162335e-01 5.762753e-01 5.770152e-01 
       5.210921e-01 5.792179e-01 5.783254e-01 
       5.259128e-01 5.821464e-01 5.796134e-01 
       5.306927e-01 5.850769e-01 5.808451e-01 
       5.354310e-01 5.879762e-01 5.820379e-01 
       5.401371e-01 5.908736e-01 5.831892e-01 
       5.448017e-01 5.937548e-01 5.842971e-01 
       5.494218e-01 5.966185e-01 5.853612e-01 
       5.539924e-01 5.994648e-01 5.863652e-01 
       5.585118e-01 6.022866e-01 5.873187e-01 
       5.630017e-01 6.050945e-01 5.882229e-01 
       5.674266e-01 6.078880e-01 5.890756e-01 
       5.717985e-01 6.106513e-01 5.898756e-01 
       5.761296e-01 6.133893e-01 5.906211e-01 
       5.803898e-01 6.161176e-01 5.913113e-01 
       5.845992e-01 6.188233e-01 5.919462e-01 
       5.887448e-01 6.214884e-01 5.925201e-01 
       5.928502e-01 6.241462e-01 5.930309e-01 
       5.968814e-01 6.267660e-01 5.934824e-01 
       6.008482e-01 6.293639e-01 5.938759e-01 
       6.047622e-01 6.319396e-01 5.942104e-01 
       6.086138e-01 6.344885e-01 5.944852e-01 
       6.123859e-01 6.370046e-01 5.947001e-01 
       6.161080e-01 6.394920e-01 5.948551e-01 
       6.197657e-01 6.419512e-01 5.949504e-01 
       6.233530e-01 6.443792e-01 5.949861e-01 
       6.268689e-01 6.467876e-01 5.949626e-01 
       6.303297e-01 6.491630e-01 5.948805e-01 
       6.337197e-01 6.515055e-01 5.947402e-01 
       6.370434e-01 6.538159e-01 5.945424e-01 
       6.403018e-01 6.561058e-01 5.942880e-01 
       6.434890e-01 6.583555e-01 5.939777e-01 
       6.466218e-01 6.605773e-01 5.936130e-01 
       6.496880e-01 6.627802e-01 5.931953e-01 
       6.526814e-01 6.649391e-01 5.927253e-01 
       6.556249e-01 6.670784e-01 5.922007e-01 
       6.584977e-01 6.691909e-01 5.916207e-01 
       6.613147e-01 6.712691e-01 5.909911e-01 
       6.640711e-01 6.733243e-01 5.903148e-01 
       6.667617e-01 6.753474e-01 5.895920e-01 
       6.694073e-01 6.773521e-01 5.888245e-01 
       6.719883e-01 6.793156e-01 5.880140e-01 
       6.745155e-01 6.812604e-01 5.871615e-01 
       6.769957e-01 6.831878e-01 5.862702e-01 
       6.794107e-01 6.850856e-01 5.853374e-01 
       6.817822e-01 6.869579e-01 5.843557e-01 
       6.841062e-01 6.888135e-01 5.833400e-01 
       6.863879e-01 6.906334e-01 5.822901e-01 
       6.886234e-01 6.924509e-01 5.812077e-01 
       6.908027e-01 6.942258e-01 5.800964e-01 
       6.929578e-01 6.960016e-01 5.789447e-01 
       6.950565e-01 6.977439e-01 5.777582e-01 
       6.971232e-01 6.994737e-01 5.765627e-01 
       6.991507e-01 7.011892e-01 5.753191e-01 
       7.011479e-01 7.028891e-01 5.740522e-01 
       7.031114e-01 7.045677e-01 5.727732e-01 
       7.050373e-01 7.062387e-01 5.714548e-01 
       7.069393e-01 7.078879e-01 5.701188e-01 
       7.088117e-01 7.095338e-01 5.687657e-01 
       7.106523e-01 7.111642e-01 5.673985e-01 
       7.124652e-01 7.127759e-01 5.660016e-01 
       7.142615e-01 7.143863e-01 5.645927e-01 
       7.160432e-01 7.159960e-01 5.631753e-01 
       7.177953e-01 7.175895e-01 5.617353e-01 
       7.195304e-01 7.191732e-01 5.602826e-01 
       7.212434e-01 7.207512e-01 5.588117e-01 
       7.229475e-01 7.223273e-01 5.573505e-01 
       7.246439e-01 7.239040e-01 5.558542e-01 
