function oleron = oleron()
oleron = [ ... 
       1.010511e-01 1.500288e-01 3.502678e-01 
       1.072109e-01 1.557868e-01 3.560851e-01 
       1.132877e-01 1.615904e-01 3.619200e-01 
       1.192683e-01 1.673937e-01 3.677652e-01 
       1.252517e-01 1.732236e-01 3.736492e-01 
       1.312242e-01 1.791091e-01 3.795439e-01 
       1.371677e-01 1.850246e-01 3.854570e-01 
       1.431042e-01 1.909335e-01 3.914119e-01 
       1.490354e-01 1.969169e-01 3.973681e-01 
       1.549828e-01 2.028791e-01 4.033635e-01 
       1.609541e-01 2.088938e-01 4.093717e-01 
       1.669401e-01 2.149218e-01 4.154047e-01 
       1.729080e-01 2.210151e-01 4.214585e-01 
       1.789359e-01 2.270904e-01 4.275562e-01 
       1.849795e-01 2.331816e-01 4.336487e-01 
       1.910195e-01 2.393372e-01 4.397892e-01 
       1.971249e-01 2.454826e-01 4.459357e-01 
       2.032249e-01 2.516937e-01 4.521285e-01 
       2.093591e-01 2.578796e-01 4.583207e-01 
       2.155265e-01 2.641320e-01 4.645556e-01 
       2.217098e-01 2.703918e-01 4.707983e-01 
       2.279412e-01 2.766638e-01 4.770649e-01 
       2.341731e-01 2.829659e-01 4.833542e-01 
       2.404189e-01 2.892866e-01 4.896679e-01 
       2.467221e-01 2.956178e-01 4.960050e-01 
       2.530465e-01 3.019785e-01 5.023696e-01 
       2.593947e-01 3.083794e-01 5.087573e-01 
       2.657506e-01 3.147792e-01 5.151513e-01 
       2.721152e-01 3.212182e-01 5.215716e-01 
       2.785468e-01 3.276648e-01 5.280189e-01 
       2.849640e-01 3.341494e-01 5.344850e-01 
       2.914392e-01 3.406364e-01 5.409686e-01 
       2.979004e-01 3.471551e-01 5.474750e-01 
       3.044043e-01 3.536724e-01 5.540026e-01 
       3.109384e-01 3.602242e-01 5.605489e-01 
       3.174714e-01 3.668053e-01 5.671189e-01 
       3.240298e-01 3.733912e-01 5.736996e-01 
       3.306145e-01 3.800031e-01 5.803074e-01 
       3.372290e-01 3.866249e-01 5.869265e-01 
       3.438418e-01 3.932783e-01 5.935734e-01 
       3.505028e-01 3.999443e-01 6.002339e-01 
       3.571685e-01 4.066368e-01 6.069201e-01 
       3.638373e-01 4.133443e-01 6.136098e-01 
       3.705383e-01 4.200640e-01 6.203393e-01 
       3.772697e-01 4.268073e-01 6.270688e-01 
       3.840085e-01 4.335579e-01 6.338287e-01 
       3.907719e-01 4.403403e-01 6.405977e-01 
       3.975479e-01 4.471348e-01 6.473883e-01 
       4.043411e-01 4.539504e-01 6.541951e-01 
       4.111609e-01 4.607754e-01 6.610193e-01 
       4.179918e-01 4.676295e-01 6.678695e-01 
       4.248503e-01 4.744976e-01 6.747248e-01 
       4.317257e-01 4.813727e-01 6.815982e-01 
       4.385991e-01 4.882793e-01 6.885012e-01 
       4.455019e-01 4.951924e-01 6.954107e-01 
       4.524376e-01 5.021247e-01 7.023366e-01 
       4.593712e-01 5.090757e-01 7.092877e-01 
       4.663216e-01 5.160301e-01 7.162498e-01 
       4.732873e-01 5.230235e-01 7.232205e-01 
       4.802858e-01 5.300199e-01 7.302205e-01 
       4.872953e-01 5.370401e-01 7.372283e-01 
       4.943168e-01 5.440634e-01 7.442537e-01 
       5.013562e-01 5.511106e-01 7.513007e-01 
       5.084139e-01 5.581661e-01 7.583537e-01 
       5.154712e-01 5.652427e-01 7.654250e-01 
       5.225615e-01 5.723463e-01 7.725030e-01 
       5.296691e-01 5.794570e-01 7.795986e-01 
       5.367909e-01 5.865754e-01 7.867101e-01 
       5.439172e-01 5.937155e-01 7.938243e-01 
       5.510666e-01 6.008665e-01 8.009390e-01 
       5.582228e-01 6.080414e-01 8.080621e-01 
       5.654002e-01 6.152136e-01 8.151811e-01 
       5.726029e-01 6.224087e-01 8.222971e-01 
       5.798077e-01 6.296150e-01 8.293955e-01 
       5.870151e-01 6.368378e-01 8.364675e-01 
       5.942425e-01 6.440542e-01 8.435068e-01 
       6.014734e-01 6.512902e-01 8.505059e-01 
       6.087188e-01 6.585186e-01 8.574451e-01 
       6.159470e-01 6.657513e-01 8.643148e-01 
       6.231825e-01 6.729781e-01 8.710852e-01 
       6.304029e-01 6.801796e-01 8.777478e-01 
       6.376006e-01 6.873746e-01 8.842783e-01 
       6.447703e-01 6.945301e-01 8.906491e-01 
       6.519145e-01 7.016530e-01 8.968482e-01 
       6.589974e-01 7.087347e-01 9.028415e-01 
       6.660310e-01 7.157477e-01 9.086099e-01 
       6.729960e-01 7.226796e-01 9.141377e-01 
       6.798662e-01 7.295427e-01 9.193956e-01 
       6.866557e-01 7.363020e-01 9.243800e-01 
       6.933398e-01 7.429712e-01 9.290737e-01 
       6.999074e-01 7.495123e-01 9.334705e-01 
       7.063656e-01 7.559503e-01 9.375737e-01 
       7.126881e-01 7.622587e-01 9.413734e-01 
       7.188981e-01 7.684464e-01 9.448908e-01 
       7.249856e-01 7.745141e-01 9.481234e-01 
       7.309422e-01 7.804649e-01 9.510985e-01 
       7.367916e-01 7.863059e-01 9.538282e-01 
       7.425354e-01 7.920319e-01 9.563341e-01 
       7.481764e-01 7.976642e-01 9.586402e-01 
       7.537257e-01 8.032112e-01 9.607674e-01 
       7.591972e-01 8.086848e-01 9.627371e-01 
       7.646064e-01 8.140841e-01 9.645722e-01 
       7.699518e-01 8.194306e-01 9.662978e-01 
       7.752519e-01 8.247336e-01 9.679320e-01 
       7.805151e-01 8.300018e-01 9.694808e-01 
       7.857504e-01 8.352355e-01 9.709708e-01 
       7.909563e-01 8.404510e-01 9.724147e-01 
       7.961477e-01 8.456443e-01 9.738127e-01 
       8.013304e-01 8.508300e-01 9.751830e-01 
       8.065094e-01 8.560153e-01 9.765332e-01 
       8.116792e-01 8.611911e-01 9.778670e-01 
       8.168501e-01 8.663713e-01 9.791895e-01 
       8.220251e-01 8.715539e-01 9.805031e-01 
       8.271989e-01 8.767328e-01 9.818123e-01 
       8.323789e-01 8.819266e-01 9.831135e-01 
       8.375668e-01 8.871212e-01 9.844192e-01 
       8.427560e-01 8.923259e-01 9.857177e-01 
       8.479478e-01 8.975344e-01 9.870196e-01 
       8.531496e-01 9.027498e-01 9.883144e-01 
       8.583553e-01 9.079740e-01 9.896172e-01 
       8.635715e-01 9.132014e-01 9.909136e-01 
       8.687869e-01 9.184352e-01 9.922126e-01 
       8.739992e-01 9.236822e-01 9.935112e-01 
       8.792186e-01 9.289272e-01 9.948032e-01 
       8.844442e-01 9.341836e-01 9.960969e-01 
       8.896654e-01 9.394504e-01 9.973912e-01 
       8.948922e-01 9.447211e-01 9.986863e-01 
       9.001130e-01 9.499934e-01 9.999746e-01 
       1.002404e-01 2.990065e-01 1.551113e-04 
       1.120588e-01 3.019861e-01 2.261353e-04 
       1.231742e-01 3.049698e-01 2.566424e-04 
       1.338997e-01 3.078965e-01 2.473713e-04 
       1.441825e-01 3.108242e-01 2.043318e-04 
       1.541156e-01 3.136903e-01 1.613096e-04 
       1.638279e-01 3.165257e-01 1.250335e-04 
       1.732312e-01 3.193207e-01 9.657294e-05 
       1.824525e-01 3.220810e-01 7.735436e-05 
       1.915169e-01 3.247968e-01 6.932027e-05 
       2.004030e-01 3.274894e-01 7.513195e-05 
       2.091867e-01 3.301570e-01 9.841651e-05 
       2.178417e-01 3.327939e-01 1.440571e-04 
       2.263958e-01 3.353977e-01 2.185266e-04 
       2.348592e-01 3.379670e-01 3.302587e-04 
       2.432102e-01 3.405508e-01 4.900465e-04 
       2.515598e-01 3.431286e-01 7.114713e-04 
       2.598306e-01 3.456923e-01 1.011345e-03 
       2.680569e-01 3.482971e-01 1.410155e-03 
       2.763077e-01 3.509296e-01 1.932507e-03 
       2.845077e-01 3.535831e-01 2.607548e-03 
       2.927410e-01 3.563173e-01 3.469356e-03 
       3.009914e-01 3.590994e-01 4.557221e-03 
       3.093049e-01 3.619903e-01 5.915972e-03 
       3.176295e-01 3.649633e-01 7.596538e-03 
       3.260180e-01 3.680627e-01 9.658040e-03 
       3.345083e-01 3.712828e-01 1.236684e-02 
       3.430524e-01 3.746632e-01 1.534847e-02 
       3.516663e-01 3.781811e-01 1.892998e-02 
       3.603771e-01 3.818637e-01 2.316566e-02 
       3.691866e-01 3.857102e-01 2.813556e-02 
       3.780643e-01 3.897346e-01 3.389456e-02 
       3.870151e-01 3.939280e-01 4.079974e-02 
       3.960498e-01 3.982924e-01 4.788784e-02 
       4.051241e-01 4.028039e-01 5.532722e-02 
       4.142480e-01 4.074711e-01 6.301968e-02 
       4.233943e-01 4.122827e-01 7.078875e-02 
       4.325736e-01 4.172115e-01 7.872606e-02 
       4.417379e-01 4.222336e-01 8.694943e-02 
       4.508839e-01 4.273792e-01 9.522829e-02 
       4.600008e-01 4.325851e-01 1.036179e-01 
