function oslo = oslo()
oslo = [ ... 
       3.670408e-03 5.082388e-03 2.453649e-03 
       5.662642e-03 9.394417e-03 1.069451e-02 
       7.673677e-03 1.390026e-02 1.915388e-02 
       9.707940e-03 1.822823e-02 2.741816e-02 
       1.198092e-02 2.257309e-02 3.590356e-02 
       1.404048e-02 2.693490e-02 4.397473e-02 
       1.615019e-02 3.131530e-02 5.138028e-02 
       1.829392e-02 3.592683e-02 5.812252e-02 
       2.047281e-02 4.033296e-02 6.443339e-02 
       2.268949e-02 4.460804e-02 7.025743e-02 
       2.494661e-02 4.867174e-02 7.572803e-02 
       2.724673e-02 5.245301e-02 8.095241e-02 
       2.959222e-02 5.624038e-02 8.583651e-02 
       3.198370e-02 5.984244e-02 9.061943e-02 
       3.447724e-02 6.325837e-02 9.516270e-02 
       3.705663e-02 6.655277e-02 9.953029e-02 
       3.934636e-02 6.983037e-02 1.039984e-01 
       4.149193e-02 7.299260e-02 1.084763e-01 
       4.323844e-02 7.602163e-02 1.130968e-01 
       4.505061e-02 7.904370e-02 1.176533e-01 
       4.650829e-02 8.210194e-02 1.222699e-01 
       4.778382e-02 8.496376e-02 1.269716e-01 
       4.903505e-02 8.785262e-02 1.317405e-01 
       4.992464e-02 9.065974e-02 1.364871e-01 
       5.067059e-02 9.338843e-02 1.413494e-01 
       5.124477e-02 9.612594e-02 1.461906e-01 
       5.169839e-02 9.892071e-02 1.510768e-01 
       5.215996e-02 1.017110e-01 1.560350e-01 
       5.263203e-02 1.045093e-01 1.609833e-01 
       5.311530e-02 1.074147e-01 1.659531e-01 
       5.361199e-02 1.103225e-01 1.709909e-01 
       5.412524e-02 1.132446e-01 1.760245e-01 
       5.465500e-02 1.161781e-01 1.811221e-01 
       5.520086e-02 1.191330e-01 1.862655e-01 
       5.577693e-02 1.220933e-01 1.913989e-01 
       5.638420e-02 1.251563e-01 1.966062e-01 
       5.695509e-02 1.282285e-01 2.017768e-01 
       5.749812e-02 1.313135e-01 2.070427e-01 
       5.813599e-02 1.344371e-01 2.123033e-01 
       5.886656e-02 1.375740e-01 2.175881e-01 
       5.960082e-02 1.407325e-01 2.229134e-01 
       6.028068e-02 1.439055e-01 2.282604e-01 
       6.094295e-02 1.471061e-01 2.335987e-01 
       6.169883e-02 1.503503e-01 2.390055e-01 
       6.258524e-02 1.535829e-01 2.444130e-01 
       6.338087e-02 1.568797e-01 2.498564e-01 
       6.419903e-02 1.601473e-01 2.553488e-01 
       6.506673e-02 1.635195e-01 2.608294e-01 
       6.596550e-02 1.668552e-01 2.663477e-01 
       6.690569e-02 1.702033e-01 2.718607e-01 
       6.787952e-02 1.735719e-01 2.774393e-01 
       6.891300e-02 1.769745e-01 2.830214e-01 
       6.988653e-02 1.803768e-01 2.886125e-01 
       7.092362e-02 1.838129e-01 2.942226e-01 
       7.197407e-02 1.872814e-01 2.998725e-01 
       7.311768e-02 1.907228e-01 3.055430e-01 
       7.422219e-02 1.942314e-01 3.112131e-01 
       7.534121e-02 1.976963e-01 3.169105e-01 
       7.650307e-02 2.011857e-01 3.226355e-01 
       7.770928e-02 2.047324e-01 3.283616e-01 
       7.895913e-02 2.082555e-01 3.341216e-01 
       8.025479e-02 2.118143e-01 3.398922e-01 
       8.160941e-02 2.153456e-01 3.456656e-01 
       8.288693e-02 2.189214e-01 3.514745e-01 
       8.429907e-02 2.224939e-01 3.573087e-01 
       8.559829e-02 2.260903e-01 3.631299e-01 
       8.710939e-02 2.296502e-01 3.689917e-01 
       8.852901e-02 2.332519e-01 3.748558e-01 
       9.001464e-02 2.368961e-01 3.807466e-01 
       9.156362e-02 2.404762e-01 3.866310e-01 
       9.303337e-02 2.441015e-01 3.925498e-01 
       9.470415e-02 2.477578e-01 3.984823e-01 
       9.624767e-02 2.513954e-01 4.044180e-01 
       9.797880e-02 2.550388e-01 4.103883e-01 
       9.964187e-02 2.586718e-01 4.163490e-01 
       1.013833e-01 2.623211e-01 4.223231e-01 
       1.032028e-01 2.659843e-01 4.283279e-01 
       1.049709e-01 2.696470e-01 4.343308e-01 
       1.069193e-01 2.733076e-01 4.403528e-01 
       1.087942e-01 2.769738e-01 4.463856e-01 
       1.107961e-01 2.806241e-01 4.524403e-01 
       1.128289e-01 2.843085e-01 4.584862e-01 
       1.148356e-01 2.879876e-01 4.645621e-01 
       1.169864e-01 2.916866e-01 4.706351e-01 
       1.191877e-01 2.953603e-01 4.767207e-01 
       1.213959e-01 2.990665e-01 4.828191e-01 
       1.237083e-01 3.027463e-01 4.889288e-01 
       1.261261e-01 3.064721e-01 4.950556e-01 
       1.285408e-01 3.101833e-01 5.011883e-01 
       1.310663e-01 3.138941e-01 5.073266e-01 
       1.336366e-01 3.176162e-01 5.134815e-01 
       1.362530e-01 3.213494e-01 5.196396e-01 
       1.389994e-01 3.250899e-01 5.258175e-01 
       1.418364e-01 3.288664e-01 5.320019e-01 
       1.447439e-01 3.326453e-01 5.382015e-01 
       1.477244e-01 3.364167e-01 5.444002e-01 
       1.507877e-01 3.402346e-01 5.506162e-01 
       1.539537e-01 3.440490e-01 5.568455e-01 
       1.572291e-01 3.479136e-01 5.630829e-01 
       1.606073e-01 3.517785e-01 5.693193e-01 
       1.641335e-01 3.556986e-01 5.755834e-01 
       1.677062e-01 3.596242e-01 5.818400e-01 
       1.714195e-01 3.635866e-01 5.881092e-01 
       1.752650e-01 3.675871e-01 5.943921e-01 
       1.792256e-01 3.716287e-01 6.006737e-01 
       1.833048e-01 3.757176e-01 6.069659e-01 
       1.875649e-01 3.798464e-01 6.132416e-01 
       1.918936e-01 3.840202e-01 6.195348e-01 
       1.964167e-01 3.882414e-01 6.258044e-01 
       2.010154e-01 3.925109e-01 6.320717e-01 
       2.058267e-01 3.968289e-01 6.383202e-01 
       2.107392e-01 4.012180e-01 6.445441e-01 
       2.158172e-01 4.056457e-01 6.507479e-01 
       2.210302e-01 4.101272e-01 6.569150e-01 
       2.263719e-01 4.146492e-01 6.630362e-01 
       2.318545e-01 4.192343e-01 6.691015e-01 
       2.374737e-01 4.238541e-01 6.751050e-01 
       2.431800e-01 4.285317e-01 6.810342e-01 
       2.490553e-01 4.332404e-01 6.868902e-01 
       2.550357e-01 4.379976e-01 6.926534e-01 
       2.610912e-01 4.427734e-01 6.982955e-01 
       2.672389e-01 4.475626e-01 7.038325e-01 
       2.735080e-01 4.523979e-01 7.092421e-01 
       2.798163e-01 4.572150e-01 7.144991e-01 
       2.861684e-01 4.620485e-01 7.196188e-01 
       2.925921e-01 4.668787e-01 7.245693e-01 
       2.990492e-01 4.716927e-01 7.293481e-01 
       3.055182e-01 4.764768e-01 7.339482e-01 
       3.119615e-01 4.812325e-01 7.383572e-01 
       3.184403e-01 4.859563e-01 7.425784e-01 
       3.248757e-01 4.906459e-01 7.465913e-01 
       3.312877e-01 4.952664e-01 7.504049e-01 
       3.376724e-01 4.998267e-01 7.540118e-01 
       3.439883e-01 5.043483e-01 7.574085e-01 
       3.502716e-01 5.087839e-01 7.606015e-01 
       3.564730e-01 5.131440e-01 7.635839e-01 
       3.625974e-01 5.174405e-01 7.663687e-01 
       3.686618e-01 5.216425e-01 7.689503e-01 
       3.746375e-01 5.257843e-01 7.713483e-01 
       3.805357e-01 5.298401e-01 7.735459e-01 
       3.863380e-01 5.338068e-01 7.755708e-01 
       3.920779e-01 5.377157e-01 7.774270e-01 
       3.977321e-01 5.415233e-01 7.791075e-01 
       4.033032e-01 5.452756e-01 7.806365e-01 
       4.087895e-01 5.489506e-01 7.820214e-01 
       4.142043e-01 5.525478e-01 7.832596e-01 
       4.195514e-01 5.560720e-01 7.843765e-01 
       4.248228e-01 5.595511e-01 7.853640e-01 
       4.300262e-01 5.629642e-01 7.862430e-01 
       4.351771e-01 5.663129e-01 7.870155e-01 
       4.402548e-01 5.696069e-01 7.876869e-01 
       4.452864e-01 5.728674e-01 7.882754e-01 
       4.502720e-01 5.760759e-01 7.887852e-01 
       4.552121e-01 5.792344e-01 7.892179e-01 
       4.600979e-01 5.823516e-01 7.895818e-01 
       4.649607e-01 5.854509e-01 7.898849e-01 
       4.697917e-01 5.884968e-01 7.901336e-01 
       4.745817e-01 5.915337e-01 7.903332e-01 
       4.793448e-01 5.945345e-01 7.904885e-01 
       4.840771e-01 5.975171e-01 7.906043e-01 
       4.888011e-01 6.004740e-01 7.906848e-01 
       4.934994e-01 6.034200e-01 7.907341e-01 
       4.981973e-01 6.063406e-01 7.907560e-01 
       5.028522e-01 6.092600e-01 7.907539e-01 
       5.075193e-01 6.121532e-01 7.907310e-01 
       5.121637e-01 6.150423e-01 7.906902e-01 
       5.168094e-01 6.179272e-01 7.906342e-01 
       5.214393e-01 6.208092e-01 7.905656e-01 
       5.260763e-01 6.236806e-01 7.904866e-01 
