function romao = romao()
romao = [ ... 
       4.513739e-01 2.234587e-01 3.418708e-01 
       4.541794e-01 2.224442e-01 3.360992e-01 
       4.569645e-01 2.215836e-01 3.304276e-01 
       4.597458e-01 2.209016e-01 3.248340e-01 
       4.625088e-01 2.203456e-01 3.193464e-01 
       4.652689e-01 2.199357e-01 3.139378e-01 
       4.680259e-01 2.196805e-01 3.086194e-01 
       4.707821e-01 2.195770e-01 3.033667e-01 
       4.735193e-01 2.196239e-01 2.982178e-01 
       4.762754e-01 2.198214e-01 2.931582e-01 
       4.790240e-01 2.201717e-01 2.881836e-01 
       4.817789e-01 2.206726e-01 2.833041e-01 
       4.845300e-01 2.213025e-01 2.785023e-01 
       4.873079e-01 2.220790e-01 2.737900e-01 
       4.900787e-01 2.230408e-01 2.691669e-01 
       4.928624e-01 2.241064e-01 2.646061e-01 
       4.956701e-01 2.253631e-01 2.601591e-01 
       4.985002e-01 2.267700e-01 2.557861e-01 
       5.013350e-01 2.283253e-01 2.515283e-01 
       5.041946e-01 2.299917e-01 2.473313e-01 
       5.070655e-01 2.318802e-01 2.432199e-01 
       5.099680e-01 2.338658e-01 2.392294e-01 
       5.128963e-01 2.360499e-01 2.353336e-01 
       5.158442e-01 2.383501e-01 2.315144e-01 
       5.188419e-01 2.408227e-01 2.277871e-01 
       5.218416e-01 2.434529e-01 2.241364e-01 
       5.248937e-01 2.462461e-01 2.206465e-01 
       5.279688e-01 2.492003e-01 2.172029e-01 
       5.310822e-01 2.523070e-01 2.138733e-01 
       5.342250e-01 2.555630e-01 2.106433e-01 
       5.374161e-01 2.589872e-01 2.075282e-01 
       5.406295e-01 2.625487e-01 2.045242e-01 
       5.438858e-01 2.662807e-01 2.015848e-01 
       5.471795e-01 2.701687e-01 1.987910e-01 
       5.505147e-01 2.741922e-01 1.961316e-01 
       5.538851e-01 2.783856e-01 1.935590e-01 
       5.573051e-01 2.827350e-01 1.910890e-01 
       5.607482e-01 2.872030e-01 1.887703e-01 
       5.642442e-01 2.918604e-01 1.865482e-01 
       5.677723e-01 2.966494e-01 1.844614e-01 
       5.713396e-01 3.015676e-01 1.824826e-01 
       5.749476e-01 3.066641e-01 1.806547e-01 
       5.785985e-01 3.118639e-01 1.789771e-01 
       5.822839e-01 3.172401e-01 1.774297e-01 
       5.860167e-01 3.227492e-01 1.759660e-01 
       5.897709e-01 3.283758e-01 1.747304e-01 
       5.935777e-01 3.341521e-01 1.735846e-01 
       5.974162e-01 3.400508e-01 1.726077e-01 
       6.012852e-01 3.460649e-01 1.717911e-01 
       6.051943e-01 3.522261e-01 1.711388e-01 
       6.091460e-01 3.585066e-01 1.706518e-01 
       6.131140e-01 3.649123e-01 1.703366e-01 
       6.171331e-01 3.714317e-01 1.701965e-01 
       6.211783e-01 3.780800e-01 1.702342e-01 
       6.252565e-01 3.848328e-01 1.704558e-01 
       6.293666e-01 3.917127e-01 1.708695e-01 
       6.335158e-01 3.986916e-01 1.714803e-01 
       6.376900e-01 4.057927e-01 1.722946e-01 
       6.418969e-01 4.129934e-01 1.733217e-01 
       6.461348e-01 4.202897e-01 1.745795e-01 
       6.504073e-01 4.277082e-01 1.759997e-01 
       6.547035e-01 4.352220e-01 1.777356e-01 
       6.590359e-01 4.428310e-01 1.796187e-01 
       6.634066e-01 4.505392e-01 1.817541e-01 
       6.677975e-01 4.583440e-01 1.841588e-01 
       6.722170e-01 4.662460e-01 1.867965e-01 
       6.766684e-01 4.742456e-01 1.896834e-01 
       6.811399e-01 4.823343e-01 1.928256e-01 
       6.856550e-01 4.905138e-01 1.962421e-01 
       6.901866e-01 4.987753e-01 1.998715e-01 
       6.947449e-01 5.071188e-01 2.038410e-01 
       6.993315e-01 5.155436e-01 2.080295e-01 
       7.039438e-01 5.240591e-01 2.125082e-01 
       7.085793e-01 5.326481e-01 2.172647e-01 
       7.132246e-01 5.412958e-01 2.222880e-01 
       7.178954e-01 5.500285e-01 2.276100e-01 
       7.225707e-01 5.588119e-01 2.331804e-01 
       7.272654e-01 5.676676e-01 2.390684e-01 
       7.319675e-01 5.765770e-01 2.452127e-01 
       7.366643e-01 5.855261e-01 2.516769e-01 
       7.413597e-01 5.945114e-01 2.583734e-01 
       7.460521e-01 6.035419e-01 2.653694e-01 
       7.507321e-01 6.125868e-01 2.726302e-01 
       7.553846e-01 6.216564e-01 2.801654e-01 
       7.600063e-01 6.307452e-01 2.879616e-01 
       7.645985e-01 6.398211e-01 2.960213e-01 
       7.691394e-01 6.488872e-01 3.043264e-01 
       7.736308e-01 6.579335e-01 3.128732e-01 
       7.780635e-01 6.669365e-01 3.216534e-01 
       7.824186e-01 6.759045e-01 3.306563e-01 
       7.866947e-01 6.848101e-01 3.398843e-01 
       7.908673e-01 6.936460e-01 3.492918e-01 
       7.949415e-01 7.024001e-01 3.588807e-01 
       7.989006e-01 7.110611e-01 3.686667e-01 
       8.027266e-01 7.196076e-01 3.785879e-01 
       8.064218e-01 7.280278e-01 3.886641e-01 
       8.099579e-01 7.363144e-01 3.988536e-01 
       8.133351e-01 7.444579e-01 4.091642e-01 
       8.165454e-01 7.524358e-01 4.195679e-01 
       8.195607e-01 7.602455e-01 4.300391e-01 
       8.223935e-01 7.678653e-01 4.405658e-01 
       8.250101e-01 7.752950e-01 4.511457e-01 
       8.274184e-01 7.825206e-01 4.617421e-01 
       8.296039e-01 7.895313e-01 4.723456e-01 
       8.315542e-01 7.963135e-01 4.829311e-01 
       8.332576e-01 8.028695e-01 4.934944e-01 
       8.347171e-01 8.091922e-01 5.040235e-01 
       8.359180e-01 8.152629e-01 5.144864e-01 
       8.368583e-01 8.210875e-01 5.248706e-01 
       8.375311e-01 8.266615e-01 5.351697e-01 
       8.379271e-01 8.319778e-01 5.453750e-01 
       8.380452e-01 8.370309e-01 5.554550e-01 
       8.378829e-01 8.418237e-01 5.654169e-01 
       8.374351e-01 8.463484e-01 5.752501e-01 
       8.366961e-01 8.506143e-01 5.849348e-01 
       8.356690e-01 8.546182e-01 5.944566e-01 
       8.343535e-01 8.583529e-01 6.038244e-01 
       8.327391e-01 8.618311e-01 6.130052e-01 
       8.308392e-01 8.650388e-01 6.220164e-01 
       8.286427e-01 8.679969e-01 6.308535e-01 
       8.261529e-01 8.706845e-01 6.394862e-01 
       8.233732e-01 8.731244e-01 6.479217e-01 
       8.203030e-01 8.753088e-01 6.561705e-01 
       8.169503e-01 8.772379e-01 6.642016e-01 
       8.133062e-01 8.789219e-01 6.720305e-01 
       8.093881e-01 8.803588e-01 6.796437e-01 
       8.051810e-01 8.815554e-01 6.870526e-01 
       8.007056e-01 8.825038e-01 6.942370e-01 
       7.959542e-01 8.832202e-01 7.012149e-01 
       7.909390e-01 8.837017e-01 7.079696e-01 
       7.856635e-01 8.839476e-01 7.145024e-01 
       7.801245e-01 8.839627e-01 7.208186e-01 
       7.743350e-01 8.837496e-01 7.269151e-01 
       7.683012e-01 8.833088e-01 7.327924e-01 
       7.620293e-01 8.826440e-01 7.384408e-01 
       7.555275e-01 8.817653e-01 7.438731e-01 
       7.487922e-01 8.806614e-01 7.490790e-01 
       7.418410e-01 8.793427e-01 7.540736e-01 
       7.346829e-01 8.778131e-01 7.588411e-01 
       7.273129e-01 8.760681e-01 7.633885e-01 
       7.197556e-01 8.741128e-01 7.677186e-01 
       7.120063e-01 8.719549e-01 7.718373e-01 
       7.040816e-01 8.695836e-01 7.757319e-01 
       6.959934e-01 8.670120e-01 7.794141e-01 
       6.877409e-01 8.642467e-01 7.828816e-01 
       6.793389e-01 8.612734e-01 7.861425e-01 
       6.708104e-01 8.581088e-01 7.891870e-01 
       6.621497e-01 8.547553e-01 7.920194e-01 
       6.533619e-01 8.512038e-01 7.946495e-01 
       6.444789e-01 8.474728e-01 7.970693e-01 
       6.355047e-01 8.435569e-01 7.992955e-01 
       6.264479e-01 8.394674e-01 8.013101e-01 
       6.173225e-01 8.351947e-01 8.031303e-01 
       6.081446e-01 8.307539e-01 8.047575e-01 
       5.989121e-01 8.261419e-01 8.061897e-01 
       5.896458e-01 8.213700e-01 8.074307e-01 
       5.803742e-01 8.164407e-01 8.084845e-01 
       5.710830e-01 8.113542e-01 8.093550e-01 
       5.618110e-01 8.061197e-01 8.100383e-01 
       5.525470e-01 8.007415e-01 8.105474e-01 
       5.433169e-01 7.952249e-01 8.108849e-01 
       5.341248e-01 7.895786e-01 8.110507e-01 
       5.249994e-01 7.838049e-01 8.110483e-01 
       5.159295e-01 7.779062e-01 8.108813e-01 
       5.069546e-01 7.718924e-01 8.105539e-01 
       4.980773e-01 7.657707e-01 8.100731e-01 
       4.892761e-01 7.595363e-01 8.094441e-01 
       4.806072e-01 7.532104e-01 8.086621e-01 
       4.720716e-01 7.467951e-01 8.077348e-01 
