function roma = roma()
roma = [ ... 
       4.923247e-01 9.078741e-02 7.634984e-05 
       4.967302e-01 1.028022e-01 3.675324e-03 
       5.011250e-01 1.140336e-01 7.133660e-03 
       5.054729e-01 1.246849e-01 1.042099e-02 
       5.098134e-01 1.348900e-01 1.381652e-02 
       5.141247e-01 1.446430e-01 1.684082e-02 
       5.183974e-01 1.540363e-01 1.971979e-02 
       5.226335e-01 1.631929e-01 2.245119e-02 
       5.268498e-01 1.720406e-01 2.503436e-02 
       5.310160e-01 1.806815e-01 2.752843e-02 
       5.351418e-01 1.891470e-01 3.013202e-02 
       5.392249e-01 1.974179e-01 3.286877e-02 
       5.432660e-01 2.055236e-01 3.592548e-02 
       5.472542e-01 2.134775e-01 3.888811e-02 
       5.512029e-01 2.213181e-01 4.199390e-02 
       5.551005e-01 2.290152e-01 4.501196e-02 
       5.589544e-01 2.366074e-01 4.796748e-02 
       5.627760e-01 2.440530e-01 5.101219e-02 
       5.665403e-01 2.514563e-01 5.399816e-02 
       5.702567e-01 2.587269e-01 5.703268e-02 
       5.739399e-01 2.659218e-01 6.005140e-02 
       5.775774e-01 2.730236e-01 6.300107e-02 
       5.811775e-01 2.800478e-01 6.587328e-02 
       5.847387e-01 2.869927e-01 6.885644e-02 
       5.882489e-01 2.938796e-01 7.171239e-02 
       5.917372e-01 3.006971e-01 7.456384e-02 
       5.951740e-01 3.074496e-01 7.737613e-02 
       5.985775e-01 3.141514e-01 8.025200e-02 
       6.019477e-01 3.207975e-01 8.307612e-02 
       6.052816e-01 3.273637e-01 8.585344e-02 
       6.085931e-01 3.339077e-01 8.871087e-02 
       6.118551e-01 3.403868e-01 9.152464e-02 
       6.150917e-01 3.468257e-01 9.427919e-02 
       6.183089e-01 3.532171e-01 9.697859e-02 
       6.214873e-01 3.595723e-01 9.975271e-02 
       6.246499e-01 3.658959e-01 1.025056e-01 
       6.277849e-01 3.721741e-01 1.052182e-01 
       6.309009e-01 3.784392e-01 1.079555e-01 
       6.339943e-01 3.846697e-01 1.107358e-01 
       6.370681e-01 3.908936e-01 1.134804e-01 
       6.401290e-01 3.970785e-01 1.162188e-01 
       6.431711e-01 4.032727e-01 1.189598e-01 
       6.462082e-01 4.094450e-01 1.216739e-01 
       6.492421e-01 4.156121e-01 1.244700e-01 
       6.522607e-01 4.217756e-01 1.272670e-01 
       6.552765e-01 4.279608e-01 1.301519e-01 
       6.582969e-01 4.341320e-01 1.329739e-01 
       6.613148e-01 4.403309e-01 1.358251e-01 
       6.643343e-01 4.465430e-01 1.387768e-01 
       6.673635e-01 4.527802e-01 1.417592e-01 
       6.704017e-01 4.590314e-01 1.447864e-01 
       6.734399e-01 4.653032e-01 1.478478e-01 
       6.764941e-01 4.716284e-01 1.509660e-01 
       6.795543e-01 4.779667e-01 1.541599e-01 
       6.826366e-01 4.843451e-01 1.574275e-01 
       6.857352e-01 4.907822e-01 1.607886e-01 
       6.888493e-01 4.972392e-01 1.642481e-01 
       6.919772e-01 5.037440e-01 1.677478e-01 
       6.951200e-01 5.102968e-01 1.713709e-01 
       6.982847e-01 5.169044e-01 1.751148e-01 
       7.014716e-01 5.235563e-01 1.789556e-01 
       7.046811e-01 5.302581e-01 1.828990e-01 
       7.079084e-01 5.370210e-01 1.870104e-01 
       7.111624e-01 5.438248e-01 1.912280e-01 
       7.144257e-01 5.506917e-01 1.956046e-01 
       7.177245e-01 5.576166e-01 2.001148e-01 
       7.210299e-01 5.645917e-01 2.048287e-01 
       7.243661e-01 5.716297e-01 2.096777e-01 
       7.277167e-01 5.787266e-01 2.147076e-01 
       7.310866e-01 5.858863e-01 2.199456e-01 
       7.344804e-01 5.930983e-01 2.253456e-01 
       7.378793e-01 6.003642e-01 2.309685e-01 
       7.412972e-01 6.076992e-01 2.368076e-01 
       7.447312e-01 6.150743e-01 2.428221e-01 
       7.481754e-01 6.225165e-01 2.491031e-01 
       7.516243e-01 6.300127e-01 2.555988e-01 
       7.550740e-01 6.375579e-01 2.623338e-01 
       7.585228e-01 6.451474e-01 2.693247e-01 
       7.619635e-01 6.527861e-01 2.765468e-01 
       7.654059e-01 6.604704e-01 2.840101e-01 
       7.688202e-01 6.681972e-01 2.917553e-01 
       7.722244e-01 6.759473e-01 2.997424e-01 
       7.755978e-01 6.837271e-01 3.079808e-01 
       7.789395e-01 6.915337e-01 3.165046e-01 
       7.822422e-01 6.993530e-01 3.252566e-01 
       7.854934e-01 7.071877e-01 3.342988e-01 
       7.886875e-01 7.150187e-01 3.435645e-01 
       7.918118e-01 7.228409e-01 3.530908e-01 
       7.948641e-01 7.306542e-01 3.628480e-01 
       7.978279e-01 7.384382e-01 3.728424e-01 
       8.006992e-01 7.461872e-01 3.830720e-01 
       8.034606e-01 7.538925e-01 3.934963e-01 
       8.061070e-01 7.615366e-01 4.041313e-01 
       8.086238e-01 7.691132e-01 4.149496e-01 
       8.109969e-01 7.766175e-01 4.259358e-01 
       8.132182e-01 7.840251e-01 4.370884e-01 
       8.152811e-01 7.913215e-01 4.483625e-01 
       8.171670e-01 7.985076e-01 4.597566e-01 
       8.188649e-01 8.055616e-01 4.712527e-01 
       8.203712e-01 8.124784e-01 4.828134e-01 
       8.216750e-01 8.192400e-01 4.944401e-01 
       8.227574e-01 8.258419e-01 5.060802e-01 
       8.236129e-01 8.322696e-01 5.177528e-01 
       8.242371e-01 8.385065e-01 5.294003e-01 
       8.246202e-01 8.445535e-01 5.410032e-01 
       8.247547e-01 8.503921e-01 5.525606e-01 
       8.246342e-01 8.560222e-01 5.640374e-01 
       8.242530e-01 8.614291e-01 5.754069e-01 
       8.236064e-01 8.666107e-01 5.866564e-01 
       8.226925e-01 8.715636e-01 5.977694e-01 
       8.215017e-01 8.762727e-01 6.087336e-01 
       8.200306e-01 8.807440e-01 6.195134e-01 
       8.182853e-01 8.849717e-01 6.301013e-01 
       8.162663e-01 8.889520e-01 6.404897e-01 
       8.139546e-01 8.926811e-01 6.506602e-01 
       8.113707e-01 8.961600e-01 6.605999e-01 
       8.085016e-01 8.993893e-01 6.703139e-01 
       8.053472e-01 9.023643e-01 6.797615e-01 
       8.019180e-01 9.050924e-01 6.889733e-01 
       7.982096e-01 9.075684e-01 6.979061e-01 
       7.942275e-01 9.097936e-01 7.065863e-01 
       7.899626e-01 9.117711e-01 7.149826e-01 
       7.854306e-01 9.135063e-01 7.231054e-01 
       7.806234e-01 9.149914e-01 7.309530e-01 
       7.755515e-01 9.162367e-01 7.385209e-01 
       7.702172e-01 9.172486e-01 7.458028e-01 
       7.646242e-01 9.180141e-01 7.527997e-01 
       7.587729e-01 9.185415e-01 7.595171e-01 
       7.526650e-01 9.188377e-01 7.659570e-01 
       7.463178e-01 9.189031e-01 7.721075e-01 
       7.397314e-01 9.187393e-01 7.779808e-01 
       7.328969e-01 9.183500e-01 7.835743e-01 
       7.258339e-01 9.177371e-01 7.888930e-01 
       7.185374e-01 9.168959e-01 7.939382e-01 
       7.110299e-01 9.158280e-01 7.987080e-01 
       7.033000e-01 9.145524e-01 8.032122e-01 
       6.953598e-01 9.130544e-01 8.074580e-01 
       6.872166e-01 9.113406e-01 8.114422e-01 
       6.788744e-01 9.094139e-01 8.151684e-01 
       6.703514e-01 9.072797e-01 8.186429e-01 
       6.616350e-01 9.049334e-01 8.218798e-01 
       6.527355e-01 9.023793e-01 8.248632e-01 
       6.436763e-01 8.996235e-01 8.276145e-01 
       6.344638e-01 8.966639e-01 8.301353e-01 
       6.250855e-01 8.935002e-01 8.324234e-01 
       6.155665e-01 8.901451e-01 8.344909e-01 
       6.059137e-01 8.865983e-01 8.363358e-01 
       5.961450e-01 8.828521e-01 8.379703e-01 
       5.862602e-01 8.789247e-01 8.393936e-01 
       5.762781e-01 8.748136e-01 8.406125e-01 
       5.661898e-01 8.705200e-01 8.416315e-01 
       5.560240e-01 8.660579e-01 8.424580e-01 
       5.458129e-01 8.614202e-01 8.430899e-01 
       5.355268e-01 8.566189e-01 8.435384e-01 
       5.252170e-01 8.516583e-01 8.438106e-01 
       5.148774e-01 8.465433e-01 8.439090e-01 
       5.045322e-01 8.412863e-01 8.438383e-01 
       4.941798e-01 8.358842e-01 8.436046e-01 
       4.838416e-01 8.303503e-01 8.432157e-01 
       4.735428e-01 8.246850e-01 8.426774e-01 
       4.632925e-01 8.189022e-01 8.419896e-01 
       4.531146e-01 8.130102e-01 8.411604e-01 
       4.430054e-01 8.070178e-01 8.402012e-01 
       4.329821e-01 8.009204e-01 8.391084e-01 
       4.230569e-01 7.947381e-01 8.378996e-01 
       4.132686e-01 7.884736e-01 8.365707e-01 
       4.035987e-01 7.821363e-01 8.351339e-01 
       3.940617e-01 7.757273e-01 8.335954e-01 
       3.846839e-01 7.692611e-01 8.319586e-01 
