function tofino = tofino()
tofino = [ ... 
       8.704380e-01 8.497752e-01 9.999211e-01 
       8.598346e-01 8.423221e-01 9.953238e-01 
       8.492294e-01 8.348759e-01 9.907331e-01 
       8.386243e-01 8.274407e-01 9.861422e-01 
       8.280267e-01 8.200140e-01 9.815514e-01 
       8.174358e-01 8.126002e-01 9.769603e-01 
       8.068544e-01 8.051945e-01 9.723753e-01 
       7.962693e-01 7.977980e-01 9.677894e-01 
       7.857011e-01 7.904102e-01 9.632025e-01 
       7.751314e-01 7.830289e-01 9.586215e-01 
       7.645775e-01 7.756566e-01 9.540400e-01 
       7.540302e-01 7.682891e-01 9.494586e-01 
       7.434918e-01 7.609358e-01 9.448852e-01 
       7.329622e-01 7.535824e-01 9.403099e-01 
       7.224367e-01 7.462383e-01 9.357346e-01 
       7.119328e-01 7.389050e-01 9.311617e-01 
       7.014318e-01 7.315678e-01 9.265889e-01 
       6.909432e-01 7.242415e-01 9.220226e-01 
       6.804675e-01 7.169251e-01 9.174542e-01 
       6.700141e-01 7.096056e-01 9.128800e-01 
       6.595572e-01 7.022876e-01 9.083093e-01 
       6.491202e-01 6.949776e-01 9.037310e-01 
       6.386863e-01 6.876726e-01 8.991519e-01 
       6.282717e-01 6.803605e-01 8.945654e-01 
       6.178572e-01 6.730628e-01 8.899636e-01 
       6.074670e-01 6.657524e-01 8.853539e-01 
       5.970755e-01 6.584404e-01 8.807244e-01 
       5.866897e-01 6.511272e-01 8.760758e-01 
       5.763265e-01 6.437991e-01 8.714003e-01 
       5.659487e-01 6.364752e-01 8.666871e-01 
       5.555830e-01 6.291244e-01 8.619403e-01 
       5.452342e-01 6.217595e-01 8.571350e-01 
       5.348792e-01 6.143801e-01 8.522812e-01 
       5.245280e-01 6.069886e-01 8.473455e-01 
       5.141855e-01 5.995588e-01 8.423409e-01 
       5.038337e-01 5.921039e-01 8.372361e-01 
       4.934853e-01 5.846072e-01 8.320244e-01 
       4.831457e-01 5.770794e-01 8.266883e-01 
       4.728126e-01 5.695031e-01 8.212138e-01 
       4.624890e-01 5.619002e-01 8.155891e-01 
       4.521959e-01 5.542367e-01 8.097923e-01 
       4.419107e-01 5.465341e-01 8.038119e-01 
       4.316578e-01 5.387780e-01 7.976283e-01 
       4.214275e-01 5.309708e-01 7.912331e-01 
       4.112722e-01 5.231257e-01 7.846140e-01 
       4.011871e-01 5.152279e-01 7.777499e-01 
       3.911763e-01 5.073015e-01 7.706373e-01 
       3.812678e-01 4.993347e-01 7.632681e-01 
       3.714636e-01 4.913653e-01 7.556472e-01 
       3.618278e-01 4.833484e-01 7.477660e-01 
       3.523324e-01 4.753535e-01 7.396280e-01 
       3.430398e-01 4.673479e-01 7.312265e-01 
       3.339351e-01 4.593622e-01 7.225896e-01 
       3.250387e-01 4.514039e-01 7.137261e-01 
       3.164147e-01 4.434876e-01 7.046396e-01 
       3.080151e-01 4.356260e-01 6.953531e-01 
       2.999076e-01 4.278225e-01 6.858819e-01 
       2.920720e-01 4.200875e-01 6.762437e-01 
       2.845094e-01 4.124474e-01 6.664556e-01 
       2.772577e-01 4.048744e-01 6.565549e-01 
       2.702875e-01 3.974129e-01 6.465361e-01 
       2.635920e-01 3.900418e-01 6.364382e-01 
       2.571615e-01 3.827854e-01 6.262610e-01 
       2.510072e-01 3.756198e-01 6.160392e-01 
       2.450811e-01 3.685708e-01 6.057742e-01 
       2.394329e-01 3.616099e-01 5.954963e-01 
       2.339792e-01 3.547575e-01 5.852099e-01 
       2.287575e-01 3.479848e-01 5.749074e-01 
       2.236895e-01 3.413084e-01 5.646255e-01 
       2.188140e-01 3.347286e-01 5.543618e-01 
       2.140871e-01 3.282042e-01 5.441142e-01 
       2.094854e-01 3.217651e-01 5.338892e-01 
       2.050184e-01 3.154071e-01 5.237095e-01 
       2.006372e-01 3.091168e-01 5.135570e-01 
       1.964122e-01 3.028485e-01 5.034301e-01 
       1.922071e-01 2.966786e-01 4.933513e-01 
       1.881285e-01 2.905278e-01 4.833111e-01 
       1.840550e-01 2.844389e-01 4.733065e-01 
       1.800642e-01 2.784053e-01 4.633473e-01 
       1.761100e-01 2.723833e-01 4.534333e-01 
       1.722366e-01 2.664334e-01 4.435613e-01 
       1.683884e-01 2.604999e-01 4.337144e-01 
       1.645858e-01 2.546186e-01 4.239243e-01 
       1.607971e-01 2.487557e-01 4.141772e-01 
       1.570459e-01 2.429043e-01 4.044643e-01 
       1.533186e-01 2.371417e-01 3.948043e-01 
       1.496728e-01 2.313706e-01 3.851785e-01 
       1.460082e-01 2.256368e-01 3.756059e-01 
       1.423761e-01 2.199439e-01 3.660855e-01 
       1.387771e-01 2.142776e-01 3.566031e-01 
       1.352300e-01 2.086464e-01 3.471695e-01 
       1.317108e-01 2.030576e-01 3.377699e-01 
       1.282294e-01 1.975137e-01 3.284351e-01 
       1.247612e-01 1.920027e-01 3.191472e-01 
       1.213434e-01 1.865463e-01 3.099220e-01 
       1.180416e-01 1.811176e-01 3.007240e-01 
       1.146840e-01 1.757525e-01 2.916183e-01 
       1.114945e-01 1.704667e-01 2.825613e-01 
       1.082512e-01 1.651939e-01 2.735579e-01 
       1.051233e-01 1.600057e-01 2.646099e-01 
       1.020843e-01 1.549169e-01 2.557470e-01 
       9.909222e-02 1.499073e-01 2.469593e-01 
       9.614670e-02 1.449555e-01 2.382458e-01 
       9.330523e-02 1.400506e-01 2.296108e-01 
       9.059439e-02 1.353077e-01 2.211103e-01 
       8.792845e-02 1.306815e-01 2.126583e-01 
       8.529240e-02 1.261380e-01 2.043567e-01 
       8.282290e-02 1.216811e-01 1.961427e-01 
       8.042128e-02 1.174402e-01 1.880823e-01 
       7.808617e-02 1.133891e-01 1.801136e-01 
       7.590451e-02 1.094656e-01 1.723372e-01 
       7.388488e-02 1.056859e-01 1.647359e-01 
       7.186026e-02 1.021343e-01 1.573039e-01 
       6.998210e-02 9.881909e-02 1.501173e-01 
       6.822566e-02 9.573311e-02 1.431111e-01 
       6.653684e-02 9.286124e-02 1.363207e-01 
       6.495478e-02 9.027641e-02 1.298864e-01 
       6.326692e-02 8.789684e-02 1.236217e-01 
       6.132914e-02 8.571265e-02 1.177429e-01 
       5.954929e-02 8.400500e-02 1.121749e-01 
       5.750935e-02 8.253751e-02 1.069313e-01 
       5.568376e-02 8.147502e-02 1.019709e-01 
       5.386023e-02 8.075901e-02 9.741819e-02 
       5.223013e-02 8.048089e-02 9.317056e-02 
       5.091349e-02 8.062504e-02 8.927125e-02 
       4.994295e-02 8.119756e-02 8.551327e-02 
       4.935288e-02 8.218005e-02 8.218902e-02 
       4.907910e-02 8.346393e-02 7.900863e-02 
       4.915538e-02 8.514111e-02 7.627433e-02 
       4.955605e-02 8.722575e-02 7.399974e-02 
       5.026693e-02 8.951200e-02 7.201880e-02 
       5.132237e-02 9.210711e-02 7.049999e-02 
       5.267078e-02 9.493058e-02 6.949566e-02 
       5.431152e-02 9.791372e-02 6.883370e-02 
       5.623963e-02 1.010258e-01 6.857853e-02 
       5.819468e-02 1.043156e-01 6.874129e-02 
       6.029044e-02 1.078732e-01 6.925987e-02 
       6.217552e-02 1.117225e-01 7.000003e-02 
       6.392770e-02 1.157777e-01 7.109528e-02 
       6.547531e-02 1.200521e-01 7.234717e-02 
       6.683774e-02 1.245878e-01 7.390793e-02 
       6.826787e-02 1.293024e-01 7.550280e-02 
       6.979217e-02 1.341823e-01 7.726849e-02 
       7.143643e-02 1.391313e-01 7.917266e-02 
       7.320629e-02 1.442768e-01 8.119522e-02 
       7.503488e-02 1.495175e-01 8.318761e-02 
       7.699369e-02 1.548305e-01 8.528784e-02 
       7.907332e-02 1.602499e-01 8.758361e-02 
       8.128170e-02 1.657939e-01 8.989301e-02 
       8.348436e-02 1.714344e-01 9.232047e-02 
       8.572781e-02 1.771568e-01 9.488206e-02 
       8.815637e-02 1.829215e-01 9.745188e-02 
       9.058387e-02 1.888048e-01 1.001203e-01 
       9.301917e-02 1.947466e-01 1.029031e-01 
       9.561686e-02 2.007044e-01 1.057215e-01 
       9.823690e-02 2.068051e-01 1.085776e-01 
       1.008552e-01 2.128920e-01 1.115673e-01 
       1.035995e-01 2.190822e-01 1.145061e-01 
       1.063648e-01 2.252986e-01 1.175818e-01 
       1.091385e-01 2.315959e-01 1.206616e-01 
       1.119737e-01 2.379126e-01 1.237977e-01 
       1.147891e-01 2.442606e-01 1.269761e-01 
       1.177270e-01 2.506862e-01 1.302550e-01 
       1.206408e-01 2.571506e-01 1.334722e-01 
       1.236028e-01 2.636557e-01 1.367368e-01 
       1.266163e-01 2.701875e-01 1.400398e-01 
       1.296582e-01 2.767524e-01 1.434057e-01 
       1.326929e-01 2.833538e-01 1.467504e-01 
       1.357247e-01 2.899845e-01 1.501706e-01 
