function tokyo = tokyo()
tokyo = [ ... 
       1.038736e-01 5.680514e-02 2.024302e-01 
       1.097545e-01 5.910427e-02 2.056355e-01 
       1.156634e-01 6.104579e-02 2.088431e-01 
       1.215978e-01 6.305544e-02 2.120915e-01 
       1.275748e-01 6.493462e-02 2.153115e-01 
       1.335147e-01 6.689541e-02 2.185809e-01 
       1.393863e-01 6.893870e-02 2.218397e-01 
       1.453463e-01 7.089387e-02 2.251217e-01 
       1.511927e-01 7.293811e-02 2.284526e-01 
       1.570772e-01 7.496958e-02 2.317705e-01 
       1.629794e-01 7.703794e-02 2.351105e-01 
       1.688634e-01 7.918797e-02 2.384351e-01 
       1.747462e-01 8.143462e-02 2.418231e-01 
       1.806092e-01 8.363860e-02 2.451937e-01 
       1.865203e-01 8.584252e-02 2.486333e-01 
       1.924247e-01 8.822124e-02 2.520564e-01 
       1.983342e-01 9.058627e-02 2.555031e-01 
       2.042934e-01 9.294866e-02 2.589801e-01 
       2.102112e-01 9.547896e-02 2.624608e-01 
       2.161858e-01 9.801840e-02 2.659794e-01 
       2.221239e-01 1.005640e-01 2.695149e-01 
       2.281210e-01 1.032532e-01 2.730581e-01 
       2.340964e-01 1.059647e-01 2.766362e-01 
       2.400875e-01 1.087080e-01 2.802124e-01 
       2.461009e-01 1.115936e-01 2.838285e-01 
       2.521394e-01 1.144533e-01 2.874524e-01 
       2.581526e-01 1.174641e-01 2.911166e-01 
       2.642096e-01 1.205187e-01 2.947691e-01 
       2.702595e-01 1.236492e-01 2.984536e-01 
       2.763070e-01 1.268652e-01 3.021454e-01 
       2.823555e-01 1.302115e-01 3.058836e-01 
       2.883868e-01 1.335410e-01 3.096047e-01 
       2.944245e-01 1.369726e-01 3.133310e-01 
       3.004631e-01 1.404943e-01 3.170723e-01 
       3.065058e-01 1.440827e-01 3.208318e-01 
       3.124965e-01 1.477502e-01 3.245722e-01 
       3.185036e-01 1.514683e-01 3.283400e-01 
       3.244696e-01 1.552923e-01 3.321067e-01 
       3.304237e-01 1.591763e-01 3.358602e-01 
       3.363370e-01 1.631483e-01 3.396262e-01 
       3.422320e-01 1.671746e-01 3.433686e-01 
       3.480758e-01 1.712436e-01 3.471139e-01 
       3.538692e-01 1.753992e-01 3.508431e-01 
       3.596311e-01 1.796152e-01 3.545535e-01 
       3.653312e-01 1.838886e-01 3.582436e-01 
       3.709719e-01 1.882480e-01 3.619246e-01 
       3.765728e-01 1.926071e-01 3.655727e-01 
       3.820770e-01 1.970551e-01 3.692024e-01 
       3.875251e-01 2.015012e-01 3.727943e-01 
       3.929016e-01 2.060573e-01 3.763756e-01 
       3.982038e-01 2.105949e-01 3.799002e-01 
       4.034165e-01 2.151763e-01 3.834039e-01 
       4.085361e-01 2.198171e-01 3.868482e-01 
       4.135736e-01 2.244336e-01 3.902664e-01 
       4.185070e-01 2.291265e-01 3.936413e-01 
       4.233512e-01 2.338015e-01 3.969636e-01 
       4.281051e-01 2.385039e-01 4.002533e-01 
       4.327499e-01 2.432150e-01 4.034841e-01 
       4.372903e-01 2.479622e-01 4.066578e-01 
       4.417215e-01 2.526744e-01 4.097860e-01 
       4.460338e-01 2.573942e-01 4.128605e-01 
       4.502557e-01 2.621135e-01 4.158658e-01 
       4.543649e-01 2.668207e-01 4.188235e-01 
       4.583517e-01 2.715199e-01 4.217204e-01 
       4.622337e-01 2.762360e-01 4.245735e-01 
       4.660023e-01 2.808834e-01 4.273661e-01 
       4.696767e-01 2.855452e-01 4.300874e-01 
       4.732104e-01 2.901890e-01 4.327604e-01 
       4.766589e-01 2.948094e-01 4.353749e-01 
       4.799953e-01 2.994207e-01 4.379279e-01 
       4.832113e-01 3.039787e-01 4.404133e-01 
       4.863315e-01 3.085352e-01 4.428592e-01 
       4.893422e-01 3.130460e-01 4.452365e-01 
       4.922586e-01 3.175368e-01 4.475563e-01 
       4.950744e-01 3.219960e-01 4.498370e-01 
       4.977938e-01 3.264171e-01 4.520610e-01 
       5.003986e-01 3.308186e-01 4.542228e-01 
       5.029188e-01 3.352099e-01 4.563307e-01 
       5.053506e-01 3.395449e-01 4.583947e-01 
       5.077057e-01 3.438336e-01 4.604026e-01 
       5.099584e-01 3.481189e-01 4.623726e-01 
       5.121319e-01 3.523582e-01 4.643066e-01 
       5.142351e-01 3.565817e-01 4.661682e-01 
       5.162390e-01 3.607475e-01 4.680000e-01 
       5.181913e-01 3.649095e-01 4.697997e-01 
       5.200497e-01 3.690417e-01 4.715464e-01 
       5.218484e-01 3.731303e-01 4.732413e-01 
       5.235908e-01 3.772052e-01 4.749286e-01 
       5.252572e-01 3.812504e-01 4.765556e-01 
       5.268702e-01 3.852502e-01 4.781537e-01 
       5.284139e-01 3.892484e-01 4.797264e-01 
       5.299050e-01 3.932060e-01 4.812512e-01 
       5.313408e-01 3.971426e-01 4.827573e-01 
       5.327305e-01 4.010746e-01 4.842265e-01 
       5.340591e-01 4.049544e-01 4.856733e-01 
       5.353504e-01 4.088306e-01 4.870993e-01 
       5.366064e-01 4.126921e-01 4.884919e-01 
       5.378096e-01 4.165167e-01 4.898532e-01 
       5.389696e-01 4.203255e-01 4.912146e-01 
       5.400905e-01 4.241201e-01 4.925214e-01 
       5.411777e-01 4.279060e-01 4.938288e-01 
       5.422378e-01 4.316731e-01 4.951139e-01 
       5.432622e-01 4.354174e-01 4.963669e-01 
       5.442525e-01 4.391364e-01 4.976283e-01 
       5.452169e-01 4.428641e-01 4.988514e-01 
       5.461581e-01 4.465652e-01 5.000555e-01 
       5.470618e-01 4.502592e-01 5.012639e-01 
       5.479502e-01 4.539395e-01 5.024409e-01 
       5.488174e-01 4.576074e-01 5.036090e-01 
       5.496547e-01 4.612721e-01 5.047735e-01 
       5.504758e-01 4.649233e-01 5.059062e-01 
       5.512793e-01 4.685643e-01 5.070468e-01 
       5.520680e-01 4.722048e-01 5.081788e-01 
       5.528304e-01 4.758310e-01 5.092860e-01 
       5.535813e-01 4.794508e-01 5.103855e-01 
       5.543264e-01 4.830576e-01 5.114791e-01 
       5.550484e-01 4.866686e-01 5.125671e-01 
       5.557554e-01 4.902736e-01 5.136516e-01 
       5.564618e-01 4.938706e-01 5.147220e-01 
       5.571623e-01 4.974700e-01 5.157756e-01 
       5.578349e-01 5.010574e-01 5.168434e-01 
       5.585002e-01 5.046470e-01 5.178975e-01 
       5.591683e-01 5.082322e-01 5.189454e-01 
       5.598288e-01 5.118021e-01 5.199738e-01 
       5.604742e-01 5.153797e-01 5.210153e-01 
       5.611119e-01 5.189674e-01 5.220391e-01 
       5.617542e-01 5.225345e-01 5.230768e-01 
       5.623881e-01 5.261147e-01 5.240955e-01 
       5.630110e-01 5.296877e-01 5.251143e-01 
       5.636329e-01 5.332547e-01 5.261326e-01 
       5.642472e-01 5.368372e-01 5.271445e-01 
       5.648529e-01 5.404026e-01 5.281477e-01 
       5.654628e-01 5.439755e-01 5.291602e-01 
       5.660770e-01 5.475475e-01 5.301569e-01 
       5.666890e-01 5.511242e-01 5.311557e-01 
       5.672943e-01 5.546998e-01 5.321557e-01 
       5.678948e-01 5.582688e-01 5.331466e-01 
       5.684963e-01 5.618590e-01 5.341364e-01 
       5.690992e-01 5.654273e-01 5.351294e-01 
       5.697029e-01 5.690120e-01 5.361198e-01 
       5.703084e-01 5.726051e-01 5.371149e-01 
       5.709159e-01 5.761962e-01 5.381006e-01 
       5.715258e-01 5.797826e-01 5.390790e-01 
       5.721399e-01 5.833672e-01 5.400594e-01 
       5.727566e-01 5.869638e-01 5.410418e-01 
       5.733710e-01 5.905630e-01 5.420245e-01 
       5.739859e-01 5.941695e-01 5.430118e-01 
       5.746080e-01 5.977765e-01 5.439896e-01 
       5.752438e-01 6.013882e-01 5.449716e-01 
       5.758876e-01 6.050073e-01 5.459579e-01 
       5.765307e-01 6.086368e-01 5.469357e-01 
       5.771731e-01 6.122545e-01 5.479190e-01 
       5.778246e-01 6.158903e-01 5.489067e-01 
       5.784942e-01 6.195372e-01 5.498877e-01 
       5.791768e-01 6.231825e-01 5.508747e-01 
       5.798659e-01 6.268320e-01 5.518684e-01 
       5.805608e-01 6.305003e-01 5.528550e-01 
       5.812701e-01 6.341717e-01 5.538518e-01 
       5.819953e-01 6.378464e-01 5.548541e-01 
       5.827370e-01 6.415320e-01 5.558514e-01 
       5.834970e-01 6.452317e-01 5.568746e-01 
       5.842764e-01 6.489494e-01 5.578854e-01 
       5.850791e-01 6.526656e-01 5.589067e-01 
       5.858988e-01 6.564099e-01 5.599472e-01 
       5.867358e-01 6.601545e-01 5.609818e-01 
       5.876019e-01 6.639223e-01 5.620430e-01 
       5.884970e-01 6.677031e-01 5.631038e-01 
       5.894242e-01 6.714944e-01 5.641779e-01 
       5.903861e-01 6.753107e-01 5.652562e-01 
