function turku = turku()
turku = [ ... 
       6.321565e-05 5.167097e-06 3.583044e-05 
       7.289662e-03 7.204112e-03 6.547953e-03 
       1.470995e-02 1.459744e-02 1.324547e-02 
       2.193485e-02 2.179445e-02 1.975536e-02 
       2.915884e-02 2.899078e-02 2.625224e-02 
       3.656977e-02 3.637491e-02 3.274818e-02 
       4.358622e-02 4.335943e-02 3.941675e-02 
       5.016752e-02 4.995943e-02 4.555642e-02 
       5.620271e-02 5.596109e-02 5.127407e-02 
       6.171240e-02 6.146276e-02 5.664292e-02 
       6.699173e-02 6.674559e-02 6.150610e-02 
       7.192119e-02 7.169385e-02 6.622641e-02 
       7.655194e-02 7.629619e-02 7.064151e-02 
       8.105637e-02 8.077685e-02 7.482787e-02 
       8.527622e-02 8.502074e-02 7.879063e-02 
       8.939790e-02 8.910953e-02 8.266019e-02 
       9.327399e-02 9.297307e-02 8.628842e-02 
       9.712038e-02 9.685885e-02 8.982488e-02 
       1.010376e-01 1.007857e-01 9.314107e-02 
       1.049419e-01 1.046722e-01 9.648189e-02 
       1.089264e-01 1.086228e-01 9.986397e-02 
       1.129209e-01 1.126169e-01 1.032372e-01 
       1.168555e-01 1.165616e-01 1.065860e-01 
       1.208202e-01 1.204956e-01 1.099095e-01 
       1.248352e-01 1.244838e-01 1.132129e-01 
       1.288440e-01 1.284976e-01 1.164921e-01 
       1.328917e-01 1.325132e-01 1.197459e-01 
       1.369184e-01 1.365017e-01 1.229953e-01 
       1.409910e-01 1.405636e-01 1.262965e-01 
       1.450463e-01 1.446013e-01 1.295272e-01 
       1.490822e-01 1.486127e-01 1.327476e-01 
       1.531379e-01 1.526684e-01 1.359083e-01 
       1.572220e-01 1.567555e-01 1.390984e-01 
       1.613451e-01 1.608119e-01 1.422801e-01 
       1.653854e-01 1.648755e-01 1.454429e-01 
       1.695334e-01 1.689858e-01 1.485004e-01 
       1.736068e-01 1.730407e-01 1.515942e-01 
       1.777445e-01 1.771423e-01 1.546574e-01 
       1.818094e-01 1.812081e-01 1.576898e-01 
       1.859601e-01 1.853418e-01 1.606959e-01 
       1.900510e-01 1.894145e-01 1.637070e-01 
       1.941939e-01 1.935188e-01 1.666425e-01 
       1.982775e-01 1.976078e-01 1.695730e-01 
       2.023946e-01 2.016919e-01 1.724315e-01 
       2.065467e-01 2.058172e-01 1.752996e-01 
       2.106377e-01 2.099028e-01 1.781530e-01 
       2.147451e-01 2.140091e-01 1.809071e-01 
       2.188716e-01 2.181028e-01 1.836797e-01 
       2.229897e-01 2.221866e-01 1.864226e-01 
       2.270915e-01 2.262976e-01 1.891239e-01 
       2.311999e-01 2.303584e-01 1.917831e-01 
       2.353088e-01 2.344704e-01 1.944501e-01 
       2.393931e-01 2.385279e-01 1.970433e-01 
       2.434704e-01 2.426088e-01 1.995805e-01 
       2.475814e-01 2.466871e-01 2.021268e-01 
       2.516712e-01 2.507613e-01 2.046576e-01 
       2.557356e-01 2.548452e-01 2.071335e-01 
       2.598222e-01 2.589004e-01 2.095621e-01 
       2.639001e-01 2.629537e-01 2.119943e-01 
       2.679378e-01 2.669918e-01 2.143620e-01 
       2.719969e-01 2.710560e-01 2.167244e-01 
       2.760868e-01 2.750957e-01 2.190360e-01 
       2.801178e-01 2.791442e-01 2.213302e-01 
       2.841638e-01 2.831745e-01 2.235867e-01 
       2.882073e-01 2.871877e-01 2.258329e-01 
       2.922505e-01 2.912324e-01 2.280390e-01 
       2.962863e-01 2.952400e-01 2.301899e-01 
       3.003118e-01 2.992729e-01 2.323658e-01 
       3.043412e-01 3.032695e-01 2.345035e-01 
       3.083702e-01 3.072834e-01 2.366076e-01 
       3.123777e-01 3.112968e-01 2.386626e-01 
       3.164178e-01 3.153021e-01 2.407161e-01 
       3.204413e-01 3.193041e-01 2.427556e-01 
       3.244378e-01 3.233041e-01 2.447641e-01 
       3.284624e-01 3.272905e-01 2.467695e-01 
       3.324881e-01 3.312805e-01 2.487606e-01 
       3.364864e-01 3.352972e-01 2.507013e-01 
       3.405110e-01 3.392864e-01 2.526478e-01 
       3.445210e-01 3.432716e-01 2.545800e-01 
       3.485486e-01 3.472647e-01 2.564674e-01 
       3.525716e-01 3.512483e-01 2.583597e-01 
       3.566051e-01 3.552476e-01 2.602482e-01 
       3.606196e-01 3.592203e-01 2.621146e-01 
       3.646655e-01 3.632115e-01 2.639833e-01 
       3.687206e-01 3.672047e-01 2.658237e-01 
       3.727616e-01 3.711954e-01 2.676353e-01 
       3.768355e-01 3.751948e-01 2.694956e-01 
       3.809071e-01 3.791981e-01 2.713032e-01 
       3.849748e-01 3.832080e-01 2.731274e-01 
       3.890797e-01 3.872014e-01 2.749328e-01 
       3.931790e-01 3.912248e-01 2.767519e-01 
       3.973001e-01 3.952354e-01 2.785568e-01 
       4.014416e-01 3.992430e-01 2.803463e-01 
       4.056023e-01 4.032800e-01 2.821750e-01 
       4.097743e-01 4.073046e-01 2.839670e-01 
       4.139631e-01 4.113393e-01 2.857687e-01 
       4.181732e-01 4.153821e-01 2.875870e-01 
       4.224090e-01 4.194366e-01 2.894229e-01 
       4.266804e-01 4.234814e-01 2.912505e-01 
       4.309746e-01 4.275573e-01 2.930704e-01 
       4.352970e-01 4.316296e-01 2.949128e-01 
       4.396385e-01 4.357040e-01 2.967824e-01 
       4.440246e-01 4.397855e-01 2.986392e-01 
       4.484359e-01 4.438825e-01 3.005141e-01 
       4.528898e-01 4.479741e-01 3.024040e-01 
       4.573710e-01 4.520976e-01 3.043233e-01 
       4.619038e-01 4.562067e-01 3.062694e-01 
       4.664742e-01 4.603279e-01 3.082005e-01 
       4.710927e-01 4.644793e-01 3.101848e-01 
       4.757553e-01 4.686128e-01 3.121494e-01 
       4.804585e-01 4.727597e-01 3.141793e-01 
       4.852145e-01 4.769198e-01 3.162302e-01 
       4.900296e-01 4.810788e-01 3.182887e-01 
       4.949025e-01 4.852489e-01 3.203969e-01 
       4.998130e-01 4.894230e-01 3.225184e-01 
       5.048041e-01 4.936060e-01 3.246586e-01 
       5.098389e-01 4.978000e-01 3.268470e-01 
       5.149410e-01 5.019777e-01 3.290892e-01 
       5.200964e-01 5.061528e-01 3.313262e-01 
       5.253292e-01 5.103400e-01 3.336383e-01 
       5.306194e-01 5.145270e-01 3.359612e-01 
       5.359711e-01 5.187034e-01 3.383268e-01 
       5.413879e-01 5.228666e-01 3.407458e-01 
       5.468822e-01 5.270272e-01 3.432001e-01 
       5.524341e-01 5.311663e-01 3.456765e-01 
       5.580423e-01 5.352914e-01 3.482166e-01 
       5.637322e-01 5.394008e-01 3.507972e-01 
       5.694631e-01 5.434930e-01 3.533995e-01 
       5.752698e-01 5.475521e-01 3.560637e-01 
       5.811287e-01 5.515879e-01 3.587453e-01 
       5.870439e-01 5.555758e-01 3.614925e-01 
       5.930201e-01 5.595434e-01 3.642644e-01 
       5.990355e-01 5.634640e-01 3.670831e-01 
       6.050956e-01 5.673311e-01 3.699339e-01 
       6.112034e-01 5.711422e-01 3.728244e-01 
       6.173391e-01 5.749017e-01 3.757532e-01 
       6.235145e-01 5.786043e-01 3.787119e-01 
       6.297018e-01 5.822363e-01 3.817029e-01 
       6.359190e-01 5.858082e-01 3.847155e-01 
       6.421457e-01 5.892850e-01 3.877611e-01 
       6.483747e-01 5.927056e-01 3.908391e-01 
       6.546061e-01 5.960227e-01 3.939224e-01 
       6.608320e-01 5.992633e-01 3.970278e-01 
       6.670455e-01 6.024033e-01 4.001614e-01 
       6.732416e-01 6.054499e-01 4.033038e-01 
       6.794003e-01 6.084113e-01 4.064524e-01 
       6.855374e-01 6.112581e-01 4.096100e-01 
       6.916259e-01 6.139961e-01 4.127794e-01 
       6.976685e-01 6.166463e-01 4.159354e-01 
       7.036650e-01 6.191843e-01 4.191052e-01 
       7.096035e-01 6.216000e-01 4.222609e-01 
       7.154791e-01 6.239279e-01 4.254338e-01 
       7.212789e-01 6.261319e-01 4.285882e-01 
       7.270181e-01 6.282397e-01 4.317481e-01 
       7.326848e-01 6.302341e-01 4.348860e-01 
       7.382641e-01 6.321225e-01 4.380206e-01 
       7.437723e-01 6.339127e-01 4.411350e-01 
       7.491902e-01 6.355919e-01 4.442613e-01 
       7.545376e-01 6.371823e-01 4.473543e-01 
       7.597851e-01 6.386711e-01 4.504581e-01 
       7.649611e-01 6.400739e-01 4.535426e-01 
       7.700420e-01 6.413770e-01 4.566247e-01 
       7.750418e-01 6.426098e-01 4.597034e-01 
       7.799604e-01 6.437521e-01 4.627664e-01 
       7.847998e-01 6.448244e-01 4.658379e-01 
       7.895528e-01 6.458279e-01 4.689202e-01 
       7.942307e-01 6.467708e-01 4.719959e-01 
       7.988289e-01 6.476460e-01 4.750778e-01 
       8.033527e-01 6.484712e-01 4.781575e-01 
