function vanimo = vanimo()
vanimo = [ ... 
       1 8.034575e-01 9.921535e-01 
       9.939655e-01 7.919706e-01 9.837397e-01 
       9.879105e-01 7.805175e-01 9.753499e-01 
       9.818511e-01 7.691034e-01 9.669940e-01 
       9.757782e-01 7.577422e-01 9.586675e-01 
       9.697071e-01 7.464273e-01 9.503718e-01 
       9.636312e-01 7.351728e-01 9.421144e-01 
       9.575545e-01 7.239721e-01 9.338865e-01 
       9.514733e-01 7.128356e-01 9.257048e-01 
       9.453927e-01 7.017672e-01 9.175603e-01 
       9.393076e-01 6.907680e-01 9.094460e-01 
       9.332179e-01 6.798398e-01 9.013739e-01 
       9.271312e-01 6.689912e-01 8.933380e-01 
       9.210417e-01 6.582114e-01 8.853436e-01 
       9.149518e-01 6.475067e-01 8.773822e-01 
       9.088571e-01 6.368878e-01 8.694612e-01 
       9.027616e-01 6.263406e-01 8.615757e-01 
       8.966590e-01 6.158818e-01 8.537221e-01 
       8.905477e-01 6.055050e-01 8.459095e-01 
       8.844358e-01 5.952217e-01 8.381339e-01 
       8.783133e-01 5.850296e-01 8.303898e-01 
       8.721864e-01 5.749149e-01 8.226792e-01 
       8.660460e-01 5.649005e-01 8.149987e-01 
       8.598985e-01 5.549870e-01 8.073559e-01 
       8.537323e-01 5.451685e-01 7.997450e-01 
       8.475605e-01 5.354411e-01 7.921579e-01 
       8.413769e-01 5.258279e-01 7.846099e-01 
       8.351738e-01 5.163045e-01 7.770881e-01 
       8.289580e-01 5.068988e-01 7.695877e-01 
       8.227195e-01 4.976081e-01 7.621230e-01 
       8.164652e-01 4.884149e-01 7.546934e-01 
       8.101842e-01 4.793397e-01 7.472826e-01 
       8.038911e-01 4.703826e-01 7.399037e-01 
       7.975695e-01 4.615432e-01 7.325477e-01 
       7.912286e-01 4.528310e-01 7.252206e-01 
       7.848666e-01 4.442421e-01 7.179163e-01 
       7.784730e-01 4.357786e-01 7.106409e-01 
       7.720575e-01 4.274502e-01 7.033917e-01 
       7.656182e-01 4.192491e-01 6.961697e-01 
       7.591434e-01 4.111848e-01 6.889741e-01 
       7.526442e-01 4.032668e-01 6.817914e-01 
       7.461202e-01 3.954857e-01 6.746463e-01 
       7.395694e-01 3.878344e-01 6.675226e-01 
       7.329723e-01 3.803397e-01 6.604094e-01 
       7.263396e-01 3.729694e-01 6.533140e-01 
       7.196662e-01 3.657470e-01 6.462332e-01 
       7.129340e-01 3.586387e-01 6.391525e-01 
       7.061534e-01 3.516643e-01 6.320639e-01 
       6.992900e-01 3.448066e-01 6.249554e-01 
       6.923589e-01 3.380417e-01 6.178151e-01 
       6.853193e-01 3.313732e-01 6.106374e-01 
       6.781739e-01 3.247941e-01 6.034006e-01 
       6.709096e-01 3.182965e-01 5.960909e-01 
       6.635148e-01 3.118429e-01 5.886997e-01 
       6.559757e-01 3.054902e-01 5.812300e-01 
       6.482812e-01 2.991667e-01 5.736631e-01 
       6.404465e-01 2.928874e-01 5.659922e-01 
       6.324494e-01 2.866696e-01 5.582160e-01 
       6.242977e-01 2.805116e-01 5.503473e-01 
       6.159825e-01 2.744215e-01 5.423683e-01 
       6.075212e-01 2.683842e-01 5.342805e-01 
       5.988939e-01 2.624042e-01 5.261024e-01 
       5.901157e-01 2.564793e-01 5.178206e-01 
       5.811974e-01 2.506276e-01 5.094380e-01 
       5.721367e-01 2.448347e-01 5.009691e-01 
       5.629370e-01 2.391374e-01 4.924033e-01 
       5.535897e-01 2.334826e-01 4.837574e-01 
       5.441272e-01 2.279485e-01 4.750460e-01 
       5.345367e-01 2.224547e-01 4.662339e-01 
       5.248293e-01 2.170563e-01 4.573608e-01 
       5.150099e-01 2.117407e-01 4.484256e-01 
       5.050837e-01 2.065104e-01 4.394197e-01 
       4.950677e-01 2.013121e-01 4.303646e-01 
       4.849467e-01 1.962789e-01 4.212462e-01 
       4.747643e-01 1.912751e-01 4.121001e-01 
       4.644964e-01 1.863947e-01 4.029005e-01 
       4.541534e-01 1.815724e-01 3.936681e-01 
       4.437598e-01 1.768762e-01 3.844103e-01 
       4.333080e-01 1.722532e-01 3.751321e-01 
       4.228210e-01 1.677327e-01 3.658479e-01 
       4.123220e-01 1.633216e-01 3.565534e-01 
       4.017753e-01 1.589733e-01 3.472590e-01 
       3.912486e-01 1.547148e-01 3.379554e-01 
       3.807104e-01 1.505759e-01 3.286945e-01 
       3.701750e-01 1.465116e-01 3.194463e-01 
       3.596854e-01 1.425785e-01 3.102452e-01 
       3.492306e-01 1.387207e-01 3.010598e-01 
       3.388293e-01 1.349894e-01 2.919643e-01 
       3.284942e-01 1.313301e-01 2.829297e-01 
       3.182414e-01 1.277768e-01 2.739627e-01 
       3.080836e-01 1.243109e-01 2.650782e-01 
       2.980470e-01 1.209691e-01 2.563111e-01 
       2.881506e-01 1.177755e-01 2.476827e-01 
       2.784139e-01 1.146247e-01 2.391569e-01 
       2.688455e-01 1.116866e-01 2.307878e-01 
       2.594568e-01 1.087747e-01 2.225877e-01 
       2.502459e-01 1.060514e-01 2.145477e-01 
       2.413058e-01 1.034131e-01 2.067292e-01 
       2.325815e-01 1.008570e-01 1.990499e-01 
       2.240995e-01 9.849413e-02 1.916317e-01 
       2.159280e-01 9.618248e-02 1.844343e-01 
       2.079872e-01 9.409788e-02 1.774810e-01 
       2.003220e-01 9.210228e-02 1.707240e-01 
       1.929931e-01 9.021015e-02 1.642548e-01 
       1.859576e-01 8.846114e-02 1.579892e-01 
       1.791824e-01 8.686060e-02 1.519717e-01 
       1.727165e-01 8.531002e-02 1.462327e-01 
       1.665767e-01 8.401716e-02 1.407516e-01 
       1.607011e-01 8.274474e-02 1.354627e-01 
       1.551455e-01 8.168283e-02 1.304934e-01 
       1.499023e-01 8.065295e-02 1.257036e-01 
       1.449264e-01 7.978020e-02 1.211209e-01 
       1.402043e-01 7.903732e-02 1.168480e-01 
       1.357781e-01 7.842647e-02 1.128150e-01 
       1.316847e-01 7.794360e-02 1.089401e-01 
       1.278247e-01 7.758556e-02 1.052943e-01 
       1.242163e-01 7.733153e-02 1.019026e-01 
       1.209126e-01 7.716081e-02 9.872439e-02 
       1.179250e-01 7.708761e-02 9.573934e-02 
       1.151243e-01 7.712411e-02 9.292144e-02 
       1.126699e-01 7.727828e-02 9.034426e-02 
       1.104205e-01 7.755746e-02 8.785826e-02 
       1.083548e-01 7.796825e-02 8.543075e-02 
       1.066498e-01 7.851564e-02 8.323336e-02 
       1.050008e-01 7.920671e-02 8.118500e-02 
       1.036757e-01 8.004799e-02 7.920237e-02 
       1.024544e-01 8.103615e-02 7.740811e-02 
       1.014330e-01 8.217265e-02 7.579321e-02 
       1.006016e-01 8.334300e-02 7.434374e-02 
       9.995749e-02 8.473322e-02 7.302149e-02 
       9.949177e-02 8.617420e-02 7.179905e-02 
       9.920356e-02 8.786835e-02 7.071587e-02 
       9.909171e-02 8.963142e-02 6.981259e-02 
       9.915437e-02 9.158185e-02 6.904741e-02 
       9.938450e-02 9.359671e-02 6.833666e-02 
       9.975925e-02 9.587068e-02 6.777558e-02 
       1.002909e-01 9.836774e-02 6.735142e-02 
       1.009862e-01 1.010047e-01 6.705638e-02 
       1.018504e-01 1.039032e-01 6.689068e-02 
       1.028967e-01 1.070153e-01 6.685341e-02 
       1.040711e-01 1.103132e-01 6.694243e-02 
       1.054271e-01 1.137992e-01 6.715457e-02 
       1.070078e-01 1.175026e-01 6.748504e-02 
       1.086636e-01 1.214186e-01 6.792872e-02 
       1.105899e-01 1.256112e-01 6.849026e-02 
       1.126536e-01 1.299820e-01 6.916166e-02 
       1.148259e-01 1.345295e-01 6.984187e-02 
       1.172525e-01 1.392336e-01 7.061013e-02 
       1.198466e-01 1.442199e-01 7.152779e-02 
       1.225902e-01 1.493664e-01 7.240251e-02 
       1.255783e-01 1.546710e-01 7.346303e-02 
       1.286663e-01 1.601530e-01 7.442895e-02 
       1.319648e-01 1.658381e-01 7.545114e-02 
       1.353966e-01 1.716880e-01 7.649935e-02 
       1.389814e-01 1.777137e-01 7.761527e-02 
       1.427333e-01 1.838216e-01 7.881413e-02 
       1.465765e-01 1.901033e-01 8.009784e-02 
       1.505807e-01 1.965364e-01 8.147286e-02 
       1.546789e-01 2.030402e-01 8.282033e-02 
       1.589144e-01 2.096789e-01 8.431529e-02 
       1.632420e-01 2.164403e-01 8.572567e-02 
       1.676433e-01 2.232609e-01 8.737811e-02 
       1.721412e-01 2.301459e-01 8.895467e-02 
       1.767285e-01 2.371703e-01 9.061683e-02 
       1.813856e-01 2.441838e-01 9.231379e-02 
       1.861493e-01 2.513197e-01 9.407052e-02 
       1.909250e-01 2.584590e-01 9.583893e-02 
       1.957836e-01 2.656665e-01 9.770174e-02 
       2.006662e-01 2.728962e-01 9.953859e-02 
