function vik = vik()
vik = [ ... 
       1.328235e-03 6.983590e-02 3.795289e-01 
       2.366405e-03 7.647511e-02 3.835175e-01 
       3.304186e-03 8.308340e-02 3.874871e-01 
       4.145865e-03 8.958998e-02 3.914774e-01 
       4.896848e-03 9.594793e-02 3.954526e-01 
       5.563224e-03 1.022741e-01 3.994087e-01 
       6.151213e-03 1.085005e-01 4.033877e-01 
       6.667591e-03 1.146857e-01 4.073392e-01 
       7.119162e-03 1.208450e-01 4.112883e-01 
       7.511588e-03 1.269580e-01 4.152297e-01 
       7.850273e-03 1.330676e-01 4.191656e-01 
       8.141265e-03 1.390923e-01 4.230795e-01 
       8.391196e-03 1.451706e-01 4.270060e-01 
       8.605694e-03 1.511437e-01 4.309103e-01 
       8.789502e-03 1.571398e-01 4.348093e-01 
       8.946617e-03 1.631524e-01 4.386909e-01 
       9.080210e-03 1.691422e-01 4.425866e-01 
       9.193480e-03 1.751025e-01 4.464592e-01 
       9.289655e-03 1.810524e-01 4.503368e-01 
       9.371859e-03 1.870514e-01 4.542120e-01 
       9.443069e-03 1.930283e-01 4.580771e-01 
       9.506147e-03 1.989993e-01 4.619515e-01 
       9.563905e-03 2.050111e-01 4.658162e-01 
       9.619203e-03 2.110215e-01 4.697067e-01 
       9.675050e-03 2.170468e-01 4.735707e-01 
       9.734725e-03 2.230839e-01 4.774615e-01 
       9.801889e-03 2.291227e-01 4.813515e-01 
       9.880857e-03 2.352060e-01 4.852495e-01 
       9.977125e-03 2.412767e-01 4.891605e-01 
       1.009798e-02 2.473856e-01 4.930802e-01 
       1.025405e-02 2.535160e-01 4.970204e-01 
       1.046267e-02 2.596752e-01 5.009740e-01 
       1.075510e-02 2.658532e-01 5.049376e-01 
       1.117643e-02 2.720371e-01 5.089255e-01 
       1.171624e-02 2.782962e-01 5.129233e-01 
       1.228552e-02 2.845536e-01 5.169531e-01 
       1.293401e-02 2.908652e-01 5.209984e-01 
       1.378968e-02 2.972136e-01 5.250742e-01 
       1.483836e-02 3.035766e-01 5.291840e-01 
       1.613112e-02 3.100152e-01 5.333084e-01 
       1.771092e-02 3.164745e-01 5.374848e-01 
       1.963048e-02 3.229863e-01 5.416766e-01 
       2.194819e-02 3.295501e-01 5.459305e-01 
       2.472958e-02 3.361441e-01 5.502095e-01 
       2.804748e-02 3.428256e-01 5.545381e-01 
       3.198032e-02 3.495429e-01 5.589063e-01 
       3.681226e-02 3.563324e-01 5.633405e-01 
       4.222850e-02 3.631713e-01 5.678115e-01 
       4.800841e-02 3.700858e-01 5.723450e-01 
       5.429247e-02 3.770804e-01 5.769328e-01 
       6.096255e-02 3.841293e-01 5.815711e-01 
       6.808090e-02 3.912646e-01 5.862799e-01 
       7.545735e-02 3.984604e-01 5.910418e-01 
       8.324567e-02 4.057400e-01 5.958677e-01 
       9.142455e-02 4.130879e-01 6.007536e-01 
       9.983186e-02 4.204986e-01 6.056969e-01 
       1.085948e-01 4.279997e-01 6.107106e-01 
       1.176937e-01 4.355664e-01 6.157702e-01 
       1.270417e-01 4.431937e-01 6.208953e-01 
       1.367022e-01 4.508880e-01 6.260625e-01 
       1.466075e-01 4.586434e-01 6.312887e-01 
       1.567872e-01 4.664566e-01 6.365597e-01 
       1.671874e-01 4.743242e-01 6.418655e-01 
       1.778070e-01 4.822384e-01 6.472184e-01 
       1.886064e-01 4.901909e-01 6.525987e-01 
       1.995802e-01 4.981929e-01 6.580212e-01 
       2.107825e-01 5.062010e-01 6.634645e-01 
       2.221201e-01 5.142629e-01 6.689244e-01 
       2.336025e-01 5.223225e-01 6.744030e-01 
       2.452310e-01 5.304143e-01 6.798938e-01 
       2.569993e-01 5.385171e-01 6.854053e-01 
       2.688674e-01 5.466175e-01 6.909085e-01 
       2.807965e-01 5.547169e-01 6.964285e-01 
       2.928523e-01 5.628224e-01 7.019348e-01 
       3.049849e-01 5.709073e-01 7.074478e-01 
       3.171744e-01 5.789973e-01 7.129497e-01 
       3.294377e-01 5.870642e-01 7.184471e-01 
       3.417290e-01 5.951226e-01 7.239343e-01 
       3.540669e-01 6.031642e-01 7.294117e-01 
       3.664591e-01 6.111864e-01 7.348771e-01 
       3.788616e-01 6.191892e-01 7.403246e-01 
       3.913054e-01 6.271590e-01 7.457568e-01 
       4.037596e-01 6.351139e-01 7.511834e-01 
       4.162269e-01 6.430456e-01 7.565822e-01 
       4.287110e-01 6.509558e-01 7.619685e-01 
       4.411994e-01 6.588356e-01 7.673412e-01 
       4.536966e-01 6.666956e-01 7.726994e-01 
       4.661954e-01 6.745367e-01 7.780442e-01 
       4.786975e-01 6.823486e-01 7.833691e-01 
       4.912084e-01 6.901427e-01 7.886823e-01 
       5.036910e-01 6.979100e-01 7.939802e-01 
       5.161777e-01 7.056611e-01 7.992603e-01 
       5.286770e-01 7.133872e-01 8.045249e-01 
       5.411485e-01 7.210901e-01 8.097747e-01 
       5.536240e-01 7.287775e-01 8.150100e-01 
       5.660958e-01 7.364413e-01 8.202295e-01 
       5.785569e-01 7.440894e-01 8.254352e-01 
       5.910136e-01 7.517179e-01 8.306264e-01 
       6.034681e-01 7.593142e-01 8.357932e-01 
       6.159078e-01 7.668962e-01 8.409405e-01 
       6.283514e-01 7.744518e-01 8.460578e-01 
       6.407787e-01 7.819877e-01 8.511471e-01 
       6.532029e-01 7.894855e-01 8.562058e-01 
       6.656311e-01 7.969447e-01 8.612141e-01 
       6.780506e-01 8.043710e-01 8.661720e-01 
       6.904571e-01 8.117416e-01 8.710590e-01 
       7.028679e-01 8.190479e-01 8.758659e-01 
       7.152647e-01 8.262895e-01 8.805666e-01 
       7.276456e-01 8.334385e-01 8.851459e-01 
       7.400185e-01 8.404786e-01 8.895696e-01 
       7.523539e-01 8.473797e-01 8.938069e-01 
       7.646622e-01 8.541250e-01 8.978212e-01 
       7.769179e-01 8.606776e-01 9.015645e-01 
       7.890962e-01 8.669914e-01 9.049920e-01 
       8.011702e-01 8.730313e-01 9.080425e-01 
       8.131097e-01 8.787375e-01 9.106534e-01 
       8.248697e-01 8.840620e-01 9.127614e-01 
       8.363960e-01 8.889339e-01 9.143016e-01 
       8.476174e-01 8.932893e-01 9.151950e-01 
       8.584696e-01 8.970740e-01 9.153853e-01 
       8.688741e-01 9.002057e-01 9.148118e-01 
       8.787292e-01 9.026356e-01 9.134185e-01 
       8.879652e-01 9.043026e-01 9.111638e-01 
       8.964975e-01 9.051776e-01 9.080342e-01 
       9.042422e-01 9.052208e-01 9.040131e-01 
       9.111508e-01 9.044219e-01 8.991317e-01 
       9.171751e-01 9.028003e-01 8.934094e-01 
       9.222854e-01 9.003669e-01 8.869106e-01 
       9.264824e-01 8.971725e-01 8.796871e-01 
       9.297894e-01 8.932562e-01 8.718262e-01 
       9.322364e-01 8.886978e-01 8.633956e-01 
       9.338797e-01 8.835520e-01 8.544756e-01 
       9.347824e-01 8.778935e-01 8.451518e-01 
       9.350128e-01 8.717950e-01 8.354925e-01 
       9.346443e-01 8.653132e-01 8.255610e-01 
       9.337516e-01 8.585219e-01 8.154210e-01 
       9.324076e-01 8.514690e-01 8.051123e-01 
       9.306818e-01 8.442083e-01 7.946850e-01 
       9.286217e-01 8.367776e-01 7.841691e-01 
       9.262980e-01 8.292149e-01 7.735793e-01 
       9.237521e-01 8.215445e-01 7.629577e-01 
       9.210175e-01 8.137954e-01 7.523135e-01 
       9.181474e-01 8.059967e-01 7.416590e-01 
       9.151557e-01 7.981567e-01 7.310082e-01 
       9.120802e-01 7.902940e-01 7.203700e-01 
       9.089332e-01 7.824209e-01 7.097521e-01 
       9.057411e-01 7.745399e-01 6.991498e-01 
       9.025063e-01 7.666698e-01 6.885883e-01 
       8.992491e-01 7.588118e-01 6.780509e-01 
       8.959735e-01 7.509726e-01 6.675498e-01 
       8.926903e-01 7.431482e-01 6.570860e-01 
       8.894023e-01 7.353454e-01 6.466572e-01 
       8.861182e-01 7.275693e-01 6.362739e-01 
       8.828309e-01 7.198264e-01 6.259232e-01 
       8.795560e-01 7.121061e-01 6.156183e-01 
       8.762894e-01 7.044193e-01 6.053570e-01 
       8.730335e-01 6.967641e-01 5.951413e-01 
       8.697845e-01 6.891442e-01 5.849717e-01 
       8.665513e-01 6.815410e-01 5.748322e-01 
       8.633326e-01 6.739848e-01 5.647465e-01 
       8.601213e-01 6.664527e-01 5.547084e-01 
       8.569196e-01 6.589568e-01 5.447088e-01 
       8.537323e-01 6.514995e-01 5.347533e-01 
       8.505620e-01 6.440610e-01 5.248415e-01 
       8.474020e-01 6.366700e-01 5.149739e-01 
       8.442577e-01 6.292956e-01 5.051457e-01 
       8.411251e-01 6.219566e-01 4.953692e-01 
       8.380047e-01 6.146531e-01 4.856272e-01 
       8.348948e-01 6.073915e-01 4.759409e-01 
