function viko = viko()
viko = [ ... 
       3.097939e-01 1.008972e-01 2.384340e-01 
       3.069246e-01 1.030568e-01 2.431826e-01 
       3.040629e-01 1.052600e-01 2.480482e-01 
       3.012063e-01 1.076417e-01 2.529604e-01 
       2.983566e-01 1.101655e-01 2.579560e-01 
       2.955059e-01 1.127610e-01 2.630737e-01 
       2.926523e-01 1.154459e-01 2.682500e-01 
       2.897970e-01 1.183197e-01 2.735414e-01 
       2.869226e-01 1.212200e-01 2.789055e-01 
       2.840588e-01 1.243147e-01 2.843439e-01 
       2.811755e-01 1.275327e-01 2.898897e-01 
       2.783039e-01 1.308929e-01 2.955180e-01 
       2.754152e-01 1.343487e-01 3.012320e-01 
       2.724889e-01 1.379342e-01 3.070438e-01 
       2.695964e-01 1.416262e-01 3.129297e-01 
       2.666598e-01 1.454801e-01 3.189048e-01 
       2.637433e-01 1.494246e-01 3.249466e-01 
       2.607881e-01 1.534818e-01 3.310738e-01 
       2.578312e-01 1.577085e-01 3.372940e-01 
       2.549057e-01 1.620846e-01 3.435646e-01 
       2.519448e-01 1.665489e-01 3.499140e-01 
       2.489890e-01 1.711421e-01 3.563254e-01 
       2.460236e-01 1.758559e-01 3.627859e-01 
       2.430816e-01 1.807264e-01 3.693141e-01 
       2.401549e-01 1.857549e-01 3.758907e-01 
       2.372830e-01 1.908364e-01 3.825075e-01 
       2.343925e-01 1.960920e-01 3.891776e-01 
       2.315509e-01 2.014260e-01 3.958770e-01 
       2.287476e-01 2.069436e-01 4.025936e-01 
       2.259997e-01 2.125299e-01 4.093502e-01 
       2.233073e-01 2.182499e-01 4.161173e-01 
       2.207098e-01 2.240617e-01 4.228919e-01 
       2.181703e-01 2.299975e-01 4.296878e-01 
       2.157554e-01 2.360761e-01 4.364791e-01 
       2.134342e-01 2.422167e-01 4.432640e-01 
       2.112801e-01 2.484892e-01 4.500377e-01 
       2.092504e-01 2.548405e-01 4.567956e-01 
       2.074082e-01 2.612706e-01 4.635366e-01 
       2.057429e-01 2.677893e-01 4.702643e-01 
       2.042944e-01 2.744256e-01 4.769516e-01 
       2.030323e-01 2.811254e-01 4.836088e-01 
       2.020261e-01 2.879154e-01 4.902426e-01 
       2.012853e-01 2.947779e-01 4.968280e-01 
       2.008272e-01 3.017102e-01 5.033774e-01 
       2.006667e-01 3.087364e-01 5.098928e-01 
       2.008191e-01 3.158064e-01 5.163559e-01 
       2.012999e-01 3.229367e-01 5.227848e-01 
       2.021252e-01 3.301247e-01 5.291670e-01 
       2.033098e-01 3.373714e-01 5.354859e-01 
       2.048424e-01 3.446646e-01 5.417690e-01 
       2.067563e-01 3.520099e-01 5.480142e-01 
       2.090012e-01 3.594132e-01 5.542021e-01 
       2.116614e-01 3.668593e-01 5.603456e-01 
       2.146584e-01 3.743474e-01 5.664424e-01 
       2.180587e-01 3.818611e-01 5.724948e-01 
       2.218053e-01 3.894242e-01 5.784934e-01 
       2.259491e-01 3.970121e-01 5.844570e-01 
       2.304001e-01 4.046403e-01 5.903701e-01 
       2.352553e-01 4.123108e-01 5.962474e-01 
       2.403854e-01 4.199903e-01 6.020771e-01 
       2.458847e-01 4.277056e-01 6.078729e-01 
       2.517190e-01 4.354398e-01 6.136098e-01 
       2.578151e-01 4.431889e-01 6.193280e-01 
       2.642445e-01 4.509592e-01 6.249870e-01 
       2.709447e-01 4.587459e-01 6.306165e-01 
       2.779102e-01 4.665460e-01 6.361985e-01 
       2.851262e-01 4.743577e-01 6.417345e-01 
       2.926151e-01 4.821768e-01 6.472375e-01 
       3.003364e-01 4.899934e-01 6.526884e-01 
       3.082922e-01 4.978305e-01 6.581074e-01 
       3.164706e-01 5.056353e-01 6.634764e-01 
       3.248359e-01 5.134656e-01 6.687920e-01 
       3.334319e-01 5.212721e-01 6.740588e-01 
       3.421990e-01 5.290795e-01 6.792735e-01 
       3.511520e-01 5.368632e-01 6.844348e-01 
       3.602647e-01 5.446201e-01 6.895479e-01 
       3.695585e-01 5.523631e-01 6.945827e-01 
       3.790061e-01 5.600746e-01 6.995626e-01 
       3.886063e-01 5.677503e-01 7.044734e-01 
       3.983421e-01 5.753922e-01 7.093125e-01 
       4.082075e-01 5.829848e-01 7.140619e-01 
       4.181977e-01 5.905343e-01 7.187324e-01 
       4.283168e-01 5.980291e-01 7.233110e-01 
       4.385348e-01 6.054632e-01 7.277955e-01 
       4.488671e-01 6.128310e-01 7.321802e-01 
       4.592822e-01 6.201357e-01 7.364424e-01 
       4.697883e-01 6.273443e-01 7.405951e-01 
       4.803600e-01 6.344766e-01 7.446205e-01 
       4.910186e-01 6.415000e-01 7.485131e-01 
       5.017189e-01 6.484306e-01 7.522595e-01 
       5.124684e-01 6.552476e-01 7.558580e-01 
       5.232708e-01 6.619535e-01 7.592901e-01 
       5.340883e-01 6.685197e-01 7.625562e-01 
       5.449388e-01 6.749474e-01 7.656475e-01 
       5.557833e-01 6.812267e-01 7.685359e-01 
       5.666445e-01 6.873591e-01 7.712383e-01 
       5.774719e-01 6.933207e-01 7.737167e-01 
       5.882755e-01 6.990990e-01 7.759837e-01 
       5.990488e-01 7.046979e-01 7.780189e-01 
       6.097565e-01 7.100984e-01 7.798086e-01 
       6.204060e-01 7.152903e-01 7.813525e-01 
       6.309641e-01 7.202598e-01 7.826307e-01 
       6.414175e-01 7.250082e-01 7.836436e-01 
       6.517746e-01 7.295104e-01 7.843766e-01 
       6.619981e-01 7.337664e-01 7.848180e-01 
       6.720713e-01 7.377611e-01 7.849644e-01 
       6.819846e-01 7.414909e-01 7.848086e-01 
       6.917343e-01 7.449472e-01 7.843440e-01 
       7.012858e-01 7.481205e-01 7.835593e-01 
       7.106376e-01 7.509996e-01 7.824563e-01 
       7.197662e-01 7.535706e-01 7.810297e-01 
       7.286557e-01 7.558446e-01 7.792752e-01 
       7.373012e-01 7.578060e-01 7.771984e-01 
       7.456820e-01 7.594468e-01 7.747791e-01 
       7.537902e-01 7.607788e-01 7.720412e-01 
       7.616082e-01 7.617804e-01 7.689685e-01 
       7.691295e-01 7.624625e-01 7.655814e-01 
       7.763496e-01 7.628215e-01 7.618602e-01 
       7.832470e-01 7.628575e-01 7.578321e-01 
       7.898245e-01 7.625721e-01 7.534866e-01 
       7.960691e-01 7.619680e-01 7.488408e-01 
       8.019822e-01 7.610518e-01 7.439009e-01 
       8.075595e-01 7.598182e-01 7.386723e-01 
       8.127904e-01 7.582883e-01 7.331640e-01 
       8.176834e-01 7.564512e-01 7.273849e-01 
       8.222400e-01 7.543277e-01 7.213484e-01 
       8.264490e-01 7.519148e-01 7.150711e-01 
       8.303227e-01 7.492204e-01 7.085579e-01 
       8.338636e-01 7.462675e-01 7.018088e-01 
       8.370713e-01 7.430574e-01 6.948572e-01 
       8.399574e-01 7.395955e-01 6.877071e-01 
       8.425224e-01 7.358811e-01 6.803589e-01 
       8.447747e-01 7.319530e-01 6.728490e-01 
       8.467205e-01 7.277949e-01 6.651576e-01 
       8.483755e-01 7.234291e-01 6.573254e-01 
       8.497440e-01 7.188658e-01 6.493427e-01 
       8.508244e-01 7.141089e-01 6.412191e-01 
       8.516414e-01 7.091783e-01 6.329879e-01 
       8.522002e-01 7.040639e-01 6.246392e-01 
       8.525018e-01 6.987888e-01 6.161877e-01 
       8.525592e-01 6.933661e-01 6.076476e-01 
       8.523825e-01 6.877924e-01 5.990144e-01 
       8.519771e-01 6.820757e-01 5.903029e-01 
       8.513513e-01 6.762379e-01 5.815296e-01 
       8.505239e-01 6.702757e-01 5.727013e-01 
       8.494973e-01 6.641859e-01 5.638121e-01 
       8.482691e-01 6.579934e-01 5.548673e-01 
       8.468569e-01 6.516909e-01 5.458921e-01 
       8.452685e-01 6.452811e-01 5.368769e-01 
       8.435016e-01 6.387858e-01 5.278190e-01 
       8.415735e-01 6.321964e-01 5.187529e-01 
       8.394798e-01 6.255162e-01 5.096499e-01 
       8.372273e-01 6.187607e-01 5.005349e-01 
       8.348193e-01 6.119081e-01 4.914202e-01 
       8.322638e-01 6.049860e-01 4.822761e-01 
       8.295627e-01 5.979823e-01 4.731233e-01 
       8.267150e-01 5.909080e-01 4.639926e-01 
       8.237235e-01 5.837587e-01 4.548501e-01 
       8.205951e-01 5.765475e-01 4.456966e-01 
       8.173298e-01 5.692424e-01 4.365745e-01 
       8.139247e-01 5.618885e-01 4.274576e-01 
       8.103829e-01 5.544507e-01 4.183355e-01 
       8.067114e-01 5.469455e-01 4.092512e-01 
       8.028910e-01 5.393656e-01 4.001808e-01 
       7.989418e-01 5.317248e-01 3.911384e-01 
       7.948483e-01 5.240087e-01 3.821052e-01 
       7.906155e-01 5.162154e-01 3.731174e-01 
       7.862478e-01 5.083730e-01 3.641615e-01 
       7.817320e-01 5.004345e-01 3.552621e-01 
